Ice-Ice collection for the flat orientation.
Characteristic values taken from the peak of a fit
gamma distribution from 300 aggregates.
Minor axis taken as the smallest axis from the fit-ellipsoid
Order: phi, r, value
0.010 1.00 0.13
0.010 2.00 0.23
0.010 3.00 0.35
0.010 4.00 0.46
0.010 5.00 0.58
0.010 6.00 0.70
0.010 7.00 0.81
0.010 8.00 0.96
0.010 9.00 1.04
0.010 10.00 1.17
0.010 20.00 2.32
0.010 30.00 3.37
0.010 40.00 4.60
0.010 50.00 5.79
0.010 60.00 6.96
0.010 70.00 8.14
0.010 80.00 9.63
0.010 90.00 10.34
0.010 100.00 12.06
0.010 200.00 23.26
0.010 300.00 34.72
0.010 400.00 46.29
0.010 500.00 60.12
0.010 600.00 68.95
0.010 700.00 81.11
0.010 800.00 104.25
0.010 900.00 103.51
0.010 1000.00 120.66
0.016 1.00 0.16
0.016 2.00 0.33
0.016 3.00 0.48
0.016 4.00 0.64
0.016 5.00 0.80
0.016 6.00 0.96
0.016 7.00 1.17
0.016 8.00 1.34
0.016 9.00 1.44
0.016 10.00 1.61
0.016 20.00 3.19
0.016 30.00 4.81
0.016 40.00 6.44
0.016 50.00 8.30
0.016 60.00 9.53
0.016 70.00 11.71
0.016 80.00 12.81
0.016 90.00 14.95
0.016 100.00 16.60
0.016 200.00 31.96
0.016 300.00 47.96
0.016 400.00 63.91
0.016 500.00 83.63
0.016 600.00 92.89
0.016 700.00 111.80
0.016 800.00 133.18
0.016 900.00 145.15
0.016 1000.00 159.59
0.026 1.00 0.22
0.026 2.00 0.44
0.026 3.00 0.67
0.026 4.00 0.96
0.026 5.00 1.11
0.026 6.00 1.32
0.026 7.00 1.54
0.026 8.00 1.78
0.026 9.00 1.99
0.026 10.00 2.21
0.026 20.00 4.45
0.026 30.00 6.57
0.026 40.00 8.83
0.026 50.00 11.02
0.026 60.00 13.25
0.026 70.00 15.46
0.026 80.00 18.39
0.026 90.00 19.80
0.026 100.00 21.99
0.026 200.00 42.76
0.026 300.00 69.52
0.026 400.00 88.15
0.026 500.00 111.50
0.026 600.00 138.18
0.026 700.00 154.33
0.026 800.00 176.47
0.026 900.00 200.35
0.026 1000.00 218.53
0.043 1.00 0.44
0.043 2.00 0.85
0.043 3.00 1.28
0.043 4.00 1.78
0.043 5.00 2.16
0.043 6.00 2.37
0.043 7.00 2.70
0.043 8.00 3.22
0.043 9.00 3.85
0.043 10.00 4.32
0.043 20.00 8.79
0.043 30.00 12.79
0.043 40.00 16.11
0.043 50.00 19.83
0.043 60.00 25.83
0.043 70.00 29.56
0.043 80.00 35.04
0.043 90.00 38.78
0.043 100.00 42.94
0.043 200.00 87.96
0.043 300.00 130.44
0.043 400.00 159.30
0.043 500.00 197.26
0.043 600.00 230.16
0.043 700.00 301.12
0.043 800.00 344.08
0.043 900.00 392.23
0.043 1000.00 432.14
0.070 1.00 0.54
0.070 2.00 1.07
0.070 3.00 1.64
0.070 4.00 2.07
0.070 5.00 2.69
0.070 6.00 3.31
0.070 7.00 3.75
0.070 8.00 4.27
0.070 9.00 4.75
0.070 10.00 5.34
0.070 20.00 10.72
0.070 30.00 16.05
0.070 40.00 21.27
0.070 50.00 26.99
0.070 60.00 31.71
0.070 70.00 35.97
0.070 80.00 42.40
0.070 90.00 48.69
0.070 100.00 54.70
0.070 200.00 107.78
0.070 300.00 162.35
0.070 400.00 212.36
0.070 500.00 273.07
0.070 600.00 322.08
0.070 700.00 377.35
0.070 800.00 421.26
0.070 900.00 486.28
0.070 1000.00 543.81
0.113 1.00 0.71
0.113 2.00 1.41
0.113 3.00 2.12
0.113 4.00 2.84
0.113 5.00 3.31
0.113 6.00 4.23
0.113 7.00 4.81
0.113 8.00 5.72
0.113 9.00 6.46
0.113 10.00 7.13
0.113 20.00 14.51
0.113 30.00 21.84
0.113 40.00 28.48
0.113 50.00 34.94
0.113 60.00 42.79
0.113 70.00 49.68
0.113 80.00 56.78
0.113 90.00 64.76
0.113 100.00 67.05
0.113 200.00 144.52
0.113 300.00 210.16
0.113 400.00 280.54
0.113 500.00 351.84
0.113 600.00 433.03
0.113 700.00 499.60
0.113 800.00 573.39
0.113 900.00 644.28
0.113 1000.00 702.64
0.183 1.00 0.97
0.183 2.00 1.98
0.183 3.00 3.02
0.183 4.00 3.95
0.183 5.00 4.96
0.183 6.00 5.94
0.183 7.00 7.14
0.183 8.00 8.15
0.183 9.00 8.95
0.183 10.00 10.02
0.183 20.00 19.44
0.183 30.00 30.46
0.183 40.00 38.84
0.183 50.00 49.89
0.183 60.00 60.46
0.183 70.00 69.04
0.183 80.00 81.34
0.183 90.00 86.71
0.183 100.00 97.97
0.183 200.00 189.17
0.183 300.00 294.55
0.183 400.00 396.17
0.183 500.00 495.13
0.183 600.00 594.07
0.183 700.00 707.01
0.183 800.00 800.50
0.183 900.00 877.22
0.183 1000.00 983.58
0.298 1.00 1.28
0.298 2.00 2.58
0.298 3.00 3.58
0.298 4.00 5.04
0.298 5.00 6.25
0.298 6.00 7.60
0.298 7.00 9.08
0.298 8.00 10.21
0.298 9.00 11.57
0.298 10.00 12.52
0.298 20.00 25.61
0.298 30.00 38.81
0.298 40.00 51.46
0.298 50.00 62.43
0.298 60.00 77.54
0.298 70.00 88.09
0.298 80.00 100.61
0.298 90.00 107.35
0.298 100.00 124.07
0.298 200.00 259.12
0.298 300.00 358.33
0.298 400.00 508.31
0.298 500.00 640.94
0.298 600.00 763.22
0.298 700.00 894.33
0.298 800.00 989.85
0.298 900.00 1076.45
0.298 1000.00 1290.60
0.483 1.00 1.36
0.483 2.00 2.70
0.483 3.00 4.10
0.483 4.00 5.43
0.483 5.00 6.76
0.483 6.00 8.15
0.483 7.00 9.53
0.483 8.00 10.80
0.483 9.00 12.24
0.483 10.00 13.56
0.483 20.00 27.15
0.483 30.00 40.85
0.483 40.00 54.19
0.483 50.00 67.72
0.483 60.00 81.23
0.483 70.00 94.74
0.483 80.00 108.25
0.483 90.00 122.28
0.483 100.00 135.50
0.483 200.00 270.83
0.483 300.00 405.95
0.483 400.00 545.91
0.483 500.00 676.16
0.483 600.00 812.61
0.483 700.00 949.72
0.483 800.00 1082.87
0.483 900.00 1219.12
0.483 1000.00 1352.79
0.785 1.00 1.50
0.785 2.00 2.96
0.785 3.00 4.48
0.785 4.00 5.96
0.785 5.00 7.42
0.785 6.00 8.91
0.785 7.00 10.48
0.785 8.00 11.90
0.785 9.00 13.43
0.785 10.00 14.99
0.785 20.00 29.88
0.785 30.00 44.64
0.785 40.00 59.90
0.785 50.00 74.95
0.785 60.00 88.94
0.785 70.00 104.44
0.785 80.00 120.13
0.785 90.00 134.55
0.785 100.00 149.91
0.785 200.00 298.86
0.785 300.00 450.74
0.785 400.00 596.30
0.785 500.00 748.89
0.785 600.00 893.63
0.785 700.00 1041.36
0.785 800.00 1191.95
0.785 900.00 1337.99
0.785 1000.00 1491.61
1.274 1.00 1.27
1.274 2.00 3.03
1.274 3.00 4.53
1.274 4.00 6.02
1.274 5.00 7.58
1.274 6.00 9.09
1.274 7.00 10.64
1.274 8.00 12.10
1.274 9.00 13.65
1.274 10.00 15.12
1.274 20.00 30.36
1.274 30.00 45.41
1.274 40.00 60.22
1.274 50.00 77.42
1.274 60.00 90.40
1.274 70.00 108.53
1.274 80.00 121.22
1.274 90.00 139.23
1.274 100.00 151.51
1.274 200.00 303.28
1.274 300.00 456.51
1.274 400.00 616.80
1.274 500.00 750.37
1.274 600.00 904.58
1.274 700.00 1079.99
1.274 800.00 1213.40
1.274 900.00 1391.57
1.274 1000.00 1511.29
2.069 1.00 1.55
2.069 2.00 3.04
2.069 3.00 4.64
2.069 4.00 6.11
2.069 5.00 7.59
2.069 6.00 9.10
2.069 7.00 10.75
2.069 8.00 12.46
2.069 9.00 13.58
2.069 10.00 15.54
2.069 20.00 31.14
2.069 30.00 45.66
2.069 40.00 63.27
2.069 50.00 77.19
2.069 60.00 91.98
2.069 70.00 106.52
2.069 80.00 123.23
2.069 90.00 137.86
2.069 100.00 152.78
2.069 200.00 308.75
2.069 300.00 461.02
2.069 400.00 622.00
2.069 500.00 762.09
2.069 600.00 937.27
2.069 700.00 1098.26
2.069 800.00 1226.96
2.069 900.00 1402.08
2.069 1000.00 1551.96
3.360 1.00 1.42
3.360 2.00 2.88
3.360 3.00 4.34
3.360 4.00 5.80
3.360 5.00 7.16
3.360 6.00 8.63
3.360 7.00 10.08
3.360 8.00 11.53
3.360 9.00 12.88
3.360 10.00 14.26
3.360 20.00 28.51
3.360 30.00 43.56
3.360 40.00 58.27
3.360 50.00 72.22
3.360 60.00 84.39
3.360 70.00 100.84
3.360 80.00 115.73
3.360 90.00 128.88
3.360 100.00 144.02
3.360 200.00 285.86
3.360 300.00 435.19
3.360 400.00 569.67
3.360 500.00 725.29
3.360 600.00 850.80
3.360 700.00 998.57
3.360 800.00 1151.66
3.360 900.00 1293.94
3.360 1000.00 1425.51
5.456 1.00 1.18
5.456 2.00 2.47
5.456 3.00 3.72
5.456 4.00 4.88
5.456 5.00 6.14
5.456 6.00 7.40
5.456 7.00 8.66
5.456 8.00 9.87
5.456 9.00 11.18
5.456 10.00 12.49
5.456 20.00 24.90
5.456 30.00 37.14
5.456 40.00 49.70
5.456 50.00 59.03
5.456 60.00 73.03
5.456 70.00 87.07
5.456 80.00 97.44
5.456 90.00 110.88
5.456 100.00 123.54
5.456 200.00 230.81
5.456 300.00 369.70
5.456 400.00 489.46
5.456 500.00 618.53
5.456 600.00 746.24
5.456 700.00 813.33
5.456 800.00 924.05
5.456 900.00 1100.60
5.456 1000.00 1221.43
8.859 1.00 1.07
8.859 2.00 1.98
8.859 3.00 3.15
8.859 4.00 3.95
8.859 5.00 4.94
8.859 6.00 6.32
8.859 7.00 7.40
8.859 8.00 7.84
8.859 9.00 8.93
8.859 10.00 9.85
8.859 20.00 19.70
8.859 30.00 29.74
8.859 40.00 39.44
8.859 50.00 52.85
8.859 60.00 63.62
8.859 70.00 69.02
8.859 80.00 78.73
8.859 90.00 95.35
8.859 100.00 98.59
8.859 200.00 197.95
8.859 300.00 294.82
8.859 400.00 398.64
8.859 500.00 529.18
8.859 600.00 632.36
8.859 700.00 693.28
8.859 800.00 845.58
8.859 900.00 885.80
8.859 1000.00 976.98
14.384 1.00 0.76
14.384 2.00 1.55
14.384 3.00 2.30
14.384 4.00 3.08
14.384 5.00 4.13
14.384 6.00 4.61
14.384 7.00 5.38
14.384 8.00 6.19
14.384 9.00 7.38
14.384 10.00 7.75
14.384 20.00 16.51
14.384 30.00 24.76
14.384 40.00 32.86
14.384 50.00 38.86
14.384 60.00 49.64
14.384 70.00 53.93
14.384 80.00 66.15
14.384 90.00 68.78
14.384 100.00 83.03
14.384 200.00 164.14
14.384 300.00 230.51
14.384 400.00 309.14
14.384 500.00 412.64
14.384 600.00 495.80
14.384 700.00 540.98
14.384 800.00 621.51
14.384 900.00 692.50
14.384 1000.00 766.85
23.357 1.00 0.65
23.357 2.00 1.31
23.357 3.00 1.97
23.357 4.00 2.62
23.357 5.00 3.28
23.357 6.00 3.94
23.357 7.00 4.57
23.357 8.00 5.27
23.357 9.00 5.93
23.357 10.00 6.52
23.357 20.00 13.99
23.357 30.00 19.63
23.357 40.00 26.20
23.357 50.00 32.91
23.357 60.00 39.40
23.357 70.00 45.94
23.357 80.00 52.51
23.357 90.00 59.13
23.357 100.00 65.60
23.357 200.00 130.53
23.357 300.00 152.72
23.357 400.00 262.50
23.357 500.00 328.51
23.357 600.00 391.64
23.357 700.00 460.05
23.357 800.00 519.90
23.357 900.00 589.28
23.357 1000.00 657.07
37.927 1.00 0.55
37.927 2.00 1.12
37.927 3.00 1.66
37.927 4.00 2.22
37.927 5.00 2.79
37.927 6.00 3.34
37.927 7.00 3.86
37.927 8.00 4.43
37.927 9.00 5.01
37.927 10.00 5.58
37.927 20.00 11.15
37.927 30.00 16.68
37.927 40.00 22.18
37.927 50.00 27.53
37.927 60.00 25.91
37.927 70.00 38.70
37.927 80.00 44.28
37.927 90.00 49.93
37.927 100.00 51.51
37.927 200.00 111.13
37.927 300.00 168.14
37.927 400.00 231.81
37.927 500.00 278.78
37.927 600.00 309.71
37.927 700.00 388.07
37.927 800.00 346.60
37.927 900.00 497.97
37.927 1000.00 554.44
61.585 1.00 0.37
61.585 2.00 0.87
61.585 3.00 1.42
61.585 4.00 1.90
61.585 5.00 2.19
61.585 6.00 2.81
61.585 7.00 3.32
61.585 8.00 2.94
61.585 9.00 3.93
61.585 10.00 4.65
61.585 20.00 9.48
61.585 30.00 11.04
61.585 40.00 14.72
61.585 50.00 21.88
61.585 60.00 26.39
61.585 70.00 25.75
61.585 80.00 37.85
61.585 90.00 39.43
61.585 100.00 47.27
61.585 200.00 87.40
61.585 300.00 130.77
61.585 400.00 146.92
61.585 500.00 236.98
61.585 600.00 283.93
61.585 700.00 331.35
61.585 800.00 377.97
61.585 900.00 394.74
61.585 1000.00 471.07
100.000 1.00 0.31
100.000 2.00 0.74
100.000 3.00 1.19
100.000 4.00 1.49
100.000 5.00 1.56
100.000 6.00 1.87
100.000 7.00 2.61
100.000 8.00 3.22
100.000 9.00 2.81
100.000 10.00 3.12
100.000 20.00 6.25
100.000 30.00 9.38
100.000 40.00 14.80
100.000 50.00 18.54
100.000 60.00 18.75
100.000 70.00 26.03
100.000 80.00 32.08
100.000 90.00 35.87
100.000 100.00 39.88
100.000 200.00 62.51
100.000 300.00 120.93
100.000 400.00 160.28
100.000 500.00 185.22
100.000 600.00 187.57
100.000 700.00 280.56
100.000 800.00 319.36
100.000 900.00 335.23
100.000 1000.00 312.47
