	1	2	3	4	5	6	7	8	9	10	20	30	40	50	60	70	80	90	100	200	300	400	500	600	700	800	900	1000
0.01	12.468245266387168	24.331226767702304	36.023671331708634	49.076742341370746	60.49682917583549	72.23394104829507	86.78857682613675	101.07817912468037	110.4451401578926	124.32415514358799	247.28771289552375	362.0158101653086	496.6168372178818	622.0670180343536	748.0105991916583	877.5034737328859	1010.108462995251	1112.0296568311787	1233.8136425532446	2507.0444247500222	3635.897438563197	4898.109234699242	6065.866549320696	7518.732166574232	8712.643088318731	9862.206674699013	11000.138921839269	12201.173994133394
0.016237767391887217	10.293744853690741	21.102155166618406	31.433188208297704	43.249114515437576	53.35298100984267	63.412746282038434	73.591011426749	84.08759371720069	96.96125848378335	106.99600723716576	210.21718383831822	312.68835827015056	424.30049172412726	531.1531219708676	629.5998512105224	748.3311697722392	844.1918677536135	958.4234147163022	1072.4448838345031	2090.8059486250945	3170.7681017467667	4225.273570020239	5308.493726312395	6272.142361948255	7389.972985061584	8278.23084324967	9679.024442740565	10714.359624627808
0.026366508987303583	9.178922896646226	17.97098830052875	27.36289116530534	36.28830721029739	44.41643452125767	56.41675832986474	63.582971677809404	72.45723892151831	82.22161499060995	91.51182075325592	183.00838870333848	272.704522833347	357.50235681075975	465.92396994394966	540.2254960426845	629.9197636866434	731.1864588491572	821.0134123927077	906.5572598324408	1786.8251645685912	2687.632264921428	3536.5119721704164	4543.432043399848	5548.751583973471	6293.894655906643	7054.894291300568	8101.052659312751	9194.782193991312
0.04281332398719394	8.15223094669847	15.927782675062614	23.834450547759168	31.537666290838356	38.443945740357435	47.729475202392436	55.082863149902714	61.207003814104056	69.19596319562939	77.11042634873303	153.31148657302634	236.94295053717948	304.7403509125077	381.6232023358796	480.7850090671091	552.7516398553332	638.7961356536847	709.1915350879968	771.2757933888122	1555.801515113016	2318.008356250695	3093.3890396821894	3977.909190738924	4669.904483079258	5526.46956751328	6229.166459019317	7152.176406337655	7768.979370963883
0.06951927961775606	6.804882012675412	13.690968222849964	20.63156356852431	27.20065562008955	33.86731828358609	41.19944371716898	48.04758458774433	56.117834736441374	60.75263712727875	66.10777693276349	136.57520335051692	204.99807083521284	277.28971738894836	346.7737102232222	405.03800599773183	476.05525545337554	561.8581519697537	611.4719825177681	682.1822234752073	1373.3588697475316	2017.6869843692798	2742.1757923361624	3426.673544076128	4028.5729532844284	4694.441147563012	5353.853833591585	6125.105738268016	6874.11269394033
0.11288378916846889	5.975112900295954	12.088312846903406	17.708445674148717	24.172272988547192	29.663798237491843	36.25614743185674	41.34896051779343	48.6147838180283	54.99423828672661	60.06233016592961	119.00658530350528	182.42853905145674	238.99236927568438	296.390783218167	355.00426082548535	423.37312609971036	483.5441796374824	536.8033077046855	598.5915947190306	1171.2094001286343	1825.3601790511177	2444.157461309697	2991.950155452082	3638.579055057059	4168.970598791073	4895.565644858132	5443.470316440618	5817.581917269747
0.18329807108324356	5.219009594878593	10.664923822228515	16.144883667645864	21.236655753272885	26.489544117957355	31.5869673455657	37.26646762379388	43.57292070139982	48.04943099140513	53.51854285707501	107.00773160350946	160.01411505925813	211.13946935201983	261.64790064351195	317.11845649130333	373.97504175444124	430.0284173738134	487.71469635386785	526.0023677702702	1084.214344158204	1606.47052193153	2099.335419923132	2703.7723305923478	3183.087092856978	3758.644378732799	4247.943136316029	4784.200587299962	5340.74235732752
0.29763514416313175	4.822128241107229	9.783896698225416	14.273507841368737	19.49786732600235	23.564749602873135	28.72800719499325	34.0674910038506	38.4044482494505	43.157327152818944	47.75159625697232	95.52439851485646	145.10308141523092	189.04380813053015	239.83434380110327	291.8495405524882	338.69416941781736	381.5916912461955	438.3546021170777	475.361666173732	950.0857460028757	1462.0443634208386	1910.5520313323411	2466.9454632558713	2913.1894389163804	3288.233629633306	3847.79707011897	4283.9298143859505	4842.014492828741
0.4832930238571752	4.511815348750916	9.0095145450364	13.393379698180393	17.99582395687123	22.016934551824953	26.578163396796434	30.97774852996914	35.84729526865585	40.58943451436671	45.434910143570356	88.16541954359117	132.51325876679192	182.4262482068855	223.81401297983726	263.3231049837183	310.19565382848225	366.79853707473524	396.1121489088858	441.20955632932896	884.7497212500367	1343.0209663330245	1758.3224103400285	2239.3181737059263	2709.9372326625194	3193.1404128745435	3550.6499908974065	3960.2351184395875	4399.880467770457
0.7847599703514611	4.316155356363581	8.536907785849836	13.094248504823609	17.209608032555128	21.21791321160957	25.61867731743402	29.9558052252298	34.5998193877977	39.02608085930734	42.71586454712064	85.98840220368972	125.80717564233763	172.74557081292454	216.823724469836	259.5127646684542	296.9346674461385	337.5474903098643	386.18699810561003	428.39825078673175	870.6817848433901	1304.2338279126634	1690.1304058220921	2167.3051581718623	2592.9223239403013	2999.808129159333	3481.1987398080564	3907.303281718805	4257.611269564198
1.2742749857031335	4.452924507479374	8.977950303318876	13.556779802306993	18.357346212907856	22.277431970373396	26.70068579082375	31.112306693616688	36.68190362415366	41.061786543081574	45.29013792514266	89.51506556160257	136.19070886020668	179.1182673909858	227.64021885103585	268.6983073486649	318.9293443401074	364.1264149081218	411.7605359598435	458.7855292916336	923.1306793229072	1367.5194685292458	1810.436377726694	2257.7178756510925	2813.471888802437	3184.8306849709943	3577.014420846867	3989.1674266723776	4545.43197028459
2.06913808111479	5.16027115527846	10.278373034113292	15.251568266994752	20.548662664679295	25.9769244446364	30.528448131842563	35.61847870464535	41.80212547344615	46.752457554938466	51.88696850773205	101.31550859178799	152.65565086496053	208.29535399700484	249.49247391634535	303.762353318418	347.4783755620242	408.47700015673695	446.5164477962132	507.56506222770724	1031.7574401709094	1547.7578850844652	1994.8953701902994	2490.9945740691983	3068.5478735592487	3540.0316459483474	4082.8893686242973	4674.929485084512	5117.063083573699
3.359818286283781	6.2968343835410145	12.326722753388621	18.792734391891695	25.174774933373147	30.84766000175595	37.84655926036825	43.403676279447154	49.824349742722816	55.890141253865664	64.03121308473783	123.65628015908001	183.8668423741333	245.74324159973312	307.32206612740566	376.108860570323	445.6846358188505	492.99955900197534	563.6220980771625	628.1037859455333	1256.9437234730592	1876.6319742452217	2505.3898133624384	3148.730275493757	3821.967849876282	4400.4840591707325	4962.184418993901	5691.41358742267	6460.1594007811655
5.455594781168514	8.177706082884661	16.377114297448003	23.851749489044852	32.04703711010187	39.998298189120824	48.06406605374621	56.14667526590297	64.30682258844216	72.06240949581509	79.2176781118998	163.3297348868937	243.07883921908183	315.9924853540909	409.8404707487918	483.98712541490625	565.4527816027728	655.3100937419266	704.1412697865966	837.2107828027968	1627.557278304783	2454.5612941023023	3213.788099082886	3977.8185927615427	4835.063522625994	5717.18404098849	6498.9886491704265	7363.376196162137	8201.138448602183
8.858667904100823	10.715378803185358	21.26128696381811	32.511956842891514	42.745936991145605	53.02199786449048	64.59818194789294	74.42623106639869	83.67736316633808	95.49573680359266	108.3779835291148	215.54217860963155	319.165286086913	422.39878601594637	521.4544689624238	643.208347296819	758.363132670271	855.9008197900417	949.7822853569238	1047.0515449843024	2146.0036151937707	3192.860224942502	4171.708657656857	5460.693403417441	6402.789299588892	7552.332021325878	8509.122085426172	9604.153744034158	10539.675881000738
14.38449888287663	14.568379721845796	29.048113354385883	42.38652183983357	57.59171270453948	72.66622201176351	87.16844723736975	100.00405289569414	114.4169726832157	129.79700641273877	140.55070435532107	291.3234616697786	429.8124271497454	564.5474860082186	726.7805139640901	861.4037130541095	1001.4121380814804	1177.5922725215676	1292.0849966002093	1397.1477220100185	2899.53316541928	4249.06219182714	5537.480640534606	7225.471573716946	8443.440380978414	10136.678813780698	11552.802400350678	12786.89426229253	14372.480108800502
23.357214690901213	19.1510772627524	39.772424616762514	59.84256930803548	77.34115058942676	97.4680233614932	120.33598953906596	140.79682302049594	154.36975713386278	172.6563222253952	194.90718318649309	387.6025036436836	592.6925648139659	778.4529005379942	980.3089710391739	1184.0424316100668	1398.6730042687404	1560.0172716749664	1756.5947699004014	1933.4068144314201	3886.492488475386	5777.098257323497	7686.37800412762	9891.729820051498	11968.87673657341	13678.542890923034	15775.624811431178	17713.19702378347	19245.842872794066
37.92690190732246	26.719111774042545	53.97079458690004	77.64591356315879	107.71125045633478	131.94705555080998	161.53738057813987	189.77442634403428	213.68296272529852	237.8948308641018	261.5608246981019	528.3087590721756	792.5317602032679	1081.4517379701485	1342.3063590730956	1606.8827237432909	1876.9755848089533	2143.004982614109	2379.509840324785	2638.9742281036097	5274.387873386064	8093.896087940415	10594.365184962458	13649.37781408336	16198.412087986166	19332.14969744304	21161.9720081541	24741.66214089903	27213.73908255055
61.584821106602604	36.299314146130364	73.71043687385068	109.00367204523563	146.86406736715702	184.73170147091255	221.58757842178906	258.465779871999	289.92103950588796	323.7046382326843	366.90069924974426	745.0492099004957	1091.9028807030063	1479.7932857152284	1812.76110482115	2172.5764391507882	2601.5109645827997	2954.6021624974983	3303.151980433779	3757.564264341216	7368.275234010357	11374.793579213432	14741.655369276223	18214.37759219295	22052.62284469384	26179.86359741789	30340.60144010892	32115.083034188912	35912.355958865104
100.0	50.19647149818978	103.10763035343243	153.1067074360981	201.05676346021465	256.260859057586	302.6187316741893	355.2927400394332	404.70385601341917	455.02022536423357	505.49815326888597	988.3349583240735	1504.0792224521877	2036.4533551944999	2552.2146771071266	3067.5050792586985	3395.8977681128704	3932.98229803107	4568.3359441682205	5032.322906837946	10253.216471684404	15294.824848739208	20207.825038910672	24919.26928558253	30306.2775262511	35569.65395060244	40127.427460586536	44679.503014830116	50154.38923097868
