	1	2	3	4	5	6	7	8	9	10	20	30	40	50	60	70	80	90	100	200	300	400	500	600	700	800	900	1000
0.01	0.35055120780187554	0.6807890714246431	1.0157737234105633	1.3119628502069498	1.6046041547426437	2.0780905428231913	2.233481296466995	2.649271939697415	2.8474054577639167	3.3208418471698153	6.661249490746624	10.315157067104339	13.60056953365195	16.88182216271901	19.09871275649822	23.967268476280246	27.55786852650212	27.563961215775414	32.69520797701159	67.48292356310836	99.974376070684	132.451354217362	169.88645847038822	207.28326851868212	230.76556448165866	277.2779942125018	291.6264096177243	336.7812166762923
0.016237767391887217	0.4594577738422729	0.9218017565007358	1.3306103535437148	1.8182116499587377	2.2209401583814734	2.5865479675888934	3.165386277142612	3.508938381953903	4.176323205409227	4.659339965703293	9.336572406410376	13.980874761737468	17.544911894130085	22.09835980600114	26.099837672465778	31.259720035947893	36.499479254157166	41.42438807523979	43.79026366794682	89.16221573946977	138.29512022411637	166.92083524220743	222.77334810211823	261.53922850858316	307.35189492606975	355.82232445668785	419.0157111164099	430.1717644163483
0.026366508987303583	0.6187374767166367	1.228051345833601	1.8795844997866087	2.4474908028910205	2.971082260386946	3.762850127022599	4.145379619532186	4.823245554572119	5.510501653766861	6.431498372286333	12.213298886365774	18.469630962022073	23.93538889972148	31.306796841748763	37.36993889328141	43.087653148439564	51.391751353879044	56.64509182889612	64.58070624534679	121.7946044106489	186.9060095763306	247.7229492708413	317.35643298897355	354.5098646882761	436.3969909827737	473.18623601184646	560.7209105671205	620.8761295716417
0.04281332398719394	1.3048873536151808	2.603721916738654	3.923341039300122	5.5863956350054	6.548468651610051	7.888930501533547	9.051786272627263	10.382624852060918	11.026659673599992	14.134799603518374	28.08889992721026	38.89677262027149	52.346630188863514	65.22426388727541	83.31939913033014	90.26781492724314	112.87580390975755	124.10470495090107	130.47878195674383	258.95855029842556	419.042566062245	522.2010972602839	654.4735021831759	788.0309371445932	853.2288297877749	1046.885160948489	1174.5643832656815	1310.2902746926507
0.06951927961775606	1.4213077272212657	2.760556902845712	4.263751849496989	5.940435875760857	7.125144009013312	8.515978045247522	9.972000877285474	11.26395643621025	13.358952614132654	15.024555318231236	28.23819964993483	42.33275556406665	56.52374715056138	70.36043479952113	84.91936165416341	98.50570727678938	112.52986256380527	133.43760512842522	139.16565858090962	297.0662166780848	421.78539852988126	588.533638815459	703.4342558575249	894.2287071965519	1046.813974297148	1129.8029897102283	1352.7961453169441	1467.334959179711
0.11288378916846889	1.968178573001063	3.9618749843737167	5.931404616634058	7.4870917988020755	9.800883437184433	11.21927471243213	13.982954026421599	15.86023359828021	18.037106550856052	18.80435690459521	39.61184055330083	59.470183037394094	74.80738083665032	94.40508213988605	119.018847054264	140.14562025638168	148.70413829039757	177.85891321467966	197.81605395295443	373.61207701134947	607.0477902389781	795.0174979858496	1005.8432151781194	1109.5568733328314	1324.4203207769938	1592.1529803720925	1781.3260717334497	1993.5652434833116
0.18329807108324356	2.764283660859743	5.744221899697067	8.575101875071969	11.032334437658466	13.54925670516969	17.444999018406655	19.295067565646924	21.575781094636476	25.086451749741453	27.664306242092874	57.99914144721071	82.48380231387517	110.46343613488409	143.92166087253813	167.78884031044572	190.77883737384968	221.0283880984528	246.02376742738636	288.4483408138602	550.6904181908711	835.1416524260701	1103.0630501163464	1373.4522397658384	1682.4747235972513	1933.692095017446	2193.0387054931193	2601.985687129631	2780.8679490337845
0.29763514416313175	3.3474450607296315	6.648036172591904	10.198990249177845	14.620723621071956	16.932279813283746	21.29339513832058	23.686236249734147	27.09278913093035	30.429116069399434	36.5992758815536	70.25078324557524	100.07119572981935	141.7067352943053	164.53034932548923	199.01180721433894	237.20563028158537	276.9001240390869	328.5658002554282	338.39082079286777	654.8260548513371	1118.3098535645686	1413.1704562902669	1783.7256525573664	2031.4752330001875	2508.44449624226	2812.584624237652	3187.461417945914	3322.6764445015924
0.4832930238571752	3.111830811392281	5.944346337984663	9.15103153168798	12.198080585396706	15.495945689070549	18.43105922175354	21.72593351897883	24.57506682471667	27.808754269611175	29.903961891767498	62.15018340819308	92.57178654344041	119.55067792511065	155.3302493129658	184.29895780768044	204.8854872585786	246.2027014438495	280.1971143329045	311.69858191701803	587.1228658958668	933.1335409193822	1168.8463089474023	1608.5939476786193	1865.5495118746999	2160.894687754359	2471.2492986704797	2906.5464901880755	3120.867914231349
0.7847599703514611	2.9423009581036434	5.948186046577577	8.556307446413722	12.331609067244095	14.232578909638448	18.35181557471717	19.858404126246523	23.88856828506706	27.20465644998501	31.16845087210166	57.47706296644138	91.77376796044891	122.52111888223848	151.5416917291618	182.00604233170662	215.46969536251672	243.46184363377057	257.3446571342955	298.6508731848328	600.3721511870726	906.1702606582728	1136.2395964553082	1522.960963932198	1739.111885479162	2096.924558807301	2283.702897134545	2588.317536362775	3003.8693728792523
1.2742749857031335	3.093065352764217	6.410074624255224	9.470794953044752	13.314198163683521	15.448108514240259	17.975176870906736	20.867659515033314	25.427994282306592	28.686495206524903	32.13636065924031	65.25963613419152	95.03774391170403	127.8610009499285	156.76711817642067	196.57483374954987	214.7096784623718	252.4760140998177	278.65690667409694	314.6152009341214	642.771965104952	925.2935814959071	1260.5913766721596	1561.3611953142724	1935.340430524515	2288.648395216069	2446.0107561139303	2906.1455027429	3057.012856440102
2.06913808111479	3.60926860870926	7.3927747008624864	11.172758487666151	14.027483771442139	17.730865666674	20.251965766353557	23.37316745422558	28.90819438402526	31.190048951771033	34.400441848353395	68.7635072423474	106.67023142802557	136.3492436064276	171.32048137121348	211.67103626134826	255.05450109691586	278.20390232892885	331.09887525695626	366.50559875771324	682.7619765313062	1069.5383563942978	1353.389618430275	1816.1185351452689	2037.1549679155903	2449.4887904856855	2892.4873819979143	3141.913039738475	3599.0015854293524
3.359818286283781	3.0036162825585766	5.183204315165149	7.655824813889156	11.932764249509153	14.648921400113474	15.536184108835783	20.927198727295185	22.94861742049828	25.089920383557885	29.11358315597936	53.53381627006749	89.01571483684286	112.83949322734945	141.0521607437878	178.83151859689957	209.97185632732013	206.84307858791965	232.91359913188262	279.3838766856947	589.8128098139618	863.1261228556134	1029.5412529545285	1254.3569337096073	1720.859079909363	1952.5060777183432	2452.685639168904	2601.9739734589525	3011.880467205955
5.455594781168514	2.2737595187111843	4.561163762737406	6.971185066435909	8.763891023919435	11.218882511259208	13.350114500489914	16.1314279607806	13.229559679783335	13.827062956406548	21.63149834729119	44.3176833359082	68.261860246595	90.77749436381501	112.19317250482345	97.13512731549227	147.23336646967113	171.6502740245378	142.82119631192313	214.99039823910294	426.5099444302695	666.8784936492934	897.5365640020981	1128.2946976645635	1347.669630443022	1594.358599558974	1770.6936451932972	1467.0501849220586	2141.092366238001
8.858667904100823	2.322982670869982	4.530655297402324	4.201255915296878	8.793012748599084	11.32845877301818	8.578801674906387	15.75344950941228	12.038359971180508	21.594352138961113	23.29268950699211	27.466677118717737	65.74375058301038	58.29842715070097	71.793223048573	82.81568567562127	104.33632671701439	171.86770290066033	122.70621743331924	139.59920020997828	298.0707946010177	403.20480958191405	571.8991317386633	745.3540615582621	842.8643987143143	1036.3107206987966	1099.4250518380372	1272.6118692573539	1320.5264237518468
14.38449888287663	0.9260366312981247	2.2034267706934174	3.1120651867965368	3.9632171130055807	5.310174328814692	12.404850921932372	7.477992308928194	8.237772454204492	9.095464850601598	8.558545466457598	39.0690651186153	32.472278916607586	42.73138462244694	53.41423077805858	59.79534131019053	68.9760106729247	83.40893087520931	91.01049843305555	104.16614392764554	221.117043451619	305.4736046830494	820.9900942535191	506.8022168018218	574.6149024836304	668.8786042388439	856.7082813386365	918.6572894545175	1018.5921446772877
23.357214690901213	0.8688845959511571	1.685866587753177	2.6464534359078327	6.550393284705743	5.5667188715306635	7.286744469568855	6.338073491129918	9.136543911008662	10.551497737064228	8.549855231522958	17.587649906594994	27.266713208749604	46.85773070686592	40.963660856314526	53.92958518018281	56.84169488619044	64.60829751603218	112.36454002572057	120.90165571958262	169.62742352043793	255.09258079900548	861.666310529201	421.1391954288083	702.0447843082104	593.2715673546852	680.6611817871278	737.0550395872333	801.6846378906182
37.92690190732246	0.9038548107484063	2.097388798616735	2.7423658075063155	3.771080526450545	4.663182867085502	5.487641822772878	6.811667293844	7.383521733005433	5.665237021126023	16.80661284833316	27.343006828244313	21.34852761670135	50.78114546791447	66.91412099511538	69.84728121601029	50.62401611915927	75.20836657563638	66.21231623455866	64.92256482245546	201.6267389139039	295.22388644775276	293.5316364908338	472.6580641128791	412.6495593487538	691.2561122873151	568.5298013461256	614.3059840315582	948.1222857294393
61.584821106602604	0.6452448438702435	1.1523842083985505	2.822687852353421	3.6066526896291338	4.523029668325353	3.7413462958977592	6.2144414659788305	7.350739585908003	7.671061934536652	5.937095908481295	18.311130512739314	28.309138235657876	35.6428241197136	42.40110536253873	51.54701557541486	58.416971132255554	69.32605244915456	56.08680901895252	87.1322042785802	119.37482047072402	254.86561531450644	350.6919360220007	457.8663705383523	350.9756990357106	609.7132631755738	681.8664867411109	593.7258160796794	854.7004981116291
100.0	0.6513933319062447	1.3720108402452182	2.1762128858384258	2.5991020564630607	3.437895996865476	3.994757795181084	5.167999907998797	6.233788010376228	6.126319360872738	6.954737710060144	14.99680597169571	20.65811742579949	29.784385593046004	33.75967692861268	40.083170577634284	51.933125891301245	54.935131845698294	63.69518420180835	69.18973608559043	133.00509310826175	223.10168659357328	293.86071547958124	337.3517460725817	446.52775529180303	458.18469856316193	574.3365867738	581.7202693627585	672.7402980115977
