Agg-Agg collection for the flat orientation. 
Characteristic values taken from the peak of a fit 
gamma distribution from 300 aggregates. 
Minor axis taken as the smallest axis from the fit-ellipsoid 
Ranges are taken from the aggregates being pulled from the db, 
not the bin edges (maximum range) 
Order: agg phi min, agg phi max, agg r min, agg r max, value 
0.005 0.027 1.548 15.639 1.089 
0.005 0.027 15.639 27.159 2.269 
0.005 0.027 27.159 42.774 3.380 
0.005 0.027 42.774 58.245 4.771 
0.005 0.027 58.245 75.174 6.773 
0.005 0.027 75.174 95.608 9.080 
0.005 0.027 95.608 120.126 10.241 
0.005 0.027 120.126 151.036 14.056 
0.005 0.027 151.036 194.480 17.957 
0.005 0.027 194.480 286.541 23.198 
0.005 0.027 286.541 438.160 36.520 
0.005 0.027 438.160 588.223 47.287 
0.005 0.027 588.223 738.728 68.121 
0.005 0.027 738.728 917.815 83.181 
0.005 0.027 917.815 1131.164 106.391 
0.005 0.027 1131.164 1393.471 112.169 
0.005 0.027 1393.471 1731.484 148.718 
0.005 0.027 1731.484 2271.273 204.835 
0.005 0.027 2271.273 3528.802 283.858 
0.005 0.027 3528.802 4999.259 415.977 
0.027 0.039 1.532 14.729 1.267 
0.027 0.039 14.729 24.818 2.739 
0.027 0.039 24.818 38.774 4.092 
0.027 0.039 38.774 54.403 6.298 
0.027 0.039 54.403 73.965 8.309 
0.027 0.039 73.965 97.049 10.860 
0.027 0.039 97.049 121.552 14.949 
0.027 0.039 121.552 149.889 17.825 
0.027 0.039 149.889 186.975 23.410 
0.027 0.039 186.975 253.957 30.916 
0.027 0.039 253.957 379.181 46.102 
0.027 0.039 379.181 516.174 58.950 
0.027 0.039 516.174 690.396 79.202 
0.027 0.039 690.396 901.650 101.754 
0.027 0.039 901.650 1149.578 131.459 
0.027 0.039 1149.578 1429.994 180.008 
0.027 0.039 1429.994 1786.316 212.618 
0.027 0.039 1786.316 2401.920 264.882 
0.027 0.039 2401.920 3600.069 421.845 
0.027 0.039 3600.069 4999.909 616.887 
0.039 0.054 1.489 12.526 1.403 
0.039 0.054 12.526 20.626 2.687 
0.039 0.054 20.626 31.085 4.600 
0.039 0.054 31.085 42.956 6.760 
0.039 0.054 42.956 57.957 8.013 
0.039 0.054 57.957 77.483 12.183 
0.039 0.054 77.483 103.894 15.982 
0.039 0.054 103.894 137.296 19.836 
0.039 0.054 137.296 180.234 25.860 
0.039 0.054 180.234 255.972 34.611 
0.039 0.054 255.972 357.424 53.469 
0.039 0.054 357.424 469.417 68.234 
0.039 0.054 469.417 611.167 95.643 
0.039 0.054 611.167 796.302 122.698 
0.039 0.054 796.302 1063.984 164.398 
0.039 0.054 1063.984 1409.674 199.593 
0.039 0.054 1409.674 1866.532 264.427 
0.039 0.054 1866.532 2696.877 389.058 
0.039 0.054 2696.877 3763.447 580.853 
0.039 0.054 3763.447 4999.798 711.911 
0.054 0.072 1.573 12.201 1.660 
0.054 0.072 12.201 20.317 3.436 
0.054 0.072 20.317 30.146 5.446 
0.054 0.072 30.146 40.459 7.904 
0.054 0.072 40.459 52.951 10.047 
0.054 0.072 52.951 67.866 13.327 
0.054 0.072 67.866 88.194 17.098 
0.054 0.072 88.194 122.097 23.488 
0.054 0.072 122.097 166.252 30.499 
0.054 0.072 166.252 243.906 43.642 
0.054 0.072 243.906 341.276 59.462 
0.054 0.072 341.276 442.882 84.488 
0.054 0.072 442.882 567.591 108.922 
0.054 0.072 567.591 729.693 129.260 
0.054 0.072 729.693 993.199 167.458 
0.054 0.072 993.199 1386.779 235.102 
0.054 0.072 1386.779 1940.721 335.219 
0.054 0.072 1940.721 2848.756 495.007 
0.054 0.072 2848.756 3834.792 739.029 
0.054 0.072 3834.792 4999.985 949.574 
0.072 0.095 1.546 12.784 2.204 
0.072 0.095 12.784 21.444 4.702 
0.072 0.095 21.444 31.694 6.739 
0.072 0.095 31.694 42.211 10.592 
0.072 0.095 42.211 54.481 12.829 
0.072 0.095 54.481 68.957 14.881 
0.072 0.095 68.957 86.581 20.719 
0.072 0.095 86.581 113.184 27.865 
0.072 0.095 113.184 147.347 35.351 
0.072 0.095 147.347 206.239 45.734 
0.072 0.095 206.239 297.459 69.091 
0.072 0.095 297.459 393.477 96.900 
0.072 0.095 393.477 507.126 109.359 
0.072 0.095 507.126 655.543 157.113 
0.072 0.095 655.543 868.535 196.411 
0.072 0.095 868.535 1250.339 266.813 
0.072 0.095 1250.339 1779.336 416.353 
0.072 0.095 1779.336 2715.990 543.311 
0.072 0.095 2715.990 3769.100 839.264 
0.072 0.095 3769.100 4999.871 1174.556 
0.095 0.121 1.472 13.527 2.656 
0.095 0.121 13.527 23.713 5.994 
0.095 0.121 23.713 34.777 9.988 
0.095 0.121 34.777 47.753 12.574 
0.095 0.121 47.753 61.859 16.372 
0.095 0.121 61.859 75.407 22.029 
0.095 0.121 75.407 90.490 26.669 
0.095 0.121 90.490 108.660 29.859 
0.095 0.121 108.660 130.140 35.015 
0.095 0.121 130.140 163.447 43.572 
0.095 0.121 163.447 250.486 67.988 
0.095 0.121 250.486 323.968 86.816 
0.095 0.121 323.968 421.504 112.711 
0.095 0.121 421.504 537.967 155.331 
0.095 0.121 537.967 723.562 200.989 
0.095 0.121 723.562 1025.833 266.973 
0.095 0.121 1025.833 1558.564 420.780 
0.095 0.121 1558.564 2502.570 644.948 
0.095 0.121 2502.570 3619.792 1016.825 
0.095 0.121 3619.792 4999.957 1360.702 
0.121 0.151 1.550 13.664 3.303 
0.121 0.151 13.664 24.925 7.282 
0.121 0.151 24.925 37.189 11.681 
0.121 0.151 37.189 50.914 16.150 
0.121 0.151 50.914 63.041 22.652 
0.121 0.151 63.041 74.038 24.609 
0.121 0.151 74.038 86.208 27.517 
0.121 0.151 86.208 100.360 34.998 
0.121 0.151 100.360 117.651 34.814 
0.121 0.151 117.651 146.326 45.715 
0.121 0.151 146.326 222.537 71.999 
0.121 0.151 222.537 292.358 96.214 
0.121 0.151 292.358 376.165 124.470 
0.121 0.151 376.165 480.032 163.761 
0.121 0.151 480.032 656.202 217.551 
0.121 0.151 656.202 920.125 283.810 
0.121 0.151 920.125 1444.867 449.289 
0.121 0.151 1444.867 2404.912 745.152 
0.121 0.151 2404.912 3584.812 1132.444 
0.121 0.151 3584.812 4999.745 1567.240 
0.151 0.187 1.616 13.746 4.090 
0.151 0.187 13.746 24.667 8.736 
0.151 0.187 24.667 36.975 13.460 
0.151 0.187 36.975 48.549 20.207 
0.151 0.187 48.549 58.878 22.592 
0.151 0.187 58.878 68.680 28.401 
0.151 0.187 68.680 79.171 29.408 
0.151 0.187 79.171 91.686 36.737 
0.151 0.187 91.686 109.227 39.691 
0.151 0.187 109.227 138.029 54.427 
0.151 0.187 138.029 205.418 77.904 
0.151 0.187 205.418 275.032 106.818 
0.151 0.187 275.032 354.885 132.107 
0.151 0.187 354.885 459.655 165.760 
0.151 0.187 459.655 632.279 234.198 
0.151 0.187 632.279 886.663 340.733 
0.151 0.187 886.663 1416.129 499.141 
0.151 0.187 1416.129 2404.782 824.280 
0.151 0.187 2404.782 3584.343 1340.226 
0.151 0.187 3584.343 4999.942 1995.918 
0.187 0.229 1.608 13.744 4.382 
0.187 0.229 13.744 24.957 9.704 
0.187 0.229 24.957 35.932 17.189 
0.187 0.229 35.932 45.829 21.088 
0.187 0.229 45.829 54.678 25.196 
0.187 0.229 54.678 63.523 31.794 
0.187 0.229 63.523 72.976 31.644 
0.187 0.229 72.976 85.223 36.723 
0.187 0.229 85.223 101.434 44.601 
0.187 0.229 101.434 128.832 55.366 
0.187 0.229 128.832 187.922 81.767 
0.187 0.229 187.922 256.108 115.737 
0.187 0.229 256.108 336.577 151.469 
0.187 0.229 336.577 444.633 203.771 
0.187 0.229 444.633 612.349 263.757 
0.187 0.229 612.349 861.979 362.544 
0.187 0.229 861.979 1397.652 527.639 
0.187 0.229 1397.652 2394.414 969.343 
0.187 0.229 2394.414 3558.914 1419.602 
0.187 0.229 3558.914 4999.933 2179.054 
0.229 0.279 1.584 13.811 5.579 
0.229 0.279 13.811 24.559 11.649 
0.229 0.279 24.559 33.800 18.861 
0.229 0.279 33.800 42.237 23.826 
0.229 0.279 42.237 50.489 27.114 
0.229 0.279 50.489 59.070 33.242 
0.229 0.279 59.070 68.199 35.344 
0.229 0.279 68.199 79.858 44.041 
0.229 0.279 79.858 95.329 48.238 
0.229 0.279 95.329 121.062 58.333 
0.229 0.279 121.062 175.300 87.628 
0.229 0.279 175.300 241.960 129.103 
0.229 0.279 241.960 325.145 176.020 
0.229 0.279 325.145 431.834 229.640 
0.229 0.279 431.834 597.021 309.635 
0.229 0.279 597.021 844.102 410.108 
0.229 0.279 844.102 1394.013 630.126 
0.229 0.279 1394.013 2405.345 1104.191 
0.229 0.279 2405.345 3567.553 1696.422 
0.229 0.279 3567.553 4999.758 2646.566 
0.279 0.337 1.709 13.031 6.096 
0.279 0.337 13.031 22.999 13.015 
0.279 0.337 22.999 31.134 19.566 
0.279 0.337 31.134 38.979 23.795 
0.279 0.337 38.979 47.051 31.117 
0.279 0.337 47.051 55.430 34.145 
0.279 0.337 55.430 65.014 41.185 
0.279 0.337 65.014 76.597 49.424 
0.279 0.337 76.597 92.353 56.252 
0.279 0.337 92.353 117.776 72.411 
0.279 0.337 117.776 173.983 99.984 
0.279 0.337 173.983 240.281 140.384 
0.279 0.337 240.281 325.222 195.148 
0.279 0.337 325.222 438.267 278.396 
0.279 0.337 438.267 605.247 346.719 
0.279 0.337 605.247 847.057 498.009 
0.279 0.337 847.057 1424.939 765.042 
0.279 0.337 1424.939 2443.670 1344.810 
0.279 0.337 2443.670 3574.252 1965.300 
0.279 0.337 3574.252 4999.755 3075.100 
0.337 0.398 1.769 12.064 5.914 
0.337 0.398 12.064 20.902 14.717 
0.337 0.398 20.902 28.551 20.249 
0.337 0.398 28.551 36.444 24.362 
0.337 0.398 36.444 45.064 32.995 
0.337 0.398 45.064 54.489 37.068 
0.337 0.398 54.489 65.371 48.075 
0.337 0.398 65.371 78.684 54.048 
0.337 0.398 78.684 96.957 65.302 
0.337 0.398 96.957 135.563 83.066 
0.337 0.398 135.563 201.348 140.122 
0.337 0.398 201.348 271.142 198.625 
0.337 0.398 271.142 361.336 259.848 
0.337 0.398 361.336 486.916 333.180 
0.337 0.398 486.916 663.266 457.686 
0.337 0.398 663.266 954.115 621.555 
0.337 0.398 954.115 1679.897 1039.845 
0.337 0.398 1679.897 2600.015 1765.142 
0.337 0.398 2600.015 3659.638 2492.599 
0.337 0.398 3659.638 4999.992 3398.075 
0.398 0.452 1.635 10.392 5.898 
0.398 0.452 10.392 17.990 12.237 
0.398 0.452 17.990 25.784 19.906 
0.398 0.452 25.784 34.248 25.946 
0.398 0.452 34.248 44.927 33.608 
0.398 0.452 44.927 56.780 44.796 
0.398 0.452 56.780 70.310 56.908 
0.398 0.452 70.310 89.558 67.005 
0.398 0.452 89.558 130.778 92.059 
0.398 0.452 130.778 202.553 151.154 
0.398 0.452 202.553 272.038 204.751 
0.398 0.452 272.038 353.362 284.458 
0.398 0.452 353.362 461.177 367.954 
0.398 0.452 461.177 604.777 475.743 
0.398 0.452 604.777 826.131 658.081 
0.398 0.452 826.131 1320.381 874.475 
0.398 0.452 1320.381 2067.704 1453.922 
0.398 0.452 2067.704 2872.084 2174.424 
0.398 0.452 2872.084 3812.388 2960.161 
0.398 0.452 3812.388 4999.599 4052.971 
0.452 0.498 1.670 9.367 6.122 
0.452 0.498 9.367 16.531 12.003 
0.452 0.498 16.531 24.035 17.595 
0.452 0.498 24.035 33.218 25.153 
0.452 0.498 33.218 45.790 35.716 
0.452 0.498 45.790 60.861 47.098 
0.452 0.498 60.861 81.781 64.197 
0.452 0.498 81.781 126.984 87.524 
0.452 0.498 126.984 204.716 155.324 
0.452 0.498 204.716 276.546 224.094 
0.452 0.498 276.546 355.455 294.778 
0.452 0.498 355.455 452.330 378.921 
0.452 0.498 452.330 566.922 476.145 
0.452 0.498 566.922 726.229 566.837 
0.452 0.498 726.229 1019.100 796.915 
0.452 0.498 1019.100 1663.862 1182.042 
0.452 0.498 1663.862 2339.140 1775.539 
0.452 0.498 2339.140 3063.662 2493.976 
0.452 0.498 3063.662 3949.735 3250.414 
0.452 0.498 3949.735 4999.954 4148.517 
0.498 0.538 1.734 9.181 5.858 
0.498 0.538 9.181 16.084 11.377 
0.498 0.538 16.084 23.142 18.379 
0.498 0.538 23.142 32.571 25.734 
0.498 0.538 32.571 46.653 36.214 
0.498 0.538 46.653 66.438 50.087 
0.498 0.538 66.438 99.568 73.383 
0.498 0.538 99.568 185.886 130.166 
0.498 0.538 185.886 264.054 212.508 
0.498 0.538 264.054 342.002 276.503 
0.498 0.538 342.002 427.601 344.439 
0.498 0.538 427.601 526.427 456.955 
0.498 0.538 526.427 647.271 547.552 
0.498 0.538 647.271 811.763 674.575 
0.498 0.538 811.763 1204.616 902.824 
0.498 0.538 1204.616 1836.362 1446.779 
0.498 0.538 1836.362 2491.761 1897.128 
0.498 0.538 2491.761 3198.856 2657.465 
0.498 0.538 3198.856 4033.151 3274.290 
0.498 0.538 4033.151 4999.882 4197.735 
0.538 0.576 1.749 9.162 6.250 
0.538 0.576 9.162 15.986 11.920 
0.538 0.576 15.986 22.858 17.288 
0.538 0.576 22.858 32.463 26.084 
0.538 0.576 32.463 48.144 36.490 
0.538 0.576 48.144 72.154 54.705 
0.538 0.576 72.154 137.743 87.272 
0.538 0.576 137.743 232.860 179.199 
0.538 0.576 232.860 314.576 258.379 
0.538 0.576 314.576 391.492 333.670 
0.538 0.576 391.492 475.831 409.112 
0.538 0.576 475.831 571.665 496.388 
0.538 0.576 571.665 689.631 590.096 
0.538 0.576 689.631 861.632 722.815 
0.538 0.576 861.632 1352.071 959.223 
0.538 0.576 1352.071 1965.920 1619.653 
0.538 0.576 1965.920 2622.367 2075.077 
0.538 0.576 2622.367 3341.513 2689.707 
0.538 0.576 3341.513 4119.360 3524.666 
0.538 0.576 4119.360 4999.966 4270.855 
0.576 0.613 1.779 9.154 6.734 
0.576 0.613 9.154 16.146 11.473 
0.576 0.613 16.146 22.960 18.441 
0.576 0.613 22.960 32.091 25.899 
0.576 0.613 32.091 48.701 37.327 
0.576 0.613 48.701 78.477 61.213 
0.576 0.613 78.477 178.913 121.090 
0.576 0.613 178.913 276.154 210.366 
0.576 0.613 276.154 352.705 291.166 
0.576 0.613 352.705 428.712 372.122 
0.576 0.613 428.712 510.845 450.193 
0.576 0.613 510.845 608.037 524.162 
0.576 0.613 608.037 722.617 601.551 
0.576 0.613 722.617 906.517 750.419 
0.576 0.613 906.517 1490.672 1068.430 
0.576 0.613 1490.672 2077.182 1686.938 
0.576 0.613 2077.182 2736.220 2262.616 
0.576 0.613 2736.220 3444.622 2903.424 
0.576 0.613 3444.622 4189.936 3682.194 
0.576 0.613 4189.936 4999.755 4357.792 
0.613 0.655 1.753 9.143 6.822 
0.613 0.655 9.143 16.182 12.290 
0.613 0.655 16.182 23.143 17.853 
0.613 0.655 23.143 32.109 26.497 
0.613 0.655 32.109 48.990 36.490 
0.613 0.655 48.990 87.391 59.682 
0.613 0.655 87.391 217.669 144.822 
0.613 0.655 217.669 308.081 256.671 
0.613 0.655 308.081 378.701 328.821 
0.613 0.655 378.701 451.160 391.894 
0.613 0.655 451.160 533.589 471.128 
0.613 0.655 533.589 626.580 552.467 
0.613 0.655 626.580 740.137 658.648 
0.613 0.655 740.137 928.761 771.571 
0.613 0.655 928.761 1558.707 1168.625 
0.613 0.655 1558.707 2148.801 1782.771 
0.613 0.655 2148.801 2804.452 2373.481 
0.613 0.655 2804.452 3478.422 3021.929 
0.613 0.655 3478.422 4206.249 3562.313 
0.613 0.655 4206.249 4999.985 4275.153 
0.655 0.710 1.792 9.168 7.035 
0.655 0.710 9.168 16.248 12.492 
0.655 0.710 16.248 22.991 18.133 
0.655 0.710 22.991 31.310 26.429 
0.655 0.710 31.310 48.135 36.970 
0.655 0.710 48.135 98.217 63.944 
0.655 0.710 98.217 249.189 189.161 
0.655 0.710 249.189 331.758 283.062 
0.655 0.710 331.758 399.447 351.233 
0.655 0.710 399.447 471.844 418.728 
0.655 0.710 471.844 552.569 489.283 
0.655 0.710 552.569 643.403 575.175 
0.655 0.710 643.403 755.963 664.562 
0.655 0.710 755.963 948.312 800.681 
0.655 0.710 948.312 1602.564 1243.019 
0.655 0.710 1602.564 2223.406 1844.260 
0.655 0.710 2223.406 2860.675 2491.625 
0.655 0.710 2860.675 3544.950 3100.926 
0.655 0.710 3544.950 4259.321 3717.481 
0.655 0.710 4259.321 4999.898 4456.059 
0.710 0.977 1.710 9.063 7.044 
0.710 0.977 9.063 15.997 12.238 
0.710 0.977 15.997 22.513 18.374 
0.710 0.977 22.513 30.037 25.919 
0.710 0.977 30.037 46.151 35.172 
0.710 0.977 46.151 120.189 71.998 
0.710 0.977 120.189 274.440 206.349 
0.710 0.977 274.440 348.106 305.932 
0.710 0.977 348.106 418.470 372.175 
0.710 0.977 418.470 489.965 441.679 
0.710 0.977 489.965 567.938 514.733 
0.710 0.977 567.938 657.292 593.957 
0.710 0.977 657.292 764.905 709.703 
0.710 0.977 764.905 953.868 835.780 
0.710 0.977 953.868 1632.574 1272.051 
0.710 0.977 1632.574 2279.114 1916.973 
0.710 0.977 2279.114 2916.695 2533.115 
0.710 0.977 2916.695 3589.256 3208.544 
0.710 0.977 3589.256 4268.438 3809.924 
0.710 0.977 4268.438 4999.994 4584.194 
