Agg-Agg collection for the flat orientation. 
Characteristic values taken from the peak of a fit 
gamma distribution from 300 aggregates. 
Ranges are taken from the aggregates being pulled from the db, 
not the bin edges (maximum range) 
Order: agg phi min, agg phi max, agg r min, agg r max, value 
0.005 0.027 1.731 27.067 49.652 
0.008 0.027 27.179 58.144 97.117 
0.007 0.027 58.262 95.608 153.068 
0.008 0.027 95.725 151.024 218.340 
0.007 0.027 151.055 286.450 284.859 
0.006 0.027 287.951 587.035 367.519 
0.006 0.027 588.269 917.171 471.042 
0.008 0.027 918.519 1392.265 580.321 
0.009 0.027 1394.724 2270.741 723.109 
0.006 0.027 2277.107 4995.074 988.466 
0.027 0.039 1.738 24.788 1575.294 
0.027 0.039 24.843 54.272 2301.832 
0.027 0.039 54.443 96.868 2903.492 
0.027 0.039 97.074 149.845 3599.427 
0.027 0.039 150.046 253.765 4395.381 
0.027 0.039 254.863 515.868 5116.446 
0.027 0.039 516.220 901.607 6685.350 
0.027 0.039 904.080 1426.599 8971.080 
0.027 0.039 1430.174 2393.990 13043.168 
0.027 0.039 2405.931 4998.660 18205.428 
0.039 0.054 1.647 20.625 39.788 
0.039 0.054 20.656 42.933 70.922 
0.039 0.054 42.980 77.473 118.338 
0.039 0.054 77.531 137.204 173.727 
0.039 0.054 137.402 255.822 239.199 
0.039 0.054 256.384 469.415 302.533 
0.039 0.054 470.087 795.474 414.876 
0.039 0.054 796.369 1406.752 508.101 
0.039 0.054 1409.853 2693.049 632.336 
0.039 0.054 2701.556 4993.730 823.387 
0.054 0.072 1.879 20.301 1218.778 
0.054 0.072 20.382 40.449 1667.210 
0.054 0.072 40.472 67.711 2185.407 
0.054 0.072 67.897 122.092 2971.914 
0.054 0.072 122.133 243.679 3656.679 
0.054 0.072 244.371 442.753 4773.526 
0.054 0.072 443.193 728.319 5664.070 
0.054 0.072 730.395 1386.231 7932.449 
0.054 0.072 1388.484 2844.086 11021.768 
0.054 0.072 2849.291 4994.642 15713.043 
0.072 0.095 1.802 21.397 30.695 
0.072 0.094 21.606 42.171 54.549 
0.072 0.095 42.295 68.911 86.707 
0.072 0.095 69.006 112.699 115.145 
0.072 0.095 113.330 206.207 162.965 
0.072 0.095 206.256 392.899 224.181 
0.072 0.095 393.904 655.076 284.322 
0.072 0.095 656.057 1250.289 383.437 
0.072 0.094 1254.021 2710.277 508.749 
0.072 0.095 2716.499 4999.394 718.559 
0.095 0.121 1.682 23.639 1042.203 
0.095 0.121 23.715 47.684 1389.154 
0.095 0.121 47.827 75.214 1799.088 
0.095 0.121 75.421 108.605 2368.962 
0.095 0.121 108.763 163.242 3149.612 
0.095 0.121 163.664 323.661 4139.366 
0.095 0.121 323.974 537.688 5389.054 
0.095 0.121 538.210 1025.635 7531.914 
0.095 0.121 1026.134 2501.863 10747.322 
0.095 0.121 2502.584 4997.872 14725.467 
0.121 0.151 1.957 24.832 26.502 
0.121 0.151 24.928 50.861 48.537 
0.121 0.151 51.031 74.031 75.856 
0.121 0.151 74.091 100.219 99.475 
0.121 0.151 100.408 146.223 140.211 
0.121 0.151 146.353 292.260 170.985 
0.121 0.151 292.504 479.159 232.594 
0.121 0.151 480.219 919.992 320.766 
0.121 0.151 928.081 2404.747 429.830 
0.121 0.151 2409.178 4996.335 598.871 
0.151 0.187 1.963 24.657 863.691 
0.151 0.187 24.738 48.545 1111.645 
0.151 0.187 48.557 68.600 1455.223 
0.151 0.187 68.696 91.653 1860.064 
0.151 0.187 91.711 137.869 2562.939 
0.151 0.187 138.256 275.030 3540.233 
0.151 0.187 275.087 458.607 5296.526 
0.151 0.187 460.225 886.628 7193.778 
0.151 0.187 887.614 2398.585 10250.508 
0.151 0.187 2413.246 4998.153 13254.363 
0.187 0.229 1.920 24.886 23.894 
0.187 0.229 24.978 45.765 46.302 
0.187 0.229 45.842 63.472 73.729 
0.187 0.229 63.567 85.219 95.963 
0.187 0.229 85.294 128.822 126.967 
0.187 0.229 128.845 256.091 159.322 
0.187 0.229 256.178 443.066 208.622 
0.187 0.229 445.163 860.395 265.835 
0.187 0.229 863.210 2393.547 346.155 
0.187 0.229 2399.953 4988.829 434.380 
0.229 0.279 1.678 24.522 686.932 
0.229 0.279 24.593 42.234 949.609 
0.229 0.279 42.255 59.070 1227.149 
0.229 0.279 59.096 79.817 1486.126 
0.229 0.279 79.913 121.023 1975.477 
0.229 0.279 121.074 241.800 2865.686 
0.229 0.279 242.108 431.833 4287.386 
0.229 0.279 432.087 840.781 5801.952 
0.229 0.279 844.273 2399.710 8850.356 
0.229 0.279 2405.784 4998.534 11766.043 
0.279 0.337 1.738 22.965 24.975 
0.279 0.337 22.999 38.954 46.719 
0.279 0.337 38.995 55.390 74.510 
0.279 0.337 55.440 76.587 97.747 
0.279 0.337 76.673 117.333 137.041 
0.279 0.337 117.845 239.775 169.148 
0.279 0.337 240.287 437.640 189.114 
0.279 0.337 438.678 847.048 226.113 
0.279 0.337 848.718 2443.113 289.731 
0.279 0.337 2444.491 4980.733 335.673 
0.338 0.398 1.783 20.878 528.955 
0.338 0.398 20.912 36.433 701.966 
0.338 0.398 36.455 54.426 870.818 
0.337 0.398 54.512 78.503 1110.850 
0.337 0.398 78.698 134.918 1552.271 
0.338 0.398 135.718 270.873 2203.601 
0.338 0.398 271.274 486.284 3285.217 
0.338 0.398 487.678 951.606 5002.743 
0.337 0.398 955.327 2597.314 7723.896 
0.337 0.398 2602.852 4994.665 10154.087 
0.399 0.452 2.287 17.972 22.698 
0.398 0.452 17.999 34.236 44.078 
0.398 0.452 34.307 56.778 69.846 
0.398 0.452 56.918 89.545 94.918 
0.398 0.452 89.745 201.874 130.112 
0.398 0.452 202.556 353.089 146.304 
0.398 0.452 353.486 604.080 171.793 
0.398 0.452 604.955 1319.879 207.894 
0.398 0.452 1322.390 2871.657 242.921 
0.398 0.452 2872.254 4998.946 283.693 
0.452 0.498 1.722 16.515 405.536 
0.452 0.498 16.544 33.194 550.558 
0.452 0.498 33.229 60.836 706.956 
0.452 0.498 60.919 126.617 976.928 
0.452 0.498 127.552 276.437 1312.488 
0.452 0.498 276.885 452.133 1809.997 
0.453 0.498 453.728 726.100 2731.042 
0.452 0.498 726.253 1663.178 4171.407 
0.452 0.498 1674.060 3063.285 6778.608 
0.452 0.498 3067.710 4989.299 10044.276 
0.498 0.538 1.758 16.076 20.894 
0.498 0.538 16.126 32.541 40.648 
0.498 0.538 32.578 66.378 66.887 
0.498 0.538 66.615 185.794 94.862 
0.498 0.538 186.710 341.585 105.794 
0.498 0.538 342.009 526.292 129.938 
0.498 0.538 526.444 809.584 157.643 
0.498 0.538 811.899 1836.156 169.561 
0.498 0.538 1838.500 3197.701 210.978 
0.498 0.538 3199.185 4998.677 253.578 
0.538 0.576 1.857 15.958 363.917 
0.538 0.576 15.996 32.444 504.709 
0.538 0.576 32.496 72.117 662.747 
0.538 0.576 72.198 232.811 820.282 
0.538 0.576 232.944 391.451 1176.042 
0.538 0.576 391.725 570.921 1607.860 
0.538 0.576 572.211 861.442 2463.808 
0.538 0.576 862.411 1962.398 3979.344 
0.538 0.576 1966.749 3340.267 6450.228 
0.538 0.576 3344.934 4996.847 8777.033 
0.576 0.613 1.836 16.136 18.499 
0.576 0.613 16.162 32.048 40.390 
0.576 0.613 32.128 78.380 59.357 
0.576 0.613 78.489 275.993 81.072 
0.576 0.613 276.359 428.690 94.423 
0.576 0.613 428.773 607.606 115.608 
0.576 0.613 608.723 905.691 127.009 
0.576 0.613 906.719 2070.766 155.865 
0.576 0.613 2079.530 3441.138 177.899 
0.576 0.613 3447.557 4999.704 212.671 
0.614 0.655 2.013 16.172 314.032 
0.614 0.655 16.221 32.077 445.650 
0.613 0.655 32.122 87.333 584.002 
0.614 0.655 87.454 307.829 771.469 
0.614 0.655 308.195 451.066 1072.844 
0.614 0.655 451.167 626.351 1471.036 
0.614 0.655 627.600 927.239 2271.321 
0.614 0.655 928.867 2147.933 3754.340 
0.614 0.655 2149.229 3475.386 6050.560 
0.614 0.655 3483.008 4993.575 8456.620 
0.655 0.710 2.782 16.231 18.814 
0.655 0.709 16.281 31.260 38.257 
0.656 0.709 31.330 98.038 54.173 
0.655 0.709 99.301 331.732 67.453 
0.655 0.709 332.145 471.429 85.918 
0.655 0.710 472.664 643.286 102.618 
0.655 0.709 644.524 948.279 118.342 
0.655 0.709 948.487 2220.366 129.302 
0.655 0.709 2224.054 3539.895 150.178 
0.655 0.709 3546.847 4998.150 195.204 
0.710 0.942 1.828 15.948 273.120 
0.710 0.938 15.997 29.996 385.726 
0.710 0.919 30.045 119.501 510.758 
0.710 0.929 120.439 347.927 715.418 
0.710 0.917 348.176 489.964 927.272 
0.710 0.937 490.254 656.963 1316.755 
0.710 0.939 657.298 953.568 2026.326 
0.710 0.911 957.867 2278.533 3532.662 
0.710 0.926 2279.230 3587.928 5998.170 
0.710 0.918 3589.536 4997.289 7996.751 
0.006 0.027 1.724 27.136 16.558 
0.006 0.027 27.322 58.202 32.728 
0.007 0.027 58.304 95.505 47.272 
0.008 0.027 95.636 150.875 60.846 
0.008 0.027 151.113 285.869 74.496 
0.008 0.027 286.760 587.778 90.628 
0.006 0.027 588.381 917.081 106.716 
0.008 0.027 918.765 1391.840 123.513 
0.006 0.027 1394.848 2267.569 146.634 
0.006 0.027 2282.742 4996.112 179.337 
0.027 0.039 1.772 24.808 248.491 
0.027 0.039 24.824 54.381 362.299 
0.027 0.039 54.474 97.037 500.228 
0.027 0.039 97.073 149.824 656.126 
0.027 0.039 150.053 253.945 963.455 
0.027 0.039 254.138 515.608 1271.982 
0.027 0.039 516.730 900.263 1934.805 
0.027 0.039 901.709 1427.951 3554.344 
0.027 0.039 1430.147 2396.119 4946.453 
0.027 0.039 2403.774 4992.185 7202.681 
0.039 0.054 1.729 20.611 13.577 
0.039 0.054 20.635 42.941 28.981 
0.039 0.054 42.998 77.442 41.127 
0.039 0.054 77.666 137.247 55.723 
0.039 0.054 137.405 255.815 66.574 
0.039 0.054 256.812 469.415 83.311 
0.039 0.054 469.505 795.378 100.171 
0.039 0.054 796.318 1409.400 117.557 
0.039 0.054 1413.187 2696.748 144.658 
0.039 0.054 2697.018 4984.904 188.710 
0.054 0.072 1.642 20.267 293.709 
0.054 0.072 20.338 40.382 391.824 
0.054 0.072 40.472 67.823 532.606 
0.054 0.072 67.897 122.085 705.560 
0.054 0.072 122.379 243.562 977.326 
0.054 0.072 244.558 442.545 1345.709 
0.054 0.072 443.054 729.542 2332.186 
0.054 0.072 730.958 1386.164 3529.957 
0.054 0.072 1387.056 2841.514 5451.813 
0.054 0.072 2857.975 4999.444 7319.002 
0.072 0.095 1.790 21.350 12.134 
0.072 0.095 21.511 42.124 24.905 
0.072 0.095 42.218 68.924 35.345 
0.072 0.095 68.975 113.174 48.775 
0.072 0.095 113.223 206.019 64.238 
0.072 0.095 206.566 393.251 82.368 
0.072 0.095 393.943 653.649 106.954 
0.072 0.095 655.635 1247.364 129.521 
0.072 0.095 1252.989 2711.470 186.068 
0.072 0.095 2731.105 4992.034 287.961 
0.095 0.121 1.686 23.639 412.986 
0.095 0.121 23.791 47.706 553.677 
0.095 0.121 47.753 75.397 675.545 
0.095 0.121 75.490 108.628 938.212 
0.095 0.121 108.665 162.880 1214.561 
0.095 0.121 163.588 323.495 1759.849 
0.095 0.121 324.026 537.915 2968.085 
0.095 0.121 538.238 1022.573 4346.015 
0.095 0.121 1029.070 2502.504 5583.830 
0.095 0.121 2502.652 4989.861 6864.670 
0.121 0.151 1.793 24.904 10.901 
0.121 0.151 24.998 50.847 21.775 
0.121 0.151 50.921 73.991 37.035 
0.121 0.151 74.101 100.263 49.027 
0.121 0.151 100.407 146.149 66.341 
0.121 0.151 146.585 292.268 86.235 
0.121 0.151 292.725 479.916 120.583 
0.121 0.151 480.926 919.390 171.468 
0.121 0.151 920.686 2391.336 292.344 
0.121 0.151 2406.818 4998.036 414.262 
0.151 0.187 1.738 24.651 555.681 
0.151 0.187 24.683 48.492 704.555 
0.151 0.187 48.556 68.627 891.511 
0.151 0.187 68.739 91.669 1095.965 
0.151 0.187 91.839 137.765 1449.043 
0.151 0.187 138.331 274.650 2351.153 
0.151 0.186 275.851 459.056 3482.196 
0.151 0.187 460.297 885.595 4462.476 
0.151 0.187 886.921 2402.246 6047.764 
0.151 0.187 2409.124 4991.871 7717.794 
0.187 0.229 2.091 24.950 11.451 
0.187 0.229 24.957 45.796 22.057 
0.187 0.229 45.847 63.491 32.178 
0.187 0.229 63.562 85.220 50.377 
0.187 0.229 85.230 128.752 71.461 
0.187 0.229 128.909 255.989 100.305 
0.187 0.229 256.206 444.316 139.569 
0.187 0.229 444.657 861.680 246.616 
0.187 0.229 862.586 2391.401 400.148 
0.187 0.229 2394.834 4996.559 526.881 
0.229 0.279 1.851 24.559 666.464 
0.229 0.279 24.578 42.212 887.080 
0.229 0.279 42.248 59.031 1033.831 
0.229 0.279 59.166 79.740 1232.537 
0.229 0.279 79.878 121.061 1705.727 
0.229 0.279 121.063 241.800 2811.094 
0.229 0.279 242.233 431.731 3814.675 
0.229 0.279 431.989 843.776 4862.771 
0.229 0.279 848.334 2402.829 6378.122 
0.229 0.279 2405.542 4998.249 8140.871 
0.279 0.337 1.737 22.971 11.863 
0.279 0.337 23.014 38.922 21.838 
0.279 0.337 38.984 55.310 34.586 
0.279 0.337 55.435 76.591 48.879 
0.279 0.337 76.618 117.626 70.667 
0.279 0.337 118.009 240.111 103.086 
0.279 0.337 240.915 438.064 157.649 
0.279 0.337 438.579 846.084 339.975 
0.279 0.337 847.069 2441.919 490.193 
0.279 0.337 2448.439 4996.272 644.553 
0.338 0.398 1.822 20.880 762.384 
0.337 0.398 20.924 36.441 964.855 
0.337 0.398 36.488 54.457 1138.122 
0.337 0.398 54.568 78.498 1341.249 
0.337 0.398 78.752 135.187 1918.168 
0.338 0.398 135.580 271.140 3107.028 
0.337 0.398 271.572 486.019 4211.007 
0.337 0.398 486.959 951.818 5465.004 
0.337 0.398 955.849 2594.167 7027.867 
0.337 0.398 2603.770 4994.788 8242.616 
0.398 0.452 1.902 17.977 11.936 
0.398 0.452 18.007 34.232 22.016 
0.398 0.452 34.250 56.757 34.899 
0.398 0.452 56.782 89.547 47.537 
0.398 0.452 89.664 201.902 71.987 
0.398 0.452 202.610 352.844 111.053 
0.398 0.452 353.589 604.765 205.700 
0.398 0.452 605.877 1319.011 413.052 
0.398 0.452 1322.445 2870.187 564.734 
0.398 0.452 2877.023 4999.259 713.108 
0.452 0.498 1.736 16.514 873.046 
0.452 0.498 16.539 33.144 995.004 
0.452 0.498 33.349 60.821 1215.479 
0.452 0.498 60.881 126.668 1423.430 
0.452 0.498 127.087 276.000 2035.910 
0.452 0.498 277.016 451.310 3251.419 
0.453 0.498 452.361 726.184 4488.755 
0.452 0.498 727.169 1661.499 5513.573 
0.452 0.498 1664.569 3061.286 6938.344 
0.452 0.498 3067.509 4995.182 8320.010 
0.498 0.538 1.781 16.078 12.178 
0.498 0.538 16.103 32.555 23.551 
0.498 0.538 32.578 66.400 34.849 
0.498 0.538 66.457 185.883 51.640 
0.498 0.538 186.110 341.766 71.781 
0.498 0.538 342.069 525.858 120.901 
0.498 0.538 526.606 811.067 257.795 
0.498 0.538 812.503 1835.686 499.351 
0.498 0.538 1837.320 3194.660 628.063 
0.498 0.538 3201.345 4999.566 769.455 
0.538 0.576 2.152 15.960 895.657 
0.538 0.576 16.122 32.454 1062.285 
0.538 0.576 32.480 72.134 1268.982 
0.538 0.576 72.261 232.613 1485.454 
0.538 0.576 232.946 391.135 2081.928 
0.538 0.576 391.927 571.416 3343.534 
0.538 0.576 571.985 861.313 4677.198 
0.538 0.575 864.808 1963.888 5722.004 
0.538 0.576 1969.551 3338.373 7149.215 
0.538 0.575 3342.295 4998.741 8565.284 
0.576 0.613 1.781 16.119 12.820 
0.576 0.613 16.162 32.068 23.301 
0.576 0.613 32.119 78.262 36.114 
0.576 0.613 78.535 275.747 50.543 
0.576 0.613 276.204 428.650 68.535 
0.576 0.613 428.850 607.798 122.770 
0.576 0.613 608.356 905.546 321.144 
0.576 0.613 906.758 2076.583 535.161 
0.576 0.613 2078.822 3443.613 702.347 
0.576 0.613 3447.103 4990.401 808.557 
0.614 0.655 1.982 16.178 959.583 
0.614 0.655 16.184 32.077 1105.134 
0.614 0.655 32.145 86.891 1306.743 
0.614 0.655 87.700 307.869 1531.173 
0.614 0.655 308.391 451.049 2269.784 
0.613 0.655 451.410 626.300 3595.267 
0.614 0.655 627.118 926.815 4641.388 
0.614 0.655 929.060 2144.268 6076.563 
0.614 0.655 2149.229 3472.303 7423.693 
0.614 0.655 3478.486 4999.599 8831.198 
0.655 0.710 2.274 16.222 13.257 
0.655 0.709 16.291 31.245 23.744 
0.655 0.709 31.345 97.618 36.949 
0.655 0.710 98.235 331.604 49.858 
0.655 0.709 331.831 471.772 69.282 
0.655 0.710 472.296 643.293 122.854 
0.655 0.710 643.841 945.847 396.465 
0.655 0.709 950.429 2221.376 593.717 
0.655 0.709 2224.675 3544.920 724.779 
0.655 0.709 3545.656 4998.425 868.570 
0.710 0.955 2.183 15.976 1004.322 
0.710 0.933 16.014 29.999 1147.160 
0.710 0.905 30.070 119.285 1378.521 
0.710 0.918 121.296 347.255 1562.130 
0.710 0.948 348.114 489.889 2469.580 
0.710 0.890 490.554 657.171 3674.793 
0.710 0.923 657.571 952.643 4905.356 
0.710 0.934 954.883 2274.768 6338.737 
0.710 0.930 2281.797 3588.895 7254.915 
0.710 0.926 3591.263 4999.558 8798.373 
