Agg-Agg collection for the random orientation. 
Mean value taken from the average across 300 aggregates. 
Major axis taken as the largest axis from the fit-ellipsoid 
Ranges are taken from the aggregates being pulled from the db, 
not the bin edges (maximum range) 
Order: agg phi min, agg phi max, agg r min, agg r max, value 
0.005 0.273 2.032 13.848 24.505 
0.005 0.273 13.848 23.547 50.434 
0.005 0.273 23.547 33.680 73.826 
0.005 0.273 33.680 46.037 109.216 
0.005 0.273 46.037 62.917 145.248 
0.005 0.273 62.917 85.527 200.229 
0.005 0.273 85.527 117.637 264.635 
0.005 0.273 117.637 160.303 337.975 
0.005 0.273 160.303 215.184 473.323 
0.005 0.273 215.184 283.210 641.015 
0.005 0.273 283.210 370.632 845.313 
0.005 0.273 370.632 485.754 1119.928 
0.005 0.273 485.754 647.997 1507.517 
0.005 0.273 647.997 874.237 1991.465 
0.005 0.273 874.237 1192.512 2601.991 
0.005 0.273 1192.512 1635.899 3594.502 
0.005 0.273 1635.899 2209.750 4812.212 
0.005 0.273 2209.750 2914.894 6603.601 
0.005 0.273 2914.894 3819.789 8616.730 
0.005 0.273 3819.789 4999.616 11624.396 
0.273 0.327 2.317 16.449 22.383 
0.273 0.327 16.449 28.014 46.421 
0.273 0.327 28.014 40.364 70.552 
0.273 0.327 40.364 55.830 101.373 
0.273 0.327 55.830 75.513 133.700 
0.273 0.327 75.513 101.046 184.353 
0.273 0.327 101.046 136.422 247.529 
0.273 0.327 136.422 184.228 334.807 
0.273 0.327 184.228 243.514 445.033 
0.273 0.327 243.514 318.852 590.948 
0.273 0.327 318.852 411.029 765.397 
0.273 0.327 411.029 529.999 979.294 
0.273 0.327 529.999 690.419 1268.262 
0.273 0.327 690.419 912.722 1660.018 
0.273 0.327 912.722 1234.540 2233.370 
0.273 0.327 1234.540 1672.826 3004.843 
0.273 0.327 1672.826 2234.324 4040.341 
0.273 0.327 2234.324 2940.909 5302.854 
0.273 0.327 2940.909 3866.037 6958.352 
0.273 0.327 3866.037 4999.992 9108.366 
0.327 0.359 2.245 16.439 21.735 
0.327 0.359 16.439 28.135 46.318 
0.327 0.359 28.135 40.455 69.998 
0.327 0.359 40.455 54.683 97.299 
0.327 0.359 54.683 72.535 128.996 
0.327 0.359 72.535 96.311 170.037 
0.327 0.359 96.311 130.900 231.756 
0.327 0.359 130.900 178.517 306.865 
0.327 0.359 178.517 241.948 425.815 
0.327 0.359 241.948 318.552 560.084 
0.327 0.359 318.552 413.040 734.732 
0.327 0.359 413.040 529.438 946.931 
0.327 0.359 529.438 683.702 1234.971 
0.327 0.359 683.702 891.891 1586.833 
0.327 0.359 891.891 1192.181 2072.732 
0.327 0.359 1192.181 1614.767 2860.014 
0.327 0.359 1614.767 2190.391 3884.475 
0.327 0.359 2190.391 2931.292 5232.667 
0.327 0.359 2931.292 3853.969 6909.407 
0.327 0.359 3853.969 4999.905 9110.763 
0.359 0.384 2.107 16.131 21.043 
0.359 0.384 16.131 27.712 45.191 
0.359 0.384 27.712 39.985 69.111 
0.359 0.384 39.985 54.297 94.664 
0.359 0.384 54.297 71.610 126.394 
0.359 0.384 71.610 94.928 166.738 
0.359 0.384 94.928 128.038 221.488 
0.359 0.384 128.038 174.169 304.611 
0.359 0.384 174.169 235.493 413.101 
0.359 0.384 235.493 314.256 547.540 
0.359 0.384 314.256 410.336 738.455 
0.359 0.384 410.336 528.783 931.051 
0.359 0.384 528.783 683.371 1213.498 
0.359 0.384 683.371 894.571 1570.423 
0.359 0.384 894.571 1192.865 2051.370 
0.359 0.384 1192.865 1623.361 2812.222 
0.359 0.384 1623.361 2208.123 3833.461 
0.359 0.384 2208.123 2957.549 5165.483 
0.359 0.384 2957.549 3871.942 6806.311 
0.359 0.384 3871.942 4999.849 8980.318 
0.384 0.405 2.095 15.942 20.222 
0.384 0.405 15.942 27.139 43.647 
0.384 0.405 27.139 39.331 67.233 
0.384 0.405 39.331 53.263 93.274 
0.384 0.405 53.263 70.509 121.551 
0.384 0.405 70.509 93.368 162.595 
0.384 0.405 93.368 125.305 213.967 
0.384 0.405 125.305 171.622 291.713 
0.384 0.405 171.622 232.549 403.728 
0.384 0.405 232.549 310.746 538.712 
0.384 0.405 310.746 408.494 710.647 
0.384 0.405 408.494 528.297 925.483 
0.384 0.405 528.297 682.485 1188.141 
0.384 0.405 682.485 885.199 1598.346 
0.384 0.405 885.199 1173.790 2036.402 
0.384 0.405 1173.790 1602.361 2751.883 
0.384 0.405 1602.361 2175.161 3808.979 
0.384 0.405 2175.161 2927.756 5048.498 
0.384 0.405 2927.756 3844.753 6717.858 
0.384 0.405 3844.753 4999.840 8726.962 
0.405 0.424 2.121 16.044 20.099 
0.405 0.424 16.044 27.042 43.085 
0.405 0.424 27.042 39.104 64.619 
0.405 0.424 39.104 53.181 91.025 
0.405 0.424 53.181 70.026 121.008 
0.405 0.424 70.026 91.833 159.897 
0.405 0.424 91.833 124.442 213.485 
0.405 0.424 124.442 170.696 289.162 
0.405 0.424 170.696 233.380 396.672 
0.405 0.424 233.380 312.896 536.684 
0.405 0.424 312.896 410.762 721.670 
0.405 0.424 410.762 531.906 918.684 
0.405 0.424 531.906 681.625 1197.601 
0.405 0.424 681.625 876.926 1555.432 
0.405 0.424 876.926 1154.657 1985.765 
0.405 0.424 1154.657 1570.490 2593.395 
0.405 0.424 1570.490 2139.713 3655.220 
0.405 0.424 2139.713 2866.855 4963.403 
0.405 0.424 2866.855 3820.840 6534.294 
0.405 0.424 3820.840 4999.925 8818.657 
0.424 0.441 2.089 15.794 20.016 
0.424 0.441 15.794 26.683 42.071 
0.424 0.441 26.683 38.693 64.098 
0.424 0.441 38.693 52.369 88.925 
0.424 0.441 52.369 68.832 117.227 
0.424 0.441 68.832 89.605 152.060 
0.424 0.441 89.605 119.660 201.156 
0.424 0.441 119.660 164.357 277.963 
0.424 0.441 164.357 224.512 380.881 
0.424 0.441 224.512 303.504 520.151 
0.424 0.441 303.504 402.589 694.689 
0.424 0.441 402.589 520.271 900.985 
0.424 0.441 520.271 666.840 1146.889 
0.424 0.441 666.840 857.833 1504.721 
0.424 0.441 857.833 1137.124 1947.573 
0.424 0.441 1137.124 1538.563 2639.069 
0.424 0.441 1538.563 2107.727 3606.158 
0.424 0.441 2107.727 2876.392 4896.925 
0.424 0.441 2876.392 3844.031 6636.327 
0.424 0.441 3844.031 4999.556 8706.146 
0.441 0.458 2.073 15.599 19.807 
0.441 0.458 15.599 26.599 41.111 
0.441 0.458 26.599 38.628 63.083 
0.441 0.458 38.628 52.408 91.498 
0.441 0.458 52.408 68.646 119.642 
0.441 0.458 68.646 89.015 154.099 
0.441 0.458 89.015 118.670 200.480 
0.441 0.458 118.670 162.293 274.543 
0.441 0.458 162.293 223.568 378.851 
0.441 0.458 223.568 304.308 512.939 
0.441 0.458 304.308 405.203 698.767 
0.441 0.458 405.203 524.061 911.298 
0.441 0.458 524.061 669.908 1171.482 
0.441 0.458 669.908 857.560 1497.847 
0.441 0.458 857.560 1128.734 1936.215 
0.441 0.458 1128.734 1540.761 2571.455 
0.441 0.458 1540.761 2114.377 3534.842 
0.441 0.458 2114.377 2870.332 4925.433 
0.441 0.458 2870.332 3834.171 6545.036 
0.441 0.458 3834.171 4999.915 8708.950 
0.458 0.474 2.065 15.842 19.367 
0.458 0.474 15.842 26.673 41.400 
0.458 0.474 26.673 38.919 65.541 
0.458 0.474 38.919 52.528 89.223 
0.458 0.474 52.528 68.346 118.483 
0.458 0.474 68.346 88.637 155.379 
0.458 0.474 88.637 117.278 199.965 
0.458 0.474 117.278 160.037 266.111 
0.458 0.474 160.037 220.936 361.628 
0.458 0.474 220.936 299.432 507.754 
0.458 0.474 299.432 402.516 685.732 
0.458 0.474 402.516 520.997 908.528 
0.458 0.474 520.997 666.129 1154.225 
0.458 0.474 666.129 850.665 1459.047 
0.458 0.474 850.665 1110.892 1899.875 
0.458 0.474 1110.892 1519.455 2535.149 
0.458 0.474 1519.455 2080.019 3498.434 
0.458 0.474 2080.019 2862.234 4842.393 
0.458 0.474 2862.234 3821.696 6549.013 
0.458 0.474 3821.696 4999.951 8726.255 
0.474 0.490 2.128 15.709 19.497 
0.474 0.490 15.709 26.492 42.467 
0.474 0.490 26.492 38.965 63.803 
0.474 0.490 38.965 52.738 89.736 
0.474 0.490 52.738 68.870 117.685 
0.474 0.490 68.870 88.271 153.754 
0.474 0.490 88.271 115.897 197.501 
0.474 0.490 115.897 158.785 267.190 
0.474 0.490 158.785 217.676 366.119 
0.474 0.490 217.676 298.121 503.242 
0.474 0.490 298.121 399.432 674.415 
0.474 0.490 399.432 518.090 897.854 
0.474 0.490 518.090 661.919 1162.825 
0.474 0.490 661.919 840.030 1458.358 
0.474 0.490 840.030 1097.017 1862.271 
0.474 0.490 1097.017 1494.097 2514.239 
0.474 0.490 1494.097 2050.378 3436.312 
0.474 0.490 2050.378 2814.122 4682.271 
0.474 0.490 2814.122 3806.081 6367.638 
0.474 0.490 3806.081 4999.515 8563.548 
0.490 0.506 2.133 15.630 20.379 
0.490 0.506 15.630 26.636 41.015 
0.490 0.506 26.636 39.046 65.344 
0.490 0.506 39.046 52.692 89.987 
0.490 0.506 52.692 68.547 118.035 
0.490 0.506 68.547 88.060 152.444 
0.490 0.506 88.060 115.650 198.463 
0.490 0.506 115.650 158.111 260.307 
0.490 0.506 158.111 216.720 362.318 
0.490 0.506 216.720 298.157 500.067 
0.490 0.506 298.157 401.089 673.301 
0.490 0.506 401.089 520.806 892.157 
0.490 0.506 520.806 665.741 1155.092 
0.490 0.506 665.741 846.497 1443.359 
0.490 0.506 846.497 1111.342 1866.933 
0.490 0.506 1111.342 1511.254 2545.104 
0.490 0.506 1511.254 2067.967 3503.906 
0.490 0.506 2067.967 2816.271 4769.183 
0.490 0.506 2816.271 3795.551 6393.162 
0.490 0.506 3795.551 4999.953 8441.868 
0.506 0.522 2.068 15.808 19.495 
0.506 0.522 15.808 26.595 40.692 
0.506 0.522 26.595 39.053 63.570 
0.506 0.522 39.053 52.695 88.201 
0.506 0.522 52.695 68.487 116.311 
0.506 0.522 68.487 87.552 149.538 
0.506 0.522 87.552 113.538 194.607 
0.506 0.522 113.538 155.073 257.229 
0.506 0.522 155.073 214.946 355.506 
0.506 0.522 214.946 296.879 492.171 
0.506 0.522 296.879 403.990 681.031 
0.506 0.522 403.990 524.709 896.716 
0.506 0.522 524.709 665.468 1129.274 
0.506 0.522 665.468 843.097 1463.414 
0.506 0.522 843.097 1099.462 1837.363 
0.506 0.522 1099.462 1490.514 2486.779 
0.506 0.522 1490.514 2044.873 3411.762 
0.506 0.522 2044.873 2804.759 4685.568 
0.506 0.522 2804.759 3820.504 6391.226 
0.506 0.522 3820.504 4999.731 8675.153 
0.522 0.539 2.011 15.818 19.061 
0.522 0.539 15.818 26.872 40.911 
0.522 0.539 26.872 39.154 63.999 
0.522 0.539 39.154 52.703 90.457 
0.522 0.539 52.703 68.379 114.374 
0.522 0.539 68.379 87.346 150.612 
0.522 0.539 87.346 114.565 189.314 
0.522 0.539 114.565 155.573 254.635 
0.522 0.539 155.573 214.045 356.647 
0.522 0.539 214.045 297.101 484.922 
0.522 0.539 297.101 402.737 669.372 
0.522 0.539 402.737 520.615 886.466 
0.522 0.539 520.615 660.932 1146.479 
0.522 0.539 660.932 837.338 1426.711 
0.522 0.539 837.338 1085.478 1840.377 
0.522 0.539 1085.478 1480.401 2487.714 
0.522 0.539 1480.401 2028.888 3351.550 
0.522 0.539 2028.888 2802.716 4672.579 
0.522 0.539 2802.716 3825.654 6473.056 
0.522 0.539 3825.654 4999.707 8595.001 
0.539 0.557 1.959 16.001 19.133 
0.539 0.557 16.001 27.185 42.167 
0.539 0.557 27.185 39.680 64.686 
0.539 0.557 39.680 53.266 90.367 
0.539 0.557 53.266 68.876 118.884 
0.539 0.557 68.876 87.484 150.083 
0.539 0.557 87.484 113.729 190.827 
0.539 0.557 113.729 154.716 256.548 
0.539 0.557 154.716 211.433 353.647 
0.539 0.557 211.433 296.934 478.932 
0.539 0.557 296.934 401.937 674.999 
0.539 0.557 401.937 522.250 889.640 
0.539 0.557 522.250 661.821 1151.656 
0.539 0.557 661.821 834.369 1416.073 
0.539 0.557 834.369 1082.727 1830.484 
0.539 0.557 1082.727 1469.820 2446.921 
0.539 0.557 1469.820 2019.045 3366.981 
0.539 0.557 2019.045 2795.866 4575.468 
0.539 0.557 2795.866 3824.914 6347.915 
0.539 0.557 3824.914 4999.915 8560.834 
0.557 0.576 2.057 16.266 19.796 
0.557 0.576 16.266 27.727 42.395 
0.557 0.576 27.727 40.203 66.148 
0.557 0.576 40.203 53.713 90.419 
0.557 0.576 53.713 69.190 120.128 
0.557 0.576 69.190 88.186 150.084 
0.557 0.576 88.186 114.108 193.747 
0.557 0.576 114.108 155.583 255.992 
0.557 0.576 155.583 213.859 357.434 
0.557 0.576 213.859 298.892 486.370 
0.557 0.576 298.892 406.377 682.459 
0.557 0.576 406.377 528.196 907.140 
0.557 0.576 528.196 667.071 1154.471 
0.557 0.576 667.071 836.674 1450.085 
0.557 0.576 836.674 1076.836 1840.776 
0.557 0.576 1076.836 1457.463 2424.222 
0.557 0.576 1457.463 2004.190 3292.233 
0.557 0.576 2004.190 2797.898 4602.765 
0.557 0.576 2797.898 3830.165 6301.535 
0.557 0.576 3830.165 4999.994 8454.068 
0.576 0.598 1.885 16.813 20.378 
0.576 0.598 16.813 28.400 43.456 
0.576 0.598 28.400 40.825 67.063 
0.576 0.598 40.825 54.540 91.912 
0.576 0.598 54.540 70.098 121.388 
0.576 0.598 70.098 88.220 152.259 
0.576 0.598 88.220 114.754 189.317 
0.576 0.598 114.754 156.916 256.635 
0.576 0.598 156.916 216.602 353.677 
0.576 0.598 216.602 303.938 497.630 
0.576 0.598 303.938 408.260 687.611 
0.576 0.598 408.260 530.344 911.323 
0.576 0.598 530.344 669.203 1164.134 
0.576 0.598 669.203 842.689 1442.477 
0.576 0.598 842.689 1078.716 1830.501 
0.576 0.598 1078.716 1460.514 2408.062 
0.576 0.598 1460.514 2018.955 3330.042 
0.576 0.598 2018.955 2815.696 4528.504 
0.576 0.598 2815.696 3847.211 6436.072 
0.576 0.598 3847.211 4999.894 8649.599 
0.598 0.623 2.016 17.116 21.774 
0.598 0.623 17.116 28.640 42.975 
0.598 0.623 28.640 41.184 67.831 
0.598 0.623 41.184 54.631 91.211 
0.598 0.623 54.631 69.523 121.822 
0.598 0.623 69.523 87.447 151.337 
0.598 0.623 87.447 113.513 191.846 
0.598 0.623 113.513 155.808 255.662 
0.598 0.623 155.808 215.460 352.812 
0.598 0.623 215.460 300.619 493.319 
0.598 0.623 300.619 405.819 682.890 
0.598 0.623 405.819 524.708 894.635 
0.598 0.623 524.708 660.886 1143.483 
0.598 0.623 660.886 828.190 1419.991 
0.598 0.623 828.190 1057.510 1788.980 
0.598 0.623 1057.510 1432.556 2361.889 
0.598 0.623 1432.556 1997.260 3281.420 
0.598 0.623 1997.260 2821.448 4596.785 
0.598 0.623 2821.448 3835.954 6414.635 
0.598 0.623 3835.954 4999.871 8567.662 
0.623 0.655 1.941 17.218 21.606 
0.623 0.655 17.218 29.146 44.432 
0.623 0.655 29.146 41.876 69.193 
0.623 0.655 41.876 55.166 92.858 
0.623 0.655 55.166 69.546 119.506 
0.623 0.655 69.546 87.256 150.636 
0.623 0.655 87.256 112.932 192.388 
0.623 0.655 112.932 155.017 252.642 
0.623 0.655 155.017 216.746 352.713 
0.623 0.655 216.746 305.877 495.190 
0.623 0.655 305.877 414.011 678.606 
0.623 0.655 414.011 531.854 903.047 
0.623 0.655 531.854 671.259 1174.485 
0.623 0.655 671.259 838.619 1450.057 
0.623 0.655 838.619 1070.612 1809.959 
0.623 0.655 1070.612 1449.570 2363.046 
0.623 0.655 1449.570 2024.619 3279.957 
0.623 0.655 2024.619 2833.989 4604.995 
0.623 0.655 2833.989 3860.711 6444.697 
0.623 0.655 3860.711 4999.766 8561.191 
0.655 0.701 1.728 17.416 20.831 
0.655 0.701 17.416 29.331 44.848 
0.655 0.701 29.331 41.788 68.815 
0.655 0.701 41.788 54.864 93.188 
0.655 0.701 54.864 69.803 119.902 
0.655 0.701 69.803 87.175 152.329 
0.655 0.701 87.175 113.305 191.239 
0.655 0.701 113.305 155.700 251.570 
0.655 0.701 155.700 217.201 355.255 
0.655 0.701 217.201 307.844 507.758 
0.655 0.701 307.844 415.527 688.666 
0.655 0.701 415.527 534.123 911.054 
0.655 0.701 534.123 670.014 1146.119 
0.655 0.701 670.014 829.634 1438.654 
0.655 0.701 829.634 1051.509 1802.320 
0.655 0.701 1051.509 1423.753 2305.996 
0.655 0.701 1423.753 1999.933 3233.307 
0.655 0.701 1999.933 2826.612 4648.116 
0.655 0.701 2826.612 3851.615 6458.591 
0.655 0.701 3851.615 4999.985 8485.487 
0.701 0.975 1.813 17.529 21.688 
0.701 0.975 17.529 29.477 45.437 
0.701 0.975 29.477 42.071 68.873 
0.701 0.975 42.071 54.691 92.899 
0.701 0.975 54.691 68.859 119.563 
0.701 0.975 68.859 86.435 150.010 
0.701 0.975 86.435 110.730 190.409 
0.701 0.975 110.730 153.595 252.562 
0.701 0.975 153.595 215.188 351.514 
0.701 0.975 215.188 303.315 500.382 
0.701 0.975 303.315 410.812 689.053 
0.701 0.975 410.812 528.159 913.094 
0.701 0.975 528.159 657.419 1144.573 
0.701 0.975 657.419 817.322 1432.597 
0.701 0.975 817.322 1043.064 1790.437 
0.701 0.975 1043.064 1418.899 2344.110 
0.701 0.975 1418.899 1984.068 3280.789 
0.701 0.975 1984.068 2823.781 4599.878 
0.701 0.975 2823.781 3877.262 6489.494 
0.701 0.975 3877.262 4999.971 8590.870 
