Agg-Agg collection for the flat orientation. 
Characteristic values taken from the peak of a fit 
gamma distribution from 300 aggregates. 
Minor axis taken as the smallest axis from the fit-ellipsoid 
Ranges are taken from the aggregates being pulled from the db, 
not the bin edges (maximum range) 
Order: agg phi min, agg phi max, agg r min, agg r max, value 
0.005 0.027 1.731 27.067 1.089 
0.008 0.027 27.179 58.144 2.269 
0.007 0.027 58.262 95.608 3.380 
0.008 0.027 95.725 151.024 4.771 
0.007 0.027 151.055 286.450 6.773 
0.006 0.027 287.951 587.035 9.080 
0.006 0.027 588.269 917.171 10.241 
0.008 0.027 918.519 1392.265 14.056 
0.009 0.027 1394.724 2270.741 17.957 
0.006 0.027 2277.107 4995.074 23.198 
0.027 0.039 1.738 24.788 36.520 
0.027 0.039 24.843 54.272 47.287 
0.027 0.039 54.443 96.868 68.121 
0.027 0.039 97.074 149.845 83.181 
0.027 0.039 150.046 253.765 106.391 
0.027 0.039 254.863 515.868 112.169 
0.027 0.039 516.220 901.607 148.718 
0.027 0.039 904.080 1426.599 204.835 
0.027 0.039 1430.174 2393.990 283.858 
0.027 0.039 2405.931 4998.660 415.977 
0.039 0.054 1.647 20.625 1.267 
0.039 0.054 20.656 42.933 2.739 
0.039 0.054 42.980 77.473 4.092 
0.039 0.054 77.531 137.204 6.298 
0.039 0.054 137.402 255.822 8.309 
0.039 0.054 256.384 469.415 10.860 
0.039 0.054 470.087 795.474 14.949 
0.039 0.054 796.369 1406.752 17.825 
0.039 0.054 1409.853 2693.049 23.410 
0.039 0.054 2701.556 4993.730 30.916 
0.054 0.072 1.879 20.301 46.102 
0.054 0.072 20.382 40.449 58.950 
0.054 0.072 40.472 67.711 79.202 
0.054 0.072 67.897 122.092 101.754 
0.054 0.072 122.133 243.679 131.459 
0.054 0.072 244.371 442.753 180.008 
0.054 0.072 443.193 728.319 212.618 
0.054 0.072 730.395 1386.231 264.882 
0.054 0.072 1388.484 2844.086 421.845 
0.054 0.072 2849.291 4994.642 616.887 
0.072 0.095 1.802 21.397 1.403 
0.072 0.094 21.606 42.171 2.687 
0.072 0.095 42.295 68.911 4.600 
0.072 0.095 69.006 112.699 6.760 
0.072 0.095 113.330 206.207 8.013 
0.072 0.095 206.256 392.899 12.183 
0.072 0.095 393.904 655.076 15.982 
0.072 0.095 656.057 1250.289 19.836 
0.072 0.094 1254.021 2710.277 25.860 
0.072 0.095 2716.499 4999.394 34.611 
0.095 0.121 1.682 23.639 53.469 
0.095 0.121 23.715 47.684 68.234 
0.095 0.121 47.827 75.214 95.643 
0.095 0.121 75.421 108.605 122.698 
0.095 0.121 108.763 163.242 164.398 
0.095 0.121 163.664 323.661 199.593 
0.095 0.121 323.974 537.688 264.427 
0.095 0.121 538.210 1025.635 389.058 
0.095 0.121 1026.134 2501.863 580.853 
0.095 0.121 2502.584 4997.872 711.911 
0.121 0.151 1.957 24.832 1.660 
0.121 0.151 24.928 50.861 3.436 
0.121 0.151 51.031 74.031 5.446 
0.121 0.151 74.091 100.219 7.904 
0.121 0.151 100.408 146.223 10.047 
0.121 0.151 146.353 292.260 13.327 
0.121 0.151 292.504 479.159 17.098 
0.121 0.151 480.219 919.992 23.488 
0.121 0.151 928.081 2404.747 30.499 
0.121 0.151 2409.178 4996.335 43.642 
0.151 0.187 1.963 24.657 59.462 
0.151 0.187 24.738 48.545 84.488 
0.151 0.187 48.557 68.600 108.922 
0.151 0.187 68.696 91.653 129.260 
0.151 0.187 91.711 137.869 167.458 
0.151 0.187 138.256 275.030 235.102 
0.151 0.187 275.087 458.607 335.219 
0.151 0.187 460.225 886.628 495.007 
0.151 0.187 887.614 2398.585 739.029 
0.151 0.187 2413.246 4998.153 949.574 
0.187 0.229 1.920 24.886 2.204 
0.187 0.229 24.978 45.765 4.702 
0.187 0.229 45.842 63.472 6.739 
0.187 0.229 63.567 85.219 10.592 
0.187 0.229 85.294 128.822 12.829 
0.187 0.229 128.845 256.091 14.881 
0.187 0.229 256.178 443.066 20.719 
0.187 0.229 445.163 860.395 27.865 
0.187 0.229 863.210 2393.547 35.351 
0.187 0.229 2399.953 4988.829 45.734 
0.229 0.279 1.678 24.522 69.091 
0.229 0.279 24.593 42.234 96.900 
0.229 0.279 42.255 59.070 109.359 
0.229 0.279 59.096 79.817 157.113 
0.229 0.279 79.913 121.023 196.411 
0.229 0.279 121.074 241.800 266.813 
0.229 0.279 242.108 431.833 416.353 
0.229 0.279 432.087 840.781 543.311 
0.229 0.279 844.273 2399.710 839.264 
0.229 0.279 2405.784 4998.534 1174.556 
0.279 0.337 1.738 22.965 2.656 
0.279 0.337 22.999 38.954 5.994 
0.279 0.337 38.995 55.390 9.988 
0.279 0.337 55.440 76.587 12.574 
0.279 0.337 76.673 117.333 16.372 
0.279 0.337 117.845 239.775 22.029 
0.279 0.337 240.287 437.640 26.669 
0.279 0.337 438.678 847.048 29.859 
0.279 0.337 848.718 2443.113 35.015 
0.279 0.337 2444.491 4980.733 43.572 
0.338 0.398 1.783 20.878 67.988 
0.338 0.398 20.912 36.433 86.816 
0.338 0.398 36.455 54.426 112.711 
0.337 0.398 54.512 78.503 155.331 
0.337 0.398 78.698 134.918 200.989 
0.338 0.398 135.718 270.873 266.973 
0.338 0.398 271.274 486.284 420.780 
0.338 0.398 487.678 951.606 644.948 
0.337 0.398 955.327 2597.314 1016.825 
0.337 0.398 2602.852 4994.665 1360.702 
0.399 0.452 2.287 17.972 3.303 
0.398 0.452 17.999 34.236 7.282 
0.398 0.452 34.307 56.778 11.681 
0.398 0.452 56.918 89.545 16.150 
0.398 0.452 89.745 201.874 22.652 
0.398 0.452 202.556 353.089 24.609 
0.398 0.452 353.486 604.080 27.517 
0.398 0.452 604.955 1319.879 34.998 
0.398 0.452 1322.390 2871.657 34.814 
0.398 0.452 2872.254 4998.946 45.715 
0.452 0.498 1.722 16.515 71.999 
0.452 0.498 16.544 33.194 96.214 
0.452 0.498 33.229 60.836 124.470 
0.452 0.498 60.919 126.617 163.761 
0.452 0.498 127.552 276.437 217.551 
0.452 0.498 276.885 452.133 283.810 
0.453 0.498 453.728 726.100 449.289 
0.452 0.498 726.253 1663.178 745.152 
0.452 0.498 1674.060 3063.285 1132.444 
0.452 0.498 3067.710 4989.299 1567.240 
0.498 0.538 1.758 16.076 4.090 
0.498 0.538 16.126 32.541 8.736 
0.498 0.538 32.578 66.378 13.460 
0.498 0.538 66.615 185.794 20.207 
0.498 0.538 186.710 341.585 22.592 
0.498 0.538 342.009 526.292 28.401 
0.498 0.538 526.444 809.584 29.408 
0.498 0.538 811.899 1836.156 36.737 
0.498 0.538 1838.500 3197.701 39.691 
0.498 0.538 3199.185 4998.677 54.427 
0.538 0.576 1.857 15.958 77.904 
0.538 0.576 15.996 32.444 106.818 
0.538 0.576 32.496 72.117 132.107 
0.538 0.576 72.198 232.811 165.760 
0.538 0.576 232.944 391.451 234.198 
0.538 0.576 391.725 570.921 340.733 
0.538 0.576 572.211 861.442 499.141 
0.538 0.576 862.411 1962.398 824.280 
0.538 0.576 1966.749 3340.267 1340.226 
0.538 0.576 3344.934 4996.847 1995.918 
0.576 0.613 1.836 16.136 4.382 
0.576 0.613 16.162 32.048 9.704 
0.576 0.613 32.128 78.380 17.189 
0.576 0.613 78.489 275.993 21.088 
0.576 0.613 276.359 428.690 25.196 
0.576 0.613 428.773 607.606 31.794 
0.576 0.613 608.723 905.691 31.644 
0.576 0.613 906.719 2070.766 36.723 
0.576 0.613 2079.530 3441.138 44.601 
0.576 0.613 3447.557 4999.704 55.366 
0.614 0.655 2.013 16.172 81.767 
0.614 0.655 16.221 32.077 115.737 
0.613 0.655 32.122 87.333 151.469 
0.614 0.655 87.454 307.829 203.771 
0.614 0.655 308.195 451.066 263.757 
0.614 0.655 451.167 626.351 362.544 
0.614 0.655 627.600 927.239 527.639 
0.614 0.655 928.867 2147.933 969.343 
0.614 0.655 2149.229 3475.386 1419.602 
0.614 0.655 3483.008 4993.575 2179.054 
0.655 0.710 2.782 16.231 5.579 
0.655 0.709 16.281 31.260 11.649 
0.656 0.709 31.330 98.038 18.861 
0.655 0.709 99.301 331.732 23.826 
0.655 0.709 332.145 471.429 27.114 
0.655 0.710 472.664 643.286 33.242 
0.655 0.709 644.524 948.279 35.344 
0.655 0.709 948.487 2220.366 44.041 
0.655 0.709 2224.054 3539.895 48.238 
0.655 0.709 3546.847 4998.150 58.333 
0.710 0.942 1.828 15.948 87.628 
0.710 0.938 15.997 29.996 129.103 
0.710 0.919 30.045 119.501 176.020 
0.710 0.929 120.439 347.927 229.640 
0.710 0.917 348.176 489.964 309.635 
0.710 0.937 490.254 656.963 410.108 
0.710 0.939 657.298 953.568 630.126 
0.710 0.911 957.867 2278.533 1104.191 
0.710 0.926 2279.230 3587.928 1696.422 
0.710 0.918 3589.536 4997.289 2646.566 
0.006 0.027 1.724 27.136 6.096 
0.006 0.027 27.322 58.202 13.015 
0.007 0.027 58.304 95.505 19.566 
0.008 0.027 95.636 150.875 23.795 
0.008 0.027 151.113 285.869 31.117 
0.008 0.027 286.760 587.778 34.145 
0.006 0.027 588.381 917.081 41.185 
0.008 0.027 918.765 1391.840 49.424 
0.006 0.027 1394.848 2267.569 56.252 
0.006 0.027 2282.742 4996.112 72.411 
0.027 0.039 1.772 24.808 99.984 
0.027 0.039 24.824 54.381 140.384 
0.027 0.039 54.474 97.037 195.148 
0.027 0.039 97.073 149.824 278.396 
0.027 0.039 150.053 253.945 346.719 
0.027 0.039 254.138 515.608 498.009 
0.027 0.039 516.730 900.263 765.042 
0.027 0.039 901.709 1427.951 1344.810 
0.027 0.039 1430.147 2396.119 1965.300 
0.027 0.039 2403.774 4992.185 3075.100 
0.039 0.054 1.729 20.611 5.914 
0.039 0.054 20.635 42.941 14.717 
0.039 0.054 42.998 77.442 20.249 
0.039 0.054 77.666 137.247 24.362 
0.039 0.054 137.405 255.815 32.995 
0.039 0.054 256.812 469.415 37.068 
0.039 0.054 469.505 795.378 48.075 
0.039 0.054 796.318 1409.400 54.048 
0.039 0.054 1413.187 2696.748 65.302 
0.039 0.054 2697.018 4984.904 83.066 
0.054 0.072 1.642 20.267 140.122 
0.054 0.072 20.338 40.382 198.625 
0.054 0.072 40.472 67.823 259.848 
0.054 0.072 67.897 122.085 333.180 
0.054 0.072 122.379 243.562 457.686 
0.054 0.072 244.558 442.545 621.555 
0.054 0.072 443.054 729.542 1039.845 
0.054 0.072 730.958 1386.164 1765.142 
0.054 0.072 1387.056 2841.514 2492.599 
0.054 0.072 2857.975 4999.444 3398.075 
0.072 0.095 1.790 21.350 5.898 
0.072 0.095 21.511 42.124 12.237 
0.072 0.095 42.218 68.924 19.906 
0.072 0.095 68.975 113.174 25.946 
0.072 0.095 113.223 206.019 33.608 
0.072 0.095 206.566 393.251 44.796 
0.072 0.095 393.943 653.649 56.908 
0.072 0.095 655.635 1247.364 67.005 
0.072 0.095 1252.989 2711.470 92.059 
0.072 0.095 2731.105 4992.034 151.154 
0.095 0.121 1.686 23.639 204.751 
0.095 0.121 23.791 47.706 284.458 
0.095 0.121 47.753 75.397 367.954 
0.095 0.121 75.490 108.628 475.743 
0.095 0.121 108.665 162.880 658.081 
0.095 0.121 163.588 323.495 874.475 
0.095 0.121 324.026 537.915 1453.922 
0.095 0.121 538.238 1022.573 2174.424 
0.095 0.121 1029.070 2502.504 2960.161 
0.095 0.121 2502.652 4989.861 4052.971 
0.121 0.151 1.793 24.904 6.122 
0.121 0.151 24.998 50.847 12.003 
0.121 0.151 50.921 73.991 17.595 
0.121 0.151 74.101 100.263 25.153 
0.121 0.151 100.407 146.149 35.716 
0.121 0.151 146.585 292.268 47.098 
0.121 0.151 292.725 479.916 64.197 
0.121 0.151 480.926 919.390 87.524 
0.121 0.151 920.686 2391.336 155.324 
0.121 0.151 2406.818 4998.036 224.094 
0.151 0.187 1.738 24.651 294.778 
0.151 0.187 24.683 48.492 378.921 
0.151 0.187 48.556 68.627 476.145 
0.151 0.187 68.739 91.669 566.837 
0.151 0.187 91.839 137.765 796.915 
0.151 0.187 138.331 274.650 1182.042 
0.151 0.186 275.851 459.056 1775.539 
0.151 0.187 460.297 885.595 2493.976 
0.151 0.187 886.921 2402.246 3250.414 
0.151 0.187 2409.124 4991.871 4148.517 
0.187 0.229 2.091 24.950 5.858 
0.187 0.229 24.957 45.796 11.377 
0.187 0.229 45.847 63.491 18.379 
0.187 0.229 63.562 85.220 25.734 
0.187 0.229 85.230 128.752 36.214 
0.187 0.229 128.909 255.989 50.087 
0.187 0.229 256.206 444.316 73.383 
0.187 0.229 444.657 861.680 130.166 
0.187 0.229 862.586 2391.401 212.508 
0.187 0.229 2394.834 4996.559 276.503 
0.229 0.279 1.851 24.559 344.439 
0.229 0.279 24.578 42.212 456.955 
0.229 0.279 42.248 59.031 547.552 
0.229 0.279 59.166 79.740 674.575 
0.229 0.279 79.878 121.061 902.824 
0.229 0.279 121.063 241.800 1446.779 
0.229 0.279 242.233 431.731 1897.128 
0.229 0.279 431.989 843.776 2657.465 
0.229 0.279 848.334 2402.829 3274.290 
0.229 0.279 2405.542 4998.249 4197.735 
0.279 0.337 1.737 22.971 6.250 
0.279 0.337 23.014 38.922 11.920 
0.279 0.337 38.984 55.310 17.288 
0.279 0.337 55.435 76.591 26.084 
0.279 0.337 76.618 117.626 36.490 
0.279 0.337 118.009 240.111 54.705 
0.279 0.337 240.915 438.064 87.272 
0.279 0.337 438.579 846.084 179.199 
0.279 0.337 847.069 2441.919 258.379 
0.279 0.337 2448.439 4996.272 333.670 
0.338 0.398 1.822 20.880 409.112 
0.337 0.398 20.924 36.441 496.388 
0.337 0.398 36.488 54.457 590.096 
0.337 0.398 54.568 78.498 722.815 
0.337 0.398 78.752 135.187 959.223 
0.338 0.398 135.580 271.140 1619.653 
0.337 0.398 271.572 486.019 2075.077 
0.337 0.398 486.959 951.818 2689.707 
0.337 0.398 955.849 2594.167 3524.666 
0.337 0.398 2603.770 4994.788 4270.855 
0.398 0.452 1.902 17.977 6.734 
0.398 0.452 18.007 34.232 11.473 
0.398 0.452 34.250 56.757 18.441 
0.398 0.452 56.782 89.547 25.899 
0.398 0.452 89.664 201.902 37.327 
0.398 0.452 202.610 352.844 61.213 
0.398 0.452 353.589 604.765 121.090 
0.398 0.452 605.877 1319.011 210.366 
0.398 0.452 1322.445 2870.187 291.166 
0.398 0.452 2877.023 4999.259 372.122 
0.452 0.498 1.736 16.514 450.193 
0.452 0.498 16.539 33.144 524.162 
0.452 0.498 33.349 60.821 601.551 
0.452 0.498 60.881 126.668 750.419 
0.452 0.498 127.087 276.000 1068.430 
0.452 0.498 277.016 451.310 1686.938 
0.453 0.498 452.361 726.184 2262.616 
0.452 0.498 727.169 1661.499 2903.424 
0.452 0.498 1664.569 3061.286 3682.194 
0.452 0.498 3067.509 4995.182 4357.792 
0.498 0.538 1.781 16.078 6.822 
0.498 0.538 16.103 32.555 12.290 
0.498 0.538 32.578 66.400 17.853 
0.498 0.538 66.457 185.883 26.497 
0.498 0.538 186.110 341.766 36.490 
0.498 0.538 342.069 525.858 59.682 
0.498 0.538 526.606 811.067 144.822 
0.498 0.538 812.503 1835.686 256.671 
0.498 0.538 1837.320 3194.660 328.821 
0.498 0.538 3201.345 4999.566 391.894 
0.538 0.576 2.152 15.960 471.128 
0.538 0.576 16.122 32.454 552.467 
0.538 0.576 32.480 72.134 658.648 
0.538 0.576 72.261 232.613 771.571 
0.538 0.576 232.946 391.135 1168.625 
0.538 0.576 391.927 571.416 1782.771 
0.538 0.576 571.985 861.313 2373.481 
0.538 0.575 864.808 1963.888 3021.929 
0.538 0.576 1969.551 3338.373 3562.313 
0.538 0.575 3342.295 4998.741 4275.153 
0.576 0.613 1.781 16.119 7.035 
0.576 0.613 16.162 32.068 12.492 
0.576 0.613 32.119 78.262 18.133 
0.576 0.613 78.535 275.747 26.429 
0.576 0.613 276.204 428.650 36.970 
0.576 0.613 428.850 607.798 63.944 
0.576 0.613 608.356 905.546 189.161 
0.576 0.613 906.758 2076.583 283.062 
0.576 0.613 2078.822 3443.613 351.233 
0.576 0.613 3447.103 4990.401 418.728 
0.614 0.655 1.982 16.178 489.283 
0.614 0.655 16.184 32.077 575.175 
0.614 0.655 32.145 86.891 664.562 
0.614 0.655 87.700 307.869 800.681 
0.614 0.655 308.391 451.049 1243.019 
0.613 0.655 451.410 626.300 1844.260 
0.614 0.655 627.118 926.815 2491.625 
0.614 0.655 929.060 2144.268 3100.926 
0.614 0.655 2149.229 3472.303 3717.481 
0.614 0.655 3478.486 4999.599 4456.059 
0.655 0.710 2.274 16.222 7.044 
0.655 0.709 16.291 31.245 12.238 
0.655 0.709 31.345 97.618 18.374 
0.655 0.710 98.235 331.604 25.919 
0.655 0.709 331.831 471.772 35.172 
0.655 0.710 472.296 643.293 71.998 
0.655 0.710 643.841 945.847 206.349 
0.655 0.709 950.429 2221.376 305.932 
0.655 0.709 2224.675 3544.920 372.175 
0.655 0.709 3545.656 4998.425 441.679 
0.710 0.955 2.183 15.976 514.733 
0.710 0.933 16.014 29.999 593.957 
0.710 0.905 30.070 119.285 709.703 
0.710 0.918 121.296 347.255 835.780 
0.710 0.948 348.114 489.889 1272.051 
0.710 0.890 490.554 657.171 1916.973 
0.710 0.923 657.571 952.643 2533.115 
0.710 0.934 954.883 2274.768 3208.544 
0.710 0.930 2281.797 3588.895 3809.924 
0.710 0.926 3591.263 4999.558 4584.194 
