Agg-Agg collection for the random orientation. 
Characteristic values taken from the peak of a fit 
gamma distribution from 300 aggregates. 
Ranges are taken from the aggregates being pulled from the db, 
not the bin edges (maximum range) 
Order: agg phi min, agg phi max, agg r min, agg r max, value 
0.009 0.272 2.333 23.399 17.372 
0.007 0.272 23.559 46.033 37.092 
0.007 0.273 46.073 85.412 54.651 
0.010 0.272 85.556 160.232 89.878 
0.012 0.273 160.867 283.176 101.135 
0.009 0.272 283.284 484.930 144.874 
0.010 0.273 487.058 873.922 228.388 
0.009 0.272 874.560 1630.375 288.611 
0.007 0.272 1636.360 2914.483 413.908 
0.008 0.273 2917.154 4995.599 533.663 
0.273 0.327 2.639 28.003 464.911 
0.273 0.327 28.027 55.804 935.782 
0.273 0.327 55.875 101.046 1111.870 
0.273 0.327 101.061 183.769 1690.438 
0.273 0.327 184.327 318.782 1478.123 
0.273 0.327 319.430 529.560 2911.576 
0.273 0.327 530.485 908.188 4435.887 
0.273 0.327 913.341 1670.921 3709.251 
0.273 0.327 1674.713 2929.630 7127.287 
0.273 0.327 2942.724 4978.138 8581.525 
0.327 0.359 2.486 28.082 20.710 
0.327 0.359 28.363 54.676 39.542 
0.327 0.359 54.687 96.168 63.292 
0.327 0.359 96.564 178.309 93.007 
0.327 0.359 178.665 318.380 122.745 
0.327 0.359 318.579 528.704 157.926 
0.327 0.359 529.471 890.138 223.375 
0.327 0.359 895.911 1613.923 318.050 
0.327 0.359 1615.097 2929.908 411.771 
0.327 0.359 2938.362 4990.987 519.024 
0.359 0.384 2.164 27.635 695.477 
0.359 0.384 27.756 54.225 874.087 
0.359 0.384 54.342 94.916 1102.201 
0.359 0.384 94.995 173.972 1514.800 
0.359 0.384 174.852 314.223 2073.020 
0.359 0.384 314.651 528.285 2735.955 
0.359 0.384 528.944 894.212 3438.168 
0.359 0.384 895.477 1623.026 4777.698 
0.359 0.384 1623.693 2955.453 6412.571 
0.359 0.384 2958.258 4993.195 8050.778 
0.384 0.405 2.315 27.088 20.092 
0.384 0.405 27.189 53.238 43.754 
0.384 0.405 53.369 93.352 65.579 
0.384 0.405 93.438 171.292 86.344 
0.384 0.405 171.748 310.383 114.889 
0.384 0.405 312.151 528.154 157.362 
0.384 0.405 528.382 884.856 203.704 
0.384 0.405 885.420 1602.118 283.405 
0.384 0.405 1605.507 2924.603 361.198 
0.384 0.405 2929.265 4998.777 535.876 
0.405 0.423 2.437 27.024 642.292 
0.405 0.424 27.056 53.147 803.851 
0.405 0.423 53.244 91.832 1103.174 
0.405 0.424 91.875 170.347 1422.320 
0.405 0.423 170.861 312.728 1932.327 
0.405 0.424 313.379 530.954 2634.051 
0.405 0.424 533.676 876.649 3427.905 
0.405 0.423 876.985 1567.657 4945.870 
0.405 0.424 1570.981 2862.406 5998.997 
0.405 0.424 2877.522 4993.635 8499.315 
0.424 0.441 2.614 26.682 19.064 
0.424 0.441 26.777 52.349 43.434 
0.424 0.441 52.398 89.338 63.992 
0.424 0.441 89.641 164.055 86.891 
0.424 0.441 164.539 303.103 117.367 
0.424 0.441 303.578 520.270 151.147 
0.424 0.441 520.415 857.311 204.668 
0.424 0.441 858.444 1537.795 280.180 
0.424 0.441 1538.725 2875.325 390.276 
0.424 0.441 2881.388 4995.322 509.949 
0.441 0.458 2.541 26.504 705.498 
0.441 0.458 26.600 52.394 896.344 
0.441 0.458 52.442 88.991 1120.116 
0.441 0.458 89.100 161.902 1366.789 
0.441 0.458 162.311 304.190 1871.182 
0.441 0.458 304.420 523.608 2587.029 
0.441 0.458 524.245 857.368 3527.694 
0.441 0.458 857.693 1540.484 4556.208 
0.441 0.458 1547.664 2870.045 6515.049 
0.441 0.458 2871.724 4995.884 8203.233 
0.458 0.474 2.159 26.644 16.502 
0.458 0.474 26.731 52.493 39.263 
0.458 0.474 52.553 88.569 62.096 
0.458 0.474 88.697 159.969 83.772 
0.458 0.474 160.120 299.123 107.473 
0.458 0.474 299.464 520.716 144.520 
0.458 0.474 521.188 849.561 198.770 
0.458 0.474 851.042 1518.265 260.898 
0.458 0.474 1524.837 2857.217 379.986 
0.458 0.474 2863.321 4999.485 462.856 
0.474 0.490 2.281 26.454 628.185 
0.474 0.490 26.523 52.704 856.174 
0.474 0.490 52.794 88.270 1088.390 
0.474 0.490 88.434 158.737 1514.697 
0.474 0.490 158.902 298.121 1846.189 
0.474 0.490 298.132 517.077 2467.236 
0.474 0.490 518.410 839.665 3658.840 
0.474 0.490 840.631 1493.408 4397.188 
0.474 0.490 1496.997 2809.393 6273.514 
0.474 0.490 2815.844 4998.851 7637.958 
0.490 0.506 2.344 26.599 16.510 
0.490 0.506 26.722 52.688 39.718 
0.490 0.506 52.810 87.933 59.266 
0.490 0.506 88.129 157.951 85.414 
0.490 0.506 158.186 296.856 114.502 
0.490 0.506 298.414 520.472 145.087 
0.490 0.506 520.967 846.423 194.434 
0.490 0.506 847.962 1510.971 251.498 
0.490 0.506 1515.360 2814.574 358.545 
0.490 0.506 2816.776 4997.616 478.438 
0.506 0.522 2.326 26.511 673.127 
0.506 0.522 26.602 52.672 813.219 
0.506 0.522 52.743 87.501 1099.201 
0.506 0.522 87.682 154.829 1423.215 
0.506 0.522 155.084 296.745 1796.918 
0.506 0.522 297.067 523.767 2327.659 
0.506 0.522 525.002 842.075 3408.252 
0.506 0.522 843.103 1485.146 4419.203 
0.506 0.522 1494.392 2798.068 6010.959 
0.506 0.522 2805.904 4995.001 8116.479 
0.522 0.539 2.277 26.868 17.484 
0.522 0.539 26.911 52.694 38.899 
0.522 0.539 52.731 87.326 59.109 
0.522 0.539 87.349 155.315 81.443 
0.522 0.539 155.590 296.812 103.894 
0.522 0.539 297.468 520.615 135.426 
0.522 0.539 521.174 837.202 184.052 
0.522 0.539 838.795 1479.957 260.531 
0.522 0.539 1480.679 2801.617 345.478 
0.522 0.539 2804.717 4988.846 478.997 
0.539 0.557 2.273 27.178 677.023 
0.539 0.557 27.190 53.266 808.118 
0.539 0.557 53.325 87.484 1086.976 
0.539 0.557 87.630 154.703 1338.881 
0.539 0.557 154.746 296.755 1788.536 
0.539 0.557 297.035 521.685 2459.219 
0.539 0.557 522.928 833.785 3152.145 
0.539 0.557 834.743 1468.237 4675.526 
0.539 0.557 1471.106 2791.089 6245.949 
0.539 0.557 2797.706 4999.040 8298.601 
0.557 0.576 2.134 27.724 16.284 
0.557 0.576 27.768 53.702 37.780 
0.557 0.576 53.739 88.181 59.955 
0.557 0.576 88.231 155.533 87.930 
0.557 0.576 155.616 298.845 102.990 
0.557 0.576 299.361 528.120 142.592 
0.557 0.576 528.631 836.037 192.076 
0.557 0.576 837.077 1456.982 253.796 
0.557 0.576 1458.273 2796.591 339.442 
0.557 0.576 2799.318 4981.228 459.555 
0.576 0.598 2.227 28.386 631.116 
0.576 0.598 28.496 54.462 829.579 
0.576 0.598 54.563 88.124 1062.853 
0.576 0.598 88.249 156.888 1445.469 
0.576 0.598 157.113 303.523 1807.530 
0.576 0.598 304.108 530.017 2357.377 
0.576 0.598 530.378 842.565 3221.734 
0.576 0.598 843.864 1460.214 4659.725 
0.576 0.598 1461.504 2815.261 5779.030 
0.576 0.598 2816.035 4998.977 8414.807 
0.598 0.623 2.457 28.636 17.863 
0.598 0.623 28.840 54.598 36.341 
0.598 0.623 54.721 87.425 60.427 
0.598 0.623 87.782 155.720 79.877 
0.598 0.623 156.054 300.591 114.669 
0.598 0.623 300.663 524.555 147.926 
0.598 0.623 526.145 828.113 178.992 
0.598 0.623 828.283 1432.331 239.559 
0.598 0.623 1432.563 2821.238 344.576 
0.598 0.623 2827.694 4995.503 481.910 
0.623 0.655 2.948 29.089 618.608 
0.623 0.655 29.199 55.160 889.283 
0.623 0.655 55.190 87.249 1036.786 
0.623 0.655 87.330 154.468 1351.253 
0.623 0.655 155.099 304.753 1707.403 
0.623 0.655 306.294 531.573 2458.279 
0.623 0.654 532.668 837.930 3376.337 
0.623 0.655 838.839 1448.672 4526.711 
0.623 0.655 1449.978 2828.501 6186.900 
0.623 0.655 2834.369 4996.315 8341.921 
0.655 0.701 2.110 29.326 17.951 
0.655 0.701 29.351 54.858 39.474 
0.655 0.701 54.929 87.126 60.864 
0.655 0.701 87.197 155.608 80.164 
0.655 0.701 155.798 307.491 106.604 
0.655 0.701 307.924 533.342 148.493 
0.655 0.701 534.250 829.019 193.152 
0.655 0.701 829.806 1420.980 254.379 
0.655 0.701 1424.614 2820.550 353.242 
0.655 0.701 2828.959 4999.591 483.303 
0.701 0.920 2.780 29.395 643.879 
0.701 0.962 29.573 54.687 873.385 
0.701 0.898 54.719 86.377 1120.875 
0.701 0.921 86.490 152.960 1312.468 
0.701 0.906 153.621 303.273 1822.180 
0.701 0.907 303.900 527.527 2411.722 
0.701 0.920 528.373 816.950 3085.024 
0.701 0.941 818.500 1414.893 4274.425 
0.701 0.906 1420.436 2823.581 6137.245 
0.701 0.912 2831.200 4998.141 7904.952 
0.007 0.273 2.429 23.542 18.754 
0.010 0.272 23.548 46.036 37.874 
0.009 0.273 46.066 85.507 60.340 
0.006 0.273 85.537 160.284 86.923 
0.011 0.272 160.360 282.792 114.241 
0.006 0.272 283.462 484.730 145.757 
0.009 0.273 486.413 873.102 179.642 
0.013 0.272 874.936 1635.567 248.472 
0.010 0.273 1636.893 2914.562 341.265 
0.007 0.272 2915.301 4995.076 474.812 
0.273 0.327 2.328 27.987 617.360 
0.273 0.327 28.028 55.807 836.705 
0.273 0.327 55.898 101.024 1110.424 
0.273 0.327 101.073 183.817 1386.586 
0.273 0.327 184.267 318.493 1715.892 
0.273 0.327 318.964 529.816 2332.082 
0.273 0.327 530.226 912.403 3348.347 
0.273 0.327 913.155 1672.561 4605.775 
0.273 0.327 1673.659 2940.853 5775.706 
0.273 0.327 2941.569 4999.783 7563.687 
0.327 0.359 2.463 28.055 18.389 
0.327 0.359 28.239 54.531 38.493 
0.327 0.359 54.736 96.192 56.596 
0.327 0.359 96.537 178.158 82.886 
0.327 0.359 178.557 318.465 110.141 
0.327 0.359 318.846 528.921 135.621 
0.327 0.359 529.454 890.698 186.359 
0.327 0.359 892.367 1614.746 244.907 
0.327 0.359 1616.877 2927.727 338.374 
0.327 0.359 2935.663 4999.408 473.671 
0.359 0.384 2.198 27.665 613.519 
0.359 0.384 27.744 54.242 852.031 
0.359 0.384 54.380 94.915 1091.661 
0.359 0.384 94.964 174.060 1343.472 
0.359 0.384 174.180 314.253 1692.626 
0.359 0.384 314.579 528.502 2338.110 
0.359 0.384 530.193 894.360 3311.606 
0.359 0.384 895.054 1623.026 4551.084 
0.359 0.384 1628.587 2957.371 6175.765 
0.359 0.384 2958.035 4996.694 8430.039 
0.384 0.405 2.518 27.112 18.108 
0.384 0.405 27.149 53.256 38.013 
0.384 0.405 53.362 93.352 60.211 
0.384 0.405 93.390 171.166 84.771 
0.384 0.405 172.650 310.480 111.676 
0.384 0.405 310.986 528.077 137.715 
0.384 0.405 528.824 884.944 176.285 
0.384 0.405 886.693 1602.005 238.278 
0.384 0.405 1606.927 2924.663 342.968 
0.384 0.405 2927.802 4998.663 456.516 
0.405 0.424 2.667 27.035 619.964 
0.405 0.424 27.059 53.155 861.261 
0.405 0.424 53.189 91.802 1104.586 
0.405 0.423 91.849 170.412 1385.729 
0.405 0.424 170.963 312.791 1710.427 
0.405 0.423 312.899 531.459 2354.329 
0.405 0.424 532.191 875.968 3210.014 
0.405 0.424 877.750 1570.344 4457.158 
0.405 0.424 1570.741 2866.375 6245.464 
0.405 0.424 2867.239 4999.310 8118.668 
0.424 0.441 2.614 26.657 18.782 
0.424 0.441 26.700 52.308 38.255 
0.424 0.441 52.400 89.550 58.757 
0.424 0.441 89.656 164.268 83.048 
0.424 0.441 164.479 302.963 116.369 
0.424 0.441 303.636 520.160 138.777 
0.424 0.441 520.623 857.691 173.386 
0.424 0.441 858.982 1536.120 239.158 
0.424 0.441 1543.654 2876.307 343.850 
0.424 0.441 2884.558 4999.428 465.064 
0.441 0.458 2.287 26.568 647.920 
0.441 0.458 26.639 52.398 866.129 
0.441 0.458 52.426 89.007 1148.834 
0.441 0.458 89.248 162.263 1371.186 
0.441 0.458 162.714 304.141 1736.743 
0.441 0.458 304.608 523.778 2244.598 
0.441 0.458 525.263 857.556 3202.861 
0.441 0.458 857.693 1539.428 4059.965 
0.441 0.458 1543.882 2859.107 5952.262 
0.441 0.458 2873.278 4994.033 8235.214 
0.458 0.474 2.337 26.550 18.199 
0.458 0.474 26.684 52.515 37.510 
0.458 0.474 52.705 88.612 57.340 
0.458 0.474 88.664 159.904 86.640 
0.458 0.474 160.076 299.166 107.267 
0.458 0.474 299.547 520.794 136.374 
0.458 0.474 521.482 850.216 180.167 
0.458 0.474 851.707 1518.743 227.792 
0.458 0.474 1520.942 2860.303 339.337 
0.458 0.474 2866.814 4999.790 463.229 
0.474 0.490 2.470 26.491 620.302 
0.474 0.490 26.542 52.737 897.032 
0.474 0.490 52.811 88.223 1141.746 
0.474 0.490 88.419 158.647 1383.676 
0.474 0.490 158.942 298.121 1696.831 
0.474 0.490 298.287 518.085 2283.195 
0.474 0.490 519.230 839.836 2930.727 
0.474 0.490 840.281 1490.245 4455.974 
0.474 0.490 1494.399 2811.652 6212.112 
0.474 0.490 2814.237 4999.141 8233.569 
0.490 0.506 2.449 26.616 18.401 
0.490 0.506 26.641 52.665 37.959 
0.490 0.506 52.695 87.969 65.774 
0.490 0.506 88.170 157.571 83.537 
0.490 0.506 158.296 297.050 114.922 
0.490 0.506 298.330 520.301 142.827 
0.490 0.506 521.112 844.236 178.947 
0.490 0.506 846.682 1510.732 242.879 
0.490 0.506 1513.502 2805.598 319.079 
0.490 0.506 2819.506 4998.264 451.516 
0.506 0.522 2.320 26.483 654.972 
0.506 0.522 26.647 52.645 877.760 
0.506 0.522 52.698 87.551 1126.210 
0.506 0.522 87.559 154.791 1379.834 
0.506 0.522 155.241 296.602 1759.123 
0.506 0.522 297.032 524.436 2281.508 
0.506 0.522 524.782 841.781 2982.942 
0.506 0.522 843.525 1486.579 4223.710 
0.506 0.522 1491.770 2802.978 6129.954 
0.506 0.522 2805.031 4998.769 8415.156 
0.522 0.539 2.138 26.864 19.715 
0.522 0.539 26.886 52.694 38.153 
0.522 0.539 52.766 87.241 66.532 
0.522 0.539 87.390 155.381 89.386 
0.522 0.539 155.675 296.006 120.112 
0.522 0.539 297.485 520.595 139.779 
0.522 0.539 520.644 837.043 179.678 
0.522 0.539 840.481 1477.784 230.439 
0.522 0.539 1482.821 2801.548 345.826 
0.522 0.539 2803.070 4993.758 462.924 
0.539 0.557 2.014 27.050 668.903 
0.539 0.557 27.285 53.252 819.532 
0.539 0.557 53.302 87.458 1133.361 
0.539 0.557 87.506 154.580 1362.339 
0.539 0.557 155.254 296.738 1631.270 
0.539 0.557 297.455 521.863 2184.340 
0.539 0.557 522.723 832.531 3031.006 
0.539 0.557 835.390 1469.604 4460.059 
0.539 0.557 1471.106 2789.440 6127.111 
0.539 0.557 2797.336 4999.236 8002.130 
0.557 0.576 2.263 27.698 18.371 
0.557 0.576 27.748 53.691 41.848 
0.557 0.576 53.725 88.179 62.280 
0.557 0.576 88.269 155.568 86.149 
0.557 0.576 155.628 298.091 117.705 
0.557 0.576 299.311 527.658 145.658 
0.557 0.576 528.688 836.167 180.055 
0.557 0.576 837.635 1455.756 240.519 
0.557 0.576 1457.929 2792.507 340.797 
0.557 0.576 2798.217 4998.231 469.844 
0.576 0.598 2.144 28.394 651.825 
0.576 0.598 28.460 54.498 896.895 
0.576 0.598 54.543 88.212 1114.049 
0.576 0.598 88.260 156.911 1385.349 
0.576 0.598 157.524 303.565 1721.144 
0.576 0.598 304.316 529.833 2241.928 
0.576 0.598 530.536 842.207 3051.985 
0.576 0.598 843.112 1459.265 4320.238 
0.576 0.598 1461.708 2815.397 6254.123 
0.576 0.598 2824.316 4996.058 8449.741 
0.598 0.623 2.363 28.598 19.868 
0.598 0.623 28.673 54.622 43.513 
0.598 0.623 54.648 87.375 65.582 
0.598 0.623 87.523 155.378 90.098 
0.598 0.623 156.403 300.578 110.955 
0.598 0.623 300.872 524.497 144.202 
0.598 0.623 525.024 827.957 185.105 
0.598 0.623 828.673 1431.665 235.479 
0.598 0.623 1432.563 2820.781 349.861 
0.598 0.623 2821.941 4990.706 461.805 
0.623 0.654 2.494 29.131 668.372 
0.623 0.655 29.172 55.162 893.955 
0.623 0.655 55.200 87.174 1127.472 
0.623 0.655 87.405 154.911 1348.378 
0.623 0.654 155.585 305.593 1677.473 
0.623 0.655 305.938 531.824 2219.430 
0.623 0.655 532.457 837.831 3088.885 
0.623 0.655 839.492 1444.996 4473.938 
0.623 0.655 1450.268 2832.139 6302.587 
0.623 0.655 2835.462 4997.707 8275.787 
0.655 0.701 3.266 29.310 18.472 
0.655 0.701 29.358 54.864 41.162 
0.655 0.701 54.865 87.152 64.727 
0.655 0.701 87.186 155.507 87.413 
0.655 0.701 155.736 307.419 114.982 
0.655 0.701 308.280 533.837 148.182 
0.655 0.701 535.600 828.086 184.217 
0.655 0.701 829.995 1419.066 247.777 
0.655 0.701 1426.100 2823.562 342.632 
0.655 0.701 2828.765 4997.182 472.252 
0.701 0.906 2.736 29.466 658.000 
0.701 0.921 29.530 54.687 858.136 
0.701 0.923 54.744 86.369 1084.274 
0.701 0.927 86.492 153.429 1384.206 
0.701 0.891 153.598 303.008 1705.734 
0.701 0.906 304.687 527.448 2289.091 
0.701 0.918 528.351 816.270 3023.172 
0.701 0.948 817.775 1417.398 4476.176 
0.701 0.946 1419.144 2823.182 6396.107 
0.701 0.924 2827.505 4996.084 8087.247 
