Agg-Agg collection for the flat orientation. 
Mean value taken from the average across 300 aggregates. 
Major axis taken as the largest axis from the fit-ellipsoid 
Ranges are taken from the bin edges (maximum range) 
Order: agg phi min, agg phi max, agg r min, agg r max, value 
0.005 0.028 1.548 15.581 49.519 
0.005 0.028 15.581 27.101 100.784 
0.005 0.028 27.101 42.822 166.820 
0.005 0.028 42.822 58.428 238.077 
0.005 0.028 58.428 75.671 310.702 
0.005 0.028 75.671 96.158 402.305 
0.005 0.028 96.158 120.488 505.354 
0.005 0.028 120.488 150.853 619.572 
0.005 0.028 150.853 193.668 800.369 
0.005 0.028 193.668 283.172 1062.637 
0.005 0.028 283.172 435.513 1662.333 
0.005 0.028 435.513 585.439 2421.512 
0.005 0.028 585.439 738.061 3142.394 
0.005 0.028 738.061 919.666 3877.407 
0.005 0.028 919.666 1133.876 4693.730 
0.005 0.028 1133.876 1394.715 5976.417 
0.005 0.028 1394.715 1732.551 7272.936 
0.005 0.028 1732.551 2263.098 9419.860 
0.005 0.028 2263.098 3515.698 13253.998 
0.005 0.028 3515.698 4999.259 20065.604 
0.028 0.042 1.532 14.398 38.486 
0.028 0.042 14.398 24.033 79.668 
0.028 0.042 24.033 37.244 124.356 
0.028 0.042 37.244 52.255 184.746 
0.028 0.042 52.255 71.434 261.108 
0.028 0.042 71.434 94.348 346.962 
0.028 0.042 94.348 119.718 440.352 
0.028 0.042 119.718 148.820 551.699 
0.028 0.042 148.820 186.200 679.745 
0.028 0.042 186.200 252.520 870.265 
0.028 0.042 252.520 371.928 1290.326 
0.028 0.042 371.928 503.668 1801.644 
0.028 0.042 503.668 674.929 2419.888 
0.028 0.042 674.929 886.037 3198.393 
0.028 0.042 886.037 1141.877 4200.373 
0.028 0.042 1141.877 1430.190 5254.469 
0.028 0.042 1430.190 1796.466 6513.268 
0.028 0.042 1796.466 2455.530 8243.100 
0.028 0.042 2455.530 3631.604 11822.496 
0.028 0.042 3631.604 4999.909 17088.679 
0.042 0.058 1.489 12.342 28.907 
0.042 0.058 12.342 20.368 60.690 
0.042 0.058 20.368 30.519 92.644 
0.042 0.058 30.519 42.099 131.468 
0.042 0.058 42.099 56.236 178.928 
0.042 0.058 56.236 74.675 242.787 
0.042 0.058 74.675 100.169 323.017 
0.042 0.058 100.169 134.891 424.973 
0.042 0.058 134.891 178.971 579.501 
0.042 0.058 178.971 258.285 779.102 
0.042 0.058 258.285 356.507 1096.883 
0.042 0.058 356.507 466.954 1452.358 
0.042 0.058 466.954 601.018 1931.993 
0.042 0.058 601.018 778.532 2497.663 
0.042 0.058 778.532 1048.753 3329.746 
0.042 0.058 1048.753 1410.658 4455.184 
0.042 0.058 1410.658 1903.206 5989.662 
0.042 0.058 1903.206 2757.052 8171.958 
0.042 0.058 2757.052 3797.673 11730.531 
0.042 0.058 3797.673 4999.985 15483.641 
0.058 0.077 1.592 12.330 26.216 
0.058 0.077 12.330 20.508 53.555 
0.058 0.077 20.508 30.440 81.759 
0.058 0.077 30.440 40.624 112.869 
0.058 0.077 40.624 52.809 149.193 
0.058 0.077 52.809 67.274 197.221 
0.058 0.077 67.274 86.761 254.603 
0.058 0.077 86.761 119.433 337.895 
0.058 0.077 119.433 162.244 460.796 
0.058 0.077 162.244 236.227 647.948 
0.058 0.077 236.227 335.006 954.377 
0.058 0.077 335.006 436.565 1283.485 
0.058 0.077 436.565 559.387 1629.208 
0.058 0.077 559.387 719.312 2122.855 
0.058 0.077 719.312 977.273 2748.101 
0.058 0.077 977.273 1375.287 3859.744 
0.058 0.077 1375.287 1931.711 5328.214 
0.058 0.077 1931.711 2847.135 7604.851 
0.058 0.077 2847.135 3829.655 11026.053 
0.058 0.077 3829.655 4999.646 14363.892 
0.077 0.100 1.546 12.975 25.309 
0.077 0.100 12.975 21.849 51.006 
0.077 0.100 21.849 32.224 77.713 
0.077 0.100 32.224 42.979 111.745 
0.077 0.100 42.979 55.780 144.536 
0.077 0.100 55.780 70.503 180.860 
0.077 0.100 70.503 87.452 227.160 
0.077 0.100 87.452 112.179 288.582 
0.077 0.100 112.179 142.197 368.535 
0.077 0.100 142.197 193.771 500.516 
0.077 0.100 193.771 283.783 749.982 
0.077 0.100 283.783 375.359 998.829 
0.077 0.100 375.359 484.068 1305.175 
0.077 0.100 484.068 626.651 1740.830 
0.077 0.100 626.651 828.227 2278.050 
0.077 0.100 828.227 1182.547 3152.889 
0.077 0.100 1182.547 1718.277 4532.035 
0.077 0.100 1718.277 2653.311 6783.042 
0.077 0.100 2653.311 3731.174 9465.862 
0.077 0.100 3731.174 4999.871 12890.014 
0.100 0.127 1.472 13.527 24.050 
0.100 0.127 13.527 24.186 50.521 
0.100 0.127 24.186 35.606 79.004 
0.100 0.127 35.606 49.005 112.449 
0.100 0.127 49.005 62.876 146.892 
0.100 0.127 62.876 75.838 178.508 
0.100 0.127 75.838 90.133 213.416 
0.100 0.127 90.133 106.729 248.013 
0.100 0.127 106.729 127.039 302.005 
0.100 0.127 127.039 157.232 367.877 
0.100 0.127 157.232 242.633 555.391 
0.100 0.127 242.633 314.032 751.711 
0.100 0.127 314.032 407.121 978.660 
0.100 0.127 407.121 515.694 1262.278 
0.100 0.127 515.694 700.781 1727.100 
0.100 0.127 700.781 992.072 2348.894 
0.100 0.127 992.072 1528.877 3556.560 
0.100 0.127 1528.877 2473.250 5535.036 
0.100 0.127 2473.250 3604.534 8485.088 
0.100 0.127 3604.534 4999.957 11560.849 
0.127 0.157 1.550 13.707 22.292 
0.127 0.157 13.707 24.907 48.515 
0.127 0.157 24.907 37.230 76.851 
0.127 0.157 37.230 50.752 110.921 
0.127 0.157 50.752 62.500 138.789 
0.127 0.157 62.500 73.135 160.292 
0.127 0.157 73.135 84.885 188.230 
0.127 0.157 84.885 98.536 220.163 
0.127 0.157 98.536 115.844 256.553 
0.127 0.157 115.844 144.450 308.642 
0.127 0.157 144.450 218.872 449.139 
0.127 0.157 218.872 289.107 625.312 
0.127 0.157 289.107 370.769 804.221 
0.127 0.157 370.769 472.067 1038.821 
0.127 0.157 472.067 648.140 1425.160 
0.127 0.157 648.140 911.240 1982.201 
0.127 0.157 911.240 1427.774 2969.978 
0.127 0.157 1427.774 2396.789 4658.548 
0.127 0.157 2396.789 3587.321 7587.204 
0.127 0.157 3587.321 4999.790 10686.754 
0.157 0.193 1.636 13.698 20.959 
0.157 0.193 13.698 24.672 44.708 
0.157 0.193 24.672 36.820 71.524 
0.157 0.193 36.820 48.021 98.237 
0.157 0.193 48.021 58.070 119.897 
0.157 0.193 58.070 67.627 142.339 
0.157 0.193 67.627 77.956 163.170 
0.157 0.193 77.956 90.228 186.753 
0.157 0.193 90.228 107.594 220.263 
0.157 0.193 107.594 136.578 269.397 
0.157 0.193 136.578 202.737 380.743 
0.157 0.193 202.737 271.282 540.133 
0.157 0.193 271.282 350.691 711.015 
0.157 0.193 350.691 456.889 917.243 
0.157 0.193 456.889 626.799 1231.173 
0.157 0.193 626.799 881.944 1768.942 
0.157 0.193 881.944 1419.254 2614.884 
0.157 0.193 1419.254 2410.981 4447.823 
0.157 0.193 2410.981 3580.875 6865.128 
0.157 0.193 3580.875 4999.942 9977.453 
0.193 0.235 1.608 13.779 19.622 
0.193 0.235 13.779 24.971 42.321 
0.193 0.235 24.971 35.690 65.241 
0.193 0.235 35.690 45.330 87.395 
0.193 0.235 45.330 54.191 103.664 
0.193 0.235 54.191 62.771 123.012 
0.193 0.235 62.771 72.178 139.592 
0.193 0.235 72.178 84.255 164.127 
0.193 0.235 84.255 100.419 189.632 
0.193 0.235 100.419 127.835 235.971 
0.193 0.235 127.835 185.905 329.004 
0.193 0.235 185.905 254.682 466.233 
0.193 0.235 254.682 335.901 624.132 
0.193 0.235 335.901 444.412 828.454 
0.193 0.235 444.412 611.322 1138.167 
0.193 0.235 611.322 860.143 1581.116 
0.193 0.235 860.143 1390.128 2352.673 
0.193 0.235 1390.128 2388.861 4024.582 
0.193 0.235 2388.861 3552.538 6504.843 
0.193 0.235 3552.538 4999.933 9268.201 
0.235 0.284 1.584 13.817 18.558 
0.235 0.284 13.817 24.504 38.718 
0.235 0.284 24.504 33.567 58.027 
0.235 0.284 33.567 41.863 72.822 
0.235 0.284 41.863 50.094 90.779 
0.235 0.284 50.094 58.660 107.761 
0.235 0.284 58.660 67.886 123.849 
0.235 0.284 67.886 79.469 143.432 
0.235 0.284 79.469 95.017 166.016 
0.235 0.284 95.017 120.764 203.142 
0.235 0.284 120.764 174.459 284.705 
0.235 0.284 174.459 240.497 409.229 
0.235 0.284 240.497 323.967 563.078 
0.235 0.284 323.967 431.398 750.398 
0.235 0.284 431.398 597.724 1042.807 
0.235 0.284 597.724 843.095 1449.422 
0.235 0.284 843.095 1396.535 2204.285 
0.235 0.284 1396.535 2413.788 3870.345 
0.235 0.284 2413.788 3567.482 6041.350 
0.235 0.284 3567.482 4999.758 8730.678 
0.284 0.340 1.709 12.944 16.001 
0.284 0.340 12.944 22.779 34.539 
0.284 0.340 22.779 30.889 50.841 
0.284 0.340 30.889 38.678 65.373 
0.284 0.340 38.678 46.776 79.239 
0.284 0.340 46.776 55.211 93.948 
0.284 0.340 55.211 64.824 110.786 
0.284 0.340 64.824 76.362 131.434 
0.284 0.340 76.362 92.103 154.021 
0.284 0.340 92.103 117.298 188.460 
0.284 0.340 117.298 173.707 272.608 
0.284 0.340 173.707 240.314 387.056 
0.284 0.340 240.314 325.206 522.561 
0.284 0.340 325.206 438.062 716.754 
0.284 0.340 438.062 605.665 981.258 
0.284 0.340 605.665 846.637 1352.777 
0.284 0.340 846.637 1428.879 2062.450 
0.284 0.340 1428.879 2443.837 3714.048 
0.284 0.340 2443.837 3582.201 5664.337 
0.284 0.340 3582.201 4999.755 8074.629 
0.340 0.398 1.769 12.032 14.810 
0.340 0.398 12.032 20.846 30.375 
0.340 0.398 20.846 28.486 44.600 
0.340 0.398 28.486 36.401 57.810 
0.340 0.398 36.401 45.051 72.510 
0.340 0.398 45.051 54.494 89.430 
0.340 0.398 54.494 65.416 104.842 
0.340 0.398 65.416 78.862 126.814 
0.340 0.398 78.862 97.366 154.963 
0.340 0.398 97.366 137.088 208.569 
0.340 0.398 137.088 202.866 303.942 
0.340 0.398 202.866 272.937 423.448 
0.340 0.398 272.937 363.268 577.915 
0.340 0.398 363.268 489.253 757.134 
0.340 0.398 489.253 665.955 1040.471 
0.340 0.398 665.955 960.511 1426.054 
0.340 0.398 960.511 1685.904 2343.848 
0.340 0.398 1685.904 2604.221 3971.055 
0.340 0.398 2604.221 3658.911 5712.478 
0.340 0.398 3658.911 4999.992 7726.552 
0.398 0.450 1.635 10.392 12.452 
0.398 0.450 10.392 18.025 25.898 
0.398 0.450 18.025 25.846 39.440 
0.398 0.450 25.846 34.307 52.818 
0.398 0.450 34.307 44.925 69.494 
0.398 0.450 44.925 56.779 88.163 
0.398 0.450 56.779 70.211 111.266 
0.398 0.450 70.211 89.265 138.823 
0.398 0.450 89.265 129.486 187.440 
0.398 0.450 129.486 201.124 303.774 
0.398 0.450 201.124 270.725 422.839 
0.398 0.450 270.725 351.950 565.697 
0.398 0.450 351.950 459.210 728.580 
0.398 0.450 459.210 603.224 957.000 
0.398 0.450 603.224 824.024 1258.692 
0.398 0.450 824.024 1314.345 1846.143 
0.398 0.450 1314.345 2062.497 3067.700 
0.398 0.450 2062.497 2868.833 4509.103 
0.398 0.450 2868.833 3810.562 6013.642 
0.398 0.450 3810.562 4999.599 7805.108 
0.450 0.495 1.667 9.437 11.710 
0.450 0.495 9.437 16.637 23.515 
0.450 0.495 16.637 24.116 36.310 
0.450 0.495 24.116 33.274 49.644 
0.450 0.495 33.274 45.756 69.103 
0.450 0.495 45.756 60.522 94.496 
0.450 0.495 60.522 80.956 124.709 
0.450 0.495 80.956 122.822 175.713 
0.450 0.495 122.822 201.053 303.063 
0.450 0.495 201.053 272.774 441.749 
0.450 0.495 272.774 350.804 574.595 
0.450 0.495 350.804 447.456 717.077 
0.450 0.495 447.456 561.647 912.097 
0.450 0.495 561.647 719.444 1158.807 
0.450 0.495 719.444 1005.749 1514.484 
0.450 0.495 1005.749 1648.888 2397.386 
0.450 0.495 1648.888 2326.778 3611.931 
0.450 0.495 2326.778 3054.588 4936.304 
0.450 0.495 3054.588 3947.057 6323.350 
0.450 0.495 3947.057 4999.954 8090.628 
0.495 0.535 1.719 9.184 11.646 
0.495 0.535 9.184 16.080 22.745 
0.495 0.535 16.080 23.207 35.168 
0.495 0.535 23.207 32.608 49.017 
0.495 0.535 32.608 46.562 70.224 
0.495 0.535 46.562 66.215 100.108 
0.495 0.535 66.215 98.245 146.067 
0.495 0.535 98.245 183.224 257.737 
0.495 0.535 183.224 259.907 411.737 
0.495 0.535 259.907 337.727 537.789 
0.495 0.535 337.727 423.290 688.027 
0.495 0.535 423.290 522.235 856.199 
0.495 0.535 522.235 643.035 1065.461 
0.495 0.535 643.035 808.512 1319.816 
0.495 0.535 808.512 1199.351 1736.352 
0.495 0.535 1199.351 1830.973 2777.075 
0.495 0.535 1830.973 2488.161 3928.695 
0.495 0.535 2488.161 3193.542 5263.893 
0.495 0.535 3193.542 4028.770 6550.316 
0.495 0.535 4028.770 4999.882 8110.311 
0.535 0.572 1.749 9.180 11.902 
0.535 0.572 9.180 15.997 22.619 
0.535 0.572 15.997 22.843 35.313 
0.535 0.572 22.843 32.493 49.329 
0.535 0.572 32.493 48.002 72.400 
0.535 0.572 48.002 71.296 108.635 
0.535 0.572 71.296 133.024 172.555 
0.535 0.572 133.024 228.428 337.957 
0.535 0.572 228.428 310.373 505.239 
0.535 0.572 310.373 386.934 638.000 
0.535 0.572 386.934 471.430 798.855 
0.535 0.572 471.430 568.039 961.909 
0.535 0.572 568.039 687.001 1149.999 
0.535 0.572 687.001 857.702 1417.323 
0.535 0.572 857.702 1336.082 1885.126 
0.535 0.572 1336.082 1951.718 3034.794 
0.535 0.572 1951.718 2606.033 4218.167 
0.535 0.572 2606.033 3325.925 5424.737 
0.535 0.572 3325.925 4109.893 6817.934 
0.535 0.572 4109.893 4999.966 8265.866 
0.572 0.610 1.779 9.135 12.136 
0.572 0.610 9.135 16.106 22.538 
0.572 0.610 16.106 22.943 35.330 
0.572 0.610 22.943 32.084 50.263 
0.572 0.610 32.084 48.795 71.831 
0.572 0.610 48.795 78.233 112.920 
0.572 0.610 78.233 176.596 221.104 
0.572 0.610 176.596 273.796 414.066 
0.572 0.610 273.796 350.429 584.738 
0.572 0.610 350.429 426.479 716.545 
0.572 0.610 426.479 508.629 881.734 
0.572 0.610 508.629 605.859 1038.623 
0.572 0.610 605.859 720.120 1254.008 
0.572 0.610 720.120 904.277 1479.240 
0.572 0.610 904.277 1482.910 2104.848 
0.572 0.610 1482.910 2066.077 3283.246 
0.572 0.610 2066.077 2726.587 4462.843 
0.572 0.610 2726.587 3437.421 5618.158 
0.572 0.610 3437.421 4188.157 7092.866 
0.572 0.610 4188.157 4999.755 8611.154 
0.610 0.652 1.753 9.151 12.833 
0.610 0.652 9.151 16.192 23.616 
0.610 0.652 16.192 23.109 35.970 
0.610 0.652 23.109 32.062 50.873 
0.610 0.652 32.062 48.706 71.861 
0.610 0.652 48.706 85.752 120.964 
0.610 0.652 85.752 213.665 277.594 
0.610 0.652 213.665 305.003 494.560 
0.610 0.652 305.003 376.364 647.231 
0.610 0.652 376.364 449.166 776.479 
0.610 0.652 449.166 531.271 917.873 
0.610 0.652 531.271 624.040 1097.899 
0.610 0.652 624.040 738.228 1271.113 
0.610 0.652 738.228 922.519 1537.507 
0.610 0.652 922.519 1549.727 2231.517 
0.610 0.652 1549.727 2144.778 3443.949 
0.610 0.652 2144.778 2800.340 4569.150 
0.610 0.652 2800.340 3472.696 5867.508 
0.610 0.652 3472.696 4198.866 7177.448 
0.610 0.652 4198.866 4999.985 8727.228 
0.652 0.707 1.792 9.156 12.993 
0.652 0.707 9.156 16.218 24.043 
0.652 0.707 16.218 23.027 36.303 
0.652 0.707 23.027 31.364 50.464 
0.652 0.707 31.364 48.321 71.150 
0.652 0.707 48.321 98.495 126.962 
0.652 0.707 98.495 248.480 337.325 
0.652 0.707 248.480 331.097 553.690 
0.652 0.707 331.097 398.920 687.767 
0.652 0.707 398.920 471.442 829.247 
0.652 0.707 471.442 552.188 973.929 
0.652 0.707 552.188 643.165 1127.406 
0.652 0.707 643.165 756.003 1314.304 
0.652 0.707 756.003 949.802 1580.076 
0.652 0.707 949.802 1603.359 2380.438 
0.652 0.707 1603.359 2220.500 3577.915 
0.652 0.707 2220.500 2856.873 4819.641 
0.652 0.707 2856.873 3543.600 6114.712 
0.652 0.707 3543.600 4259.175 7344.536 
0.652 0.707 4259.175 4999.898 8647.477 
0.707 0.965 1.710 9.069 13.227 
0.707 0.965 9.069 16.011 23.914 
0.707 0.965 16.011 22.534 36.506 
0.707 0.965 22.534 30.083 49.743 
0.707 0.965 30.083 46.160 69.688 
0.707 0.965 46.160 119.312 131.406 
0.707 0.965 119.312 273.554 395.577 
0.707 0.965 273.554 347.769 600.370 
0.707 0.965 347.769 418.028 733.340 
0.707 0.965 418.028 489.677 872.077 
0.707 0.965 489.677 567.773 1024.023 
0.707 0.965 567.773 657.198 1186.716 
0.707 0.965 657.198 764.855 1376.039 
0.707 0.965 764.855 953.648 1606.652 
0.707 0.965 953.648 1631.679 2482.241 
0.707 0.965 1631.679 2279.315 3693.304 
0.707 0.965 2279.315 2918.405 4955.553 
0.707 0.965 2918.405 3591.220 6289.799 
0.707 0.965 3591.220 4268.814 7547.500 
0.707 0.965 4268.814 4999.994 8929.589 
