Agg-Agg collection for the flat orientation. 
Characteristic values taken from the peak of a fit 
gamma distribution from 300 aggregates. 
Ranges are taken from the aggregates being pulled from the db, 
not the bin edges (maximum range) 
Order: agg phi min, agg phi max, agg r min, agg r max, value 
0.005 0.027 1.548 15.639 49.652 
0.005 0.027 15.639 27.159 97.117 
0.005 0.027 27.159 42.774 153.068 
0.005 0.027 42.774 58.245 218.340 
0.005 0.027 58.245 75.174 284.859 
0.005 0.027 75.174 95.608 367.519 
0.005 0.027 95.608 120.126 471.042 
0.005 0.027 120.126 151.036 580.321 
0.005 0.027 151.036 194.480 723.109 
0.005 0.027 194.480 286.541 988.466 
0.005 0.027 286.541 438.160 1575.294 
0.005 0.027 438.160 588.223 2301.832 
0.005 0.027 588.223 738.728 2903.492 
0.005 0.027 738.728 917.815 3599.427 
0.005 0.027 917.815 1131.164 4395.381 
0.005 0.027 1131.164 1393.471 5116.446 
0.005 0.027 1393.471 1731.484 6685.350 
0.005 0.027 1731.484 2271.273 8971.080 
0.005 0.027 2271.273 3528.802 13043.168 
0.005 0.027 3528.802 4999.259 18205.428 
0.027 0.039 1.532 14.729 39.788 
0.027 0.039 14.729 24.818 70.922 
0.027 0.039 24.818 38.774 118.338 
0.027 0.039 38.774 54.403 173.727 
0.027 0.039 54.403 73.965 239.199 
0.027 0.039 73.965 97.049 302.533 
0.027 0.039 97.049 121.552 414.876 
0.027 0.039 121.552 149.889 508.101 
0.027 0.039 149.889 186.975 632.336 
0.027 0.039 186.975 253.957 823.387 
0.027 0.039 253.957 379.181 1218.778 
0.027 0.039 379.181 516.174 1667.210 
0.027 0.039 516.174 690.396 2185.407 
0.027 0.039 690.396 901.650 2971.914 
0.027 0.039 901.650 1149.578 3656.679 
0.027 0.039 1149.578 1429.994 4773.526 
0.027 0.039 1429.994 1786.316 5664.070 
0.027 0.039 1786.316 2401.920 7932.449 
0.027 0.039 2401.920 3600.069 11021.768 
0.027 0.039 3600.069 4999.909 15713.043 
0.039 0.054 1.489 12.526 30.695 
0.039 0.054 12.526 20.626 54.549 
0.039 0.054 20.626 31.085 86.707 
0.039 0.054 31.085 42.956 115.145 
0.039 0.054 42.956 57.957 162.965 
0.039 0.054 57.957 77.483 224.181 
0.039 0.054 77.483 103.894 284.322 
0.039 0.054 103.894 137.296 383.437 
0.039 0.054 137.296 180.234 508.749 
0.039 0.054 180.234 255.972 718.559 
0.039 0.054 255.972 357.424 1042.203 
0.039 0.054 357.424 469.417 1389.154 
0.039 0.054 469.417 611.167 1799.088 
0.039 0.054 611.167 796.302 2368.962 
0.039 0.054 796.302 1063.984 3149.612 
0.039 0.054 1063.984 1409.674 4139.366 
0.039 0.054 1409.674 1866.532 5389.054 
0.039 0.054 1866.532 2696.877 7531.914 
0.039 0.054 2696.877 3763.447 10747.322 
0.039 0.054 3763.447 4999.798 14725.467 
0.054 0.072 1.573 12.201 26.502 
0.054 0.072 12.201 20.317 48.537 
0.054 0.072 20.317 30.146 75.856 
0.054 0.072 30.146 40.459 99.475 
0.054 0.072 40.459 52.951 140.211 
0.054 0.072 52.951 67.866 170.985 
0.054 0.072 67.866 88.194 232.594 
0.054 0.072 88.194 122.097 320.766 
0.054 0.072 122.097 166.252 429.830 
0.054 0.072 166.252 243.906 598.871 
0.054 0.072 243.906 341.276 863.691 
0.054 0.072 341.276 442.882 1111.645 
0.054 0.072 442.882 567.591 1455.223 
0.054 0.072 567.591 729.693 1860.064 
0.054 0.072 729.693 993.199 2562.939 
0.054 0.072 993.199 1386.779 3540.233 
0.054 0.072 1386.779 1940.721 5296.526 
0.054 0.072 1940.721 2848.756 7193.778 
0.054 0.072 2848.756 3834.792 10250.508 
0.054 0.072 3834.792 4999.985 13254.363 
0.072 0.095 1.546 12.784 23.894 
0.072 0.095 12.784 21.444 46.302 
0.072 0.095 21.444 31.694 73.729 
0.072 0.095 31.694 42.211 95.963 
0.072 0.095 42.211 54.481 126.967 
0.072 0.095 54.481 68.957 159.322 
0.072 0.095 68.957 86.581 208.622 
0.072 0.095 86.581 113.184 265.835 
0.072 0.095 113.184 147.347 346.155 
0.072 0.095 147.347 206.239 434.380 
0.072 0.095 206.239 297.459 686.932 
0.072 0.095 297.459 393.477 949.609 
0.072 0.095 393.477 507.126 1227.149 
0.072 0.095 507.126 655.543 1486.126 
0.072 0.095 655.543 868.535 1975.477 
0.072 0.095 868.535 1250.339 2865.686 
0.072 0.095 1250.339 1779.336 4287.386 
0.072 0.095 1779.336 2715.990 5801.952 
0.072 0.095 2715.990 3769.100 8850.356 
0.072 0.095 3769.100 4999.871 11766.043 
0.095 0.121 1.472 13.527 24.975 
0.095 0.121 13.527 23.713 46.719 
0.095 0.121 23.713 34.777 74.510 
0.095 0.121 34.777 47.753 97.747 
0.095 0.121 47.753 61.859 137.041 
0.095 0.121 61.859 75.407 169.148 
0.095 0.121 75.407 90.490 189.114 
0.095 0.121 90.490 108.660 226.113 
0.095 0.121 108.660 130.140 289.731 
0.095 0.121 130.140 163.447 335.673 
0.095 0.121 163.447 250.486 528.955 
0.095 0.121 250.486 323.968 701.966 
0.095 0.121 323.968 421.504 870.818 
0.095 0.121 421.504 537.967 1110.850 
0.095 0.121 537.967 723.562 1552.271 
0.095 0.121 723.562 1025.833 2203.601 
0.095 0.121 1025.833 1558.564 3285.217 
0.095 0.121 1558.564 2502.570 5002.743 
0.095 0.121 2502.570 3619.792 7723.896 
0.095 0.121 3619.792 4999.957 10154.087 
0.121 0.151 1.550 13.664 22.698 
0.121 0.151 13.664 24.925 44.078 
0.121 0.151 24.925 37.189 69.846 
0.121 0.151 37.189 50.914 94.918 
0.121 0.151 50.914 63.041 130.112 
0.121 0.151 63.041 74.038 146.304 
0.121 0.151 74.038 86.208 171.793 
0.121 0.151 86.208 100.360 207.894 
0.121 0.151 100.360 117.651 242.921 
0.121 0.151 117.651 146.326 283.693 
0.121 0.151 146.326 222.537 405.536 
0.121 0.151 222.537 292.358 550.558 
0.121 0.151 292.358 376.165 706.956 
0.121 0.151 376.165 480.032 976.928 
0.121 0.151 480.032 656.202 1312.488 
0.121 0.151 656.202 920.125 1809.997 
0.121 0.151 920.125 1444.867 2731.042 
0.121 0.151 1444.867 2404.912 4171.407 
0.121 0.151 2404.912 3584.812 6778.608 
0.121 0.151 3584.812 4999.745 10044.276 
0.151 0.187 1.616 13.746 20.894 
0.151 0.187 13.746 24.667 40.648 
0.151 0.187 24.667 36.975 66.887 
0.151 0.187 36.975 48.549 94.862 
0.151 0.187 48.549 58.878 105.794 
0.151 0.187 58.878 68.680 129.938 
0.151 0.187 68.680 79.171 157.643 
0.151 0.187 79.171 91.686 169.561 
0.151 0.187 91.686 109.227 210.978 
0.151 0.187 109.227 138.029 253.578 
0.151 0.187 138.029 205.418 363.917 
0.151 0.187 205.418 275.032 504.709 
0.151 0.187 275.032 354.885 662.747 
0.151 0.187 354.885 459.655 820.282 
0.151 0.187 459.655 632.279 1176.042 
0.151 0.187 632.279 886.663 1607.860 
0.151 0.187 886.663 1416.129 2463.808 
0.151 0.187 1416.129 2404.782 3979.344 
0.151 0.187 2404.782 3584.343 6450.228 
0.151 0.187 3584.343 4999.942 8777.033 
0.187 0.229 1.608 13.744 18.499 
0.187 0.229 13.744 24.957 40.390 
0.187 0.229 24.957 35.932 59.357 
0.187 0.229 35.932 45.829 81.072 
0.187 0.229 45.829 54.678 94.423 
0.187 0.229 54.678 63.523 115.608 
0.187 0.229 63.523 72.976 127.009 
0.187 0.229 72.976 85.223 155.865 
0.187 0.229 85.223 101.434 177.899 
0.187 0.229 101.434 128.832 212.671 
0.187 0.229 128.832 187.922 314.032 
0.187 0.229 187.922 256.108 445.650 
0.187 0.229 256.108 336.577 584.002 
0.187 0.229 336.577 444.633 771.469 
0.187 0.229 444.633 612.349 1072.844 
0.187 0.229 612.349 861.979 1471.036 
0.187 0.229 861.979 1397.652 2271.321 
0.187 0.229 1397.652 2394.414 3754.340 
0.187 0.229 2394.414 3558.914 6050.560 
0.187 0.229 3558.914 4999.933 8456.620 
0.229 0.279 1.584 13.811 18.814 
0.229 0.279 13.811 24.559 38.257 
0.229 0.279 24.559 33.800 54.173 
0.229 0.279 33.800 42.237 67.453 
0.229 0.279 42.237 50.489 85.918 
0.229 0.279 50.489 59.070 102.618 
0.229 0.279 59.070 68.199 118.342 
0.229 0.279 68.199 79.858 129.302 
0.229 0.279 79.858 95.329 150.178 
0.229 0.279 95.329 121.062 195.204 
0.229 0.279 121.062 175.300 273.120 
0.229 0.279 175.300 241.960 385.726 
0.229 0.279 241.960 325.145 510.758 
0.229 0.279 325.145 431.834 715.418 
0.229 0.279 431.834 597.021 927.272 
0.229 0.279 597.021 844.102 1316.755 
0.229 0.279 844.102 1394.013 2026.326 
0.229 0.279 1394.013 2405.345 3532.662 
0.229 0.279 2405.345 3567.553 5998.170 
0.229 0.279 3567.553 4999.758 7996.751 
0.279 0.337 1.709 13.031 16.558 
0.279 0.337 13.031 22.999 32.728 
0.279 0.337 22.999 31.134 47.272 
0.279 0.337 31.134 38.979 60.846 
0.279 0.337 38.979 47.051 74.496 
0.279 0.337 47.051 55.430 90.628 
0.279 0.337 55.430 65.014 106.716 
0.279 0.337 65.014 76.597 123.513 
0.279 0.337 76.597 92.353 146.634 
0.279 0.337 92.353 117.776 179.337 
0.279 0.337 117.776 173.983 248.491 
0.279 0.337 173.983 240.281 362.299 
0.279 0.337 240.281 325.222 500.228 
0.279 0.337 325.222 438.267 656.126 
0.279 0.337 438.267 605.247 963.455 
0.279 0.337 605.247 847.057 1271.982 
0.279 0.337 847.057 1424.939 1934.805 
0.279 0.337 1424.939 2443.670 3554.344 
0.279 0.337 2443.670 3574.252 4946.453 
0.279 0.337 3574.252 4999.755 7202.681 
0.337 0.398 1.769 12.064 13.577 
0.337 0.398 12.064 20.902 28.981 
0.337 0.398 20.902 28.551 41.127 
0.337 0.398 28.551 36.444 55.723 
0.337 0.398 36.444 45.064 66.574 
0.337 0.398 45.064 54.489 83.311 
0.337 0.398 54.489 65.371 100.171 
0.337 0.398 65.371 78.684 117.557 
0.337 0.398 78.684 96.957 144.658 
0.337 0.398 96.957 135.563 188.710 
0.337 0.398 135.563 201.348 293.709 
0.337 0.398 201.348 271.142 391.824 
0.337 0.398 271.142 361.336 532.606 
0.337 0.398 361.336 486.916 705.560 
0.337 0.398 486.916 663.266 977.326 
0.337 0.398 663.266 954.115 1345.709 
0.337 0.398 954.115 1679.897 2332.186 
0.337 0.398 1679.897 2600.015 3529.957 
0.337 0.398 2600.015 3659.638 5451.813 
0.337 0.398 3659.638 4999.992 7319.002 
0.398 0.452 1.635 10.392 12.134 
0.398 0.452 10.392 17.990 24.905 
0.398 0.452 17.990 25.784 35.345 
0.398 0.452 25.784 34.248 48.775 
0.398 0.452 34.248 44.927 64.238 
0.398 0.452 44.927 56.780 82.368 
0.398 0.452 56.780 70.310 106.954 
0.398 0.452 70.310 89.558 129.521 
0.398 0.452 89.558 130.778 186.068 
0.398 0.452 130.778 202.553 287.961 
0.398 0.452 202.553 272.038 412.986 
0.398 0.452 272.038 353.362 553.677 
0.398 0.452 353.362 461.177 675.545 
0.398 0.452 461.177 604.777 938.212 
0.398 0.452 604.777 826.131 1214.561 
0.398 0.452 826.131 1320.381 1759.849 
0.398 0.452 1320.381 2067.704 2968.085 
0.398 0.452 2067.704 2872.084 4346.015 
0.398 0.452 2872.084 3812.388 5583.830 
0.398 0.452 3812.388 4999.599 6864.670 
0.452 0.498 1.670 9.367 10.901 
0.452 0.498 9.367 16.531 21.775 
0.452 0.498 16.531 24.035 37.035 
0.452 0.498 24.035 33.218 49.027 
0.452 0.498 33.218 45.790 66.341 
0.452 0.498 45.790 60.861 86.235 
0.452 0.498 60.861 81.781 120.583 
0.452 0.498 81.781 126.984 171.468 
0.452 0.498 126.984 204.716 292.344 
0.452 0.498 204.716 276.546 414.262 
0.452 0.498 276.546 355.455 555.681 
0.452 0.498 355.455 452.330 704.555 
0.452 0.498 452.330 566.922 891.511 
0.452 0.498 566.922 726.229 1095.965 
0.452 0.498 726.229 1019.100 1449.043 
0.452 0.498 1019.100 1663.862 2351.153 
0.452 0.498 1663.862 2339.140 3482.196 
0.452 0.498 2339.140 3063.662 4462.476 
0.452 0.498 3063.662 3949.735 6047.764 
0.452 0.498 3949.735 4999.954 7717.794 
0.498 0.538 1.734 9.181 11.451 
0.498 0.538 9.181 16.084 22.057 
0.498 0.538 16.084 23.142 32.178 
0.498 0.538 23.142 32.571 50.377 
0.498 0.538 32.571 46.653 71.461 
0.498 0.538 46.653 66.438 100.305 
0.498 0.538 66.438 99.568 139.569 
0.498 0.538 99.568 185.886 246.616 
0.498 0.538 185.886 264.054 400.148 
0.498 0.538 264.054 342.002 526.881 
0.498 0.538 342.002 427.601 666.464 
0.498 0.538 427.601 526.427 887.080 
0.498 0.538 526.427 647.271 1033.831 
0.498 0.538 647.271 811.763 1232.537 
0.498 0.538 811.763 1204.616 1705.727 
0.498 0.538 1204.616 1836.362 2811.094 
0.498 0.538 1836.362 2491.761 3814.675 
0.498 0.538 2491.761 3198.856 4862.771 
0.498 0.538 3198.856 4033.151 6378.122 
0.498 0.538 4033.151 4999.882 8140.871 
0.538 0.576 1.749 9.162 11.863 
0.538 0.576 9.162 15.986 21.838 
0.538 0.576 15.986 22.858 34.586 
0.538 0.576 22.858 32.463 48.879 
0.538 0.576 32.463 48.144 70.667 
0.538 0.576 48.144 72.154 103.086 
0.538 0.576 72.154 137.743 157.649 
0.538 0.576 137.743 232.860 339.975 
0.538 0.576 232.860 314.576 490.193 
0.538 0.576 314.576 391.492 644.553 
0.538 0.576 391.492 475.831 762.384 
0.538 0.576 475.831 571.665 964.855 
0.538 0.576 571.665 689.631 1138.122 
0.538 0.576 689.631 861.632 1341.249 
0.538 0.576 861.632 1352.071 1918.168 
0.538 0.576 1352.071 1965.920 3107.028 
0.538 0.576 1965.920 2622.367 4211.007 
0.538 0.576 2622.367 3341.513 5465.004 
0.538 0.576 3341.513 4119.360 7027.867 
0.538 0.576 4119.360 4999.966 8242.616 
0.576 0.613 1.779 9.154 11.936 
0.576 0.613 9.154 16.146 22.016 
0.576 0.613 16.146 22.960 34.899 
0.576 0.613 22.960 32.091 47.537 
0.576 0.613 32.091 48.701 71.987 
0.576 0.613 48.701 78.477 111.053 
0.576 0.613 78.477 178.913 205.700 
0.576 0.613 178.913 276.154 413.052 
0.576 0.613 276.154 352.705 564.734 
0.576 0.613 352.705 428.712 713.108 
0.576 0.613 428.712 510.845 873.046 
0.576 0.613 510.845 608.037 995.004 
0.576 0.613 608.037 722.617 1215.479 
0.576 0.613 722.617 906.517 1423.430 
0.576 0.613 906.517 1490.672 2035.910 
0.576 0.613 1490.672 2077.182 3251.419 
0.576 0.613 2077.182 2736.220 4488.755 
0.576 0.613 2736.220 3444.622 5513.573 
0.576 0.613 3444.622 4189.936 6938.344 
0.576 0.613 4189.936 4999.755 8320.010 
0.613 0.655 1.753 9.143 12.178 
0.613 0.655 9.143 16.182 23.551 
0.613 0.655 16.182 23.143 34.849 
0.613 0.655 23.143 32.109 51.640 
0.613 0.655 32.109 48.990 71.781 
0.613 0.655 48.990 87.391 120.901 
0.613 0.655 87.391 217.669 257.795 
0.613 0.655 217.669 308.081 499.351 
0.613 0.655 308.081 378.701 628.063 
0.613 0.655 378.701 451.160 769.455 
0.613 0.655 451.160 533.589 895.657 
0.613 0.655 533.589 626.580 1062.285 
0.613 0.655 626.580 740.137 1268.982 
0.613 0.655 740.137 928.761 1485.454 
0.613 0.655 928.761 1558.707 2081.928 
0.613 0.655 1558.707 2148.801 3343.534 
0.613 0.655 2148.801 2804.452 4677.198 
0.613 0.655 2804.452 3478.422 5722.004 
0.613 0.655 3478.422 4206.249 7149.215 
0.613 0.655 4206.249 4999.985 8565.284 
0.655 0.710 1.792 9.168 12.820 
0.655 0.710 9.168 16.248 23.301 
0.655 0.710 16.248 22.991 36.114 
0.655 0.710 22.991 31.310 50.543 
0.655 0.710 31.310 48.135 68.535 
0.655 0.710 48.135 98.217 122.770 
0.655 0.710 98.217 249.189 321.144 
0.655 0.710 249.189 331.758 535.161 
0.655 0.710 331.758 399.447 702.347 
0.655 0.710 399.447 471.844 808.557 
0.655 0.710 471.844 552.569 959.583 
0.655 0.710 552.569 643.403 1105.134 
0.655 0.710 643.403 755.963 1306.743 
0.655 0.710 755.963 948.312 1531.173 
0.655 0.710 948.312 1602.564 2269.784 
0.655 0.710 1602.564 2223.406 3595.267 
0.655 0.710 2223.406 2860.675 4641.388 
0.655 0.710 2860.675 3544.950 6076.563 
0.655 0.710 3544.950 4259.321 7423.693 
0.655 0.710 4259.321 4999.898 8831.198 
0.710 0.977 1.710 9.063 13.257 
0.710 0.977 9.063 15.997 23.744 
0.710 0.977 15.997 22.513 36.949 
0.710 0.977 22.513 30.037 49.858 
0.710 0.977 30.037 46.151 69.282 
0.710 0.977 46.151 120.189 122.854 
0.710 0.977 120.189 274.440 396.465 
0.710 0.977 274.440 348.106 593.717 
0.710 0.977 348.106 418.470 724.779 
0.710 0.977 418.470 489.965 868.570 
0.710 0.977 489.965 567.938 1004.322 
0.710 0.977 567.938 657.292 1147.160 
0.710 0.977 657.292 764.905 1378.521 
0.710 0.977 764.905 953.868 1562.130 
0.710 0.977 953.868 1632.574 2469.580 
0.710 0.977 1632.574 2279.114 3674.793 
0.710 0.977 2279.114 2916.695 4905.356 
0.710 0.977 2916.695 3589.256 6338.737 
0.710 0.977 3589.256 4268.438 7254.915 
0.710 0.977 4268.438 4999.994 8798.373 
