Agg-Agg collection for the random orientation. 
Characteristic values taken from the peak of a fit 
gamma distribution from 300 aggregates. 
Minor axis taken as the smallest axis from the fit-ellipsoid 
Ranges are taken from the aggregates being pulled from the db, 
not the bin edges (maximum range) 
Order: agg phi min, agg phi max, agg r min, agg r max, value 
0.009 0.272 2.333 23.399 5.660 
0.007 0.272 23.559 46.033 11.263 
0.007 0.273 46.073 85.412 18.653 
0.010 0.272 85.556 160.232 27.583 
0.012 0.273 160.867 283.176 33.634 
0.009 0.272 283.284 484.930 46.170 
0.010 0.273 487.058 873.922 65.266 
0.009 0.272 874.560 1630.375 99.830 
0.007 0.272 1636.360 2914.483 136.132 
0.008 0.273 2917.154 4995.599 193.346 
0.273 0.327 2.639 28.003 198.877 
0.273 0.327 28.027 55.804 279.177 
0.273 0.327 55.875 101.046 400.935 
0.273 0.327 101.061 183.769 519.198 
0.273 0.327 184.327 318.782 589.869 
0.273 0.327 319.430 529.560 939.854 
0.273 0.327 530.485 908.188 1391.554 
0.273 0.327 913.341 1670.921 1578.620 
0.273 0.327 1674.713 2929.630 2504.367 
0.273 0.327 2942.724 4978.138 2916.093 
0.327 0.359 2.486 28.082 6.655 
0.327 0.359 28.363 54.676 17.095 
0.327 0.359 54.687 96.168 23.109 
0.327 0.359 96.564 178.309 33.174 
0.327 0.359 178.665 318.380 46.518 
0.327 0.359 318.579 528.704 65.159 
0.327 0.359 529.471 890.138 91.281 
0.327 0.359 895.911 1613.923 117.416 
0.327 0.359 1615.097 2929.908 153.593 
0.327 0.359 2938.362 4990.987 198.421 
0.359 0.384 2.164 27.635 242.682 
0.359 0.384 27.756 54.225 320.282 
0.359 0.384 54.342 94.916 409.891 
0.359 0.384 94.995 173.972 551.388 
0.359 0.384 174.852 314.223 803.993 
0.359 0.384 314.651 528.285 1003.863 
0.359 0.384 528.944 894.212 1407.128 
0.359 0.384 895.477 1623.026 1849.386 
0.359 0.384 1623.693 2955.453 2626.236 
0.359 0.384 2958.258 4993.195 3218.509 
0.384 0.405 2.315 27.088 7.717 
0.384 0.405 27.189 53.238 16.264 
0.384 0.405 53.369 93.352 27.205 
0.384 0.405 93.438 171.292 32.788 
0.384 0.405 171.748 310.383 44.903 
0.384 0.405 312.151 528.154 60.006 
0.384 0.405 528.382 884.856 82.788 
0.384 0.405 885.420 1602.118 114.453 
0.384 0.405 1605.507 2924.603 151.274 
0.384 0.405 2929.265 4998.777 206.974 
0.405 0.423 2.437 27.024 267.832 
0.405 0.424 27.056 53.147 349.284 
0.405 0.423 53.244 91.832 450.656 
0.405 0.424 91.875 170.347 611.793 
0.405 0.423 170.861 312.728 774.956 
0.405 0.424 313.379 530.954 1055.608 
0.405 0.424 533.676 876.649 1396.486 
0.405 0.423 876.985 1567.657 1870.408 
0.405 0.424 1570.981 2862.406 2510.398 
0.405 0.424 2877.522 4993.635 3358.544 
0.424 0.441 2.614 26.682 7.391 
0.424 0.441 26.777 52.349 16.948 
0.424 0.441 52.398 89.338 25.032 
0.424 0.441 89.641 164.055 35.859 
0.424 0.441 164.539 303.103 47.886 
0.424 0.441 303.578 520.270 62.934 
0.424 0.441 520.415 857.311 82.577 
0.424 0.441 858.444 1537.795 106.708 
0.424 0.441 1538.725 2875.325 157.071 
0.424 0.441 2881.388 4995.322 211.564 
0.441 0.458 2.541 26.504 267.292 
0.441 0.458 26.600 52.394 362.052 
0.441 0.458 52.442 88.991 427.237 
0.441 0.458 89.100 161.902 604.022 
0.441 0.458 162.311 304.190 774.276 
0.441 0.458 304.420 523.608 1045.778 
0.441 0.458 524.245 857.368 1294.423 
0.441 0.458 857.693 1540.484 1968.415 
0.441 0.458 1547.664 2870.045 2611.293 
0.441 0.458 2871.724 4995.884 3213.628 
0.458 0.474 2.159 26.644 7.978 
0.458 0.474 26.731 52.493 16.176 
0.458 0.474 52.553 88.569 24.639 
0.458 0.474 88.697 159.969 35.592 
0.458 0.474 160.120 299.123 46.294 
0.458 0.474 299.464 520.716 66.678 
0.458 0.474 521.188 849.561 84.681 
0.458 0.474 851.042 1518.265 110.466 
0.458 0.474 1524.837 2857.217 154.262 
0.458 0.474 2863.321 4999.485 213.693 
0.474 0.490 2.281 26.454 271.565 
0.474 0.490 26.523 52.704 354.720 
0.474 0.490 52.794 88.270 473.545 
0.474 0.490 88.434 158.737 615.806 
0.474 0.490 158.902 298.121 790.545 
0.474 0.490 298.132 517.077 1070.983 
0.474 0.490 518.410 839.665 1352.093 
0.474 0.490 840.631 1493.408 1862.587 
0.474 0.490 1496.997 2809.393 2523.900 
0.474 0.490 2815.844 4998.851 3415.466 
0.490 0.506 2.344 26.599 7.923 
0.490 0.506 26.722 52.688 16.015 
0.490 0.506 52.810 87.933 26.370 
0.490 0.506 88.129 157.951 35.643 
0.490 0.506 158.186 296.856 50.697 
0.490 0.506 298.414 520.472 64.078 
0.490 0.506 520.967 846.423 86.629 
0.490 0.506 847.962 1510.971 111.211 
0.490 0.506 1515.360 2814.574 158.008 
0.490 0.506 2816.776 4997.616 212.541 
0.506 0.522 2.326 26.511 279.193 
0.506 0.522 26.602 52.672 385.714 
0.506 0.522 52.743 87.501 478.662 
0.506 0.522 87.682 154.829 560.857 
0.506 0.522 155.084 296.745 769.691 
0.506 0.522 297.067 523.767 1055.278 
0.506 0.522 525.002 842.075 1444.914 
0.506 0.522 843.103 1485.146 1959.067 
0.506 0.522 1494.392 2798.068 2605.324 
0.506 0.522 2805.904 4995.001 3628.903 
0.522 0.539 2.277 26.868 7.470 
0.522 0.539 26.911 52.694 16.939 
0.522 0.539 52.731 87.326 25.480 
0.522 0.539 87.349 155.315 37.592 
0.522 0.539 155.590 296.812 48.360 
0.522 0.539 297.468 520.615 62.952 
0.522 0.539 521.174 837.202 78.133 
0.522 0.539 838.795 1479.957 111.697 
0.522 0.539 1480.679 2801.617 158.258 
0.522 0.539 2804.717 4988.846 206.182 
0.539 0.557 2.273 27.178 294.233 
0.539 0.557 27.190 53.266 362.908 
0.539 0.557 53.325 87.484 484.556 
0.539 0.557 87.630 154.703 604.136 
0.539 0.557 154.746 296.755 795.273 
0.539 0.557 297.035 521.685 1027.937 
0.539 0.557 522.928 833.785 1417.772 
0.539 0.557 834.743 1468.237 2083.227 
0.539 0.557 1471.106 2791.089 2559.862 
0.539 0.557 2797.706 4999.040 3405.338 
0.557 0.576 2.134 27.724 8.093 
0.557 0.576 27.768 53.702 16.903 
0.557 0.576 53.739 88.181 24.967 
0.557 0.576 88.231 155.533 36.185 
0.557 0.576 155.616 298.845 47.694 
0.557 0.576 299.361 528.120 59.753 
0.557 0.576 528.631 836.037 80.775 
0.557 0.576 837.077 1456.982 105.335 
0.557 0.576 1458.273 2796.591 156.788 
0.557 0.576 2799.318 4981.228 212.959 
0.576 0.598 2.227 28.386 268.066 
0.576 0.598 28.496 54.462 380.494 
0.576 0.598 54.563 88.124 500.754 
0.576 0.598 88.249 156.888 621.319 
0.576 0.598 157.113 303.523 788.534 
0.576 0.598 304.108 530.017 1017.558 
0.576 0.598 530.378 842.565 1464.624 
0.576 0.598 843.864 1460.214 1934.062 
0.576 0.598 1461.504 2815.261 2638.890 
0.576 0.598 2816.035 4998.977 3757.372 
0.598 0.623 2.457 28.636 8.538 
0.598 0.623 28.840 54.598 17.600 
0.598 0.623 54.721 87.425 26.451 
0.598 0.623 87.782 155.720 37.157 
0.598 0.623 156.054 300.591 48.701 
0.598 0.623 300.663 524.555 62.210 
0.598 0.623 526.145 828.113 83.967 
0.598 0.623 828.283 1432.331 106.907 
0.598 0.623 1432.563 2821.238 153.272 
0.598 0.623 2827.694 4995.503 205.345 
0.623 0.655 2.948 29.089 297.928 
0.623 0.655 29.199 55.160 361.753 
0.623 0.655 55.190 87.249 446.807 
0.623 0.655 87.330 154.468 636.744 
0.623 0.655 155.099 304.753 775.660 
0.623 0.655 306.294 531.573 1036.114 
0.623 0.654 532.668 837.930 1414.899 
0.623 0.655 838.839 1448.672 1955.183 
0.623 0.655 1449.978 2828.501 2608.647 
0.623 0.655 2834.369 4996.315 3575.803 
0.655 0.701 2.110 29.326 8.852 
0.655 0.701 29.351 54.858 17.360 
0.655 0.701 54.929 87.126 24.514 
0.655 0.701 87.197 155.608 36.751 
0.655 0.701 155.798 307.491 52.188 
0.655 0.701 307.924 533.342 67.174 
0.655 0.701 534.250 829.019 78.750 
0.655 0.701 829.806 1420.980 108.937 
0.655 0.701 1424.614 2820.550 151.012 
0.655 0.701 2828.959 4999.591 207.994 
0.701 0.920 2.780 29.395 279.759 
0.701 0.962 29.573 54.687 366.163 
0.701 0.898 54.719 86.377 511.792 
0.701 0.921 86.490 152.960 646.623 
0.701 0.906 153.621 303.273 821.952 
0.701 0.907 303.900 527.527 1021.971 
0.701 0.920 528.373 816.950 1418.071 
0.701 0.941 818.500 1414.893 1948.423 
0.701 0.906 1420.436 2823.581 2703.040 
0.701 0.912 2831.200 4998.141 3763.457 
0.007 0.273 2.429 23.542 8.963 
0.010 0.272 23.548 46.036 17.921 
0.009 0.273 46.066 85.507 26.813 
0.006 0.273 85.537 160.284 37.920 
0.011 0.272 160.360 282.792 48.489 
0.006 0.272 283.462 484.730 65.397 
0.009 0.273 486.413 873.102 85.430 
0.013 0.272 874.936 1635.567 116.307 
0.010 0.273 1636.893 2914.562 157.070 
0.007 0.272 2915.301 4995.076 224.664 
0.273 0.327 2.328 27.987 281.656 
0.273 0.327 28.028 55.807 371.814 
0.273 0.327 55.898 101.024 510.634 
0.273 0.327 101.073 183.817 610.301 
0.273 0.327 184.267 318.493 819.458 
0.273 0.327 318.964 529.816 1062.170 
0.273 0.327 530.226 912.403 1421.189 
0.273 0.327 913.155 1672.561 2068.981 
0.273 0.327 1673.659 2940.853 2668.495 
0.273 0.327 2941.569 4999.783 3851.747 
0.327 0.359 2.463 28.055 7.652 
0.327 0.359 28.239 54.531 17.659 
0.327 0.359 54.736 96.192 27.438 
0.327 0.359 96.537 178.158 37.686 
0.327 0.359 178.557 318.465 50.408 
0.327 0.359 318.846 528.921 64.796 
0.327 0.359 529.454 890.698 81.883 
0.327 0.359 892.367 1614.746 105.643 
0.327 0.359 1616.877 2927.727 150.113 
0.327 0.359 2935.663 4999.408 211.678 
0.359 0.384 2.198 27.665 289.456 
0.359 0.384 27.744 54.242 405.296 
0.359 0.384 54.380 94.915 517.527 
0.359 0.384 94.964 174.060 633.277 
0.359 0.384 174.180 314.253 775.984 
0.359 0.384 314.579 528.502 1044.447 
0.359 0.384 530.193 894.360 1499.685 
0.359 0.384 895.054 1623.026 2064.417 
0.359 0.384 1628.587 2957.371 2912.984 
0.359 0.384 2958.035 4996.694 3758.640 
0.384 0.405 2.518 27.112 8.336 
0.384 0.405 27.149 53.256 17.307 
0.384 0.405 53.362 93.352 27.620 
0.384 0.405 93.390 171.166 37.782 
0.384 0.405 172.650 310.480 52.882 
0.384 0.405 310.986 528.077 66.956 
0.384 0.405 528.824 884.944 83.889 
0.384 0.405 886.693 1602.005 112.754 
0.384 0.405 1606.927 2924.663 155.754 
0.384 0.405 2927.802 4998.663 205.020 
0.405 0.424 2.667 27.035 287.915 
0.405 0.424 27.059 53.155 397.026 
0.405 0.424 53.189 91.802 485.252 
0.405 0.423 91.849 170.412 621.466 
0.405 0.424 170.963 312.791 795.730 
0.405 0.423 312.899 531.459 1055.078 
0.405 0.424 532.191 875.968 1408.460 
0.405 0.424 877.750 1570.344 1995.461 
0.405 0.424 1570.741 2866.375 2757.418 
0.405 0.424 2867.239 4999.310 3839.104 
0.424 0.441 2.614 26.657 9.212 
0.424 0.441 26.700 52.308 18.762 
0.424 0.441 52.400 89.550 28.001 
0.424 0.441 89.656 164.268 40.855 
0.424 0.441 164.479 302.963 53.381 
0.424 0.441 303.636 520.160 66.672 
0.424 0.441 520.623 857.691 82.337 
0.424 0.441 858.982 1536.120 110.749 
0.424 0.441 1543.654 2876.307 147.087 
0.424 0.441 2884.558 4999.428 202.633 
0.441 0.458 2.287 26.568 304.068 
0.441 0.458 26.639 52.398 387.774 
0.441 0.458 52.426 89.007 527.166 
0.441 0.458 89.248 162.263 647.054 
0.441 0.458 162.714 304.141 788.959 
0.441 0.458 304.608 523.778 1068.318 
0.441 0.458 525.263 857.556 1514.781 
0.441 0.458 857.693 1539.428 2026.536 
0.441 0.458 1543.882 2859.107 2760.745 
0.441 0.458 2873.278 4994.033 3858.769 
0.458 0.474 2.337 26.550 9.362 
0.458 0.474 26.684 52.515 19.634 
0.458 0.474 52.705 88.612 29.298 
0.458 0.474 88.664 159.904 41.118 
0.458 0.474 160.076 299.166 51.878 
0.458 0.474 299.547 520.794 68.040 
0.458 0.474 521.482 850.216 89.226 
0.458 0.474 851.707 1518.743 118.569 
0.458 0.474 1520.942 2860.303 151.837 
0.458 0.474 2866.814 4999.790 230.973 
0.474 0.490 2.470 26.491 305.520 
0.474 0.490 26.542 52.737 408.400 
0.474 0.490 52.811 88.223 507.554 
0.474 0.490 88.419 158.647 654.178 
0.474 0.490 158.942 298.121 840.422 
0.474 0.490 298.287 518.085 1121.336 
0.474 0.490 519.230 839.836 1533.509 
0.474 0.490 840.281 1490.245 2056.161 
0.474 0.490 1494.399 2811.652 2806.099 
0.474 0.490 2814.237 4999.141 3818.271 
0.490 0.506 2.449 26.616 9.098 
0.490 0.506 26.641 52.665 19.131 
0.490 0.506 52.695 87.969 29.792 
0.490 0.506 88.170 157.571 42.732 
0.490 0.506 158.296 297.050 52.172 
0.490 0.506 298.330 520.301 67.777 
0.490 0.506 521.112 844.236 89.032 
0.490 0.506 846.682 1510.732 113.428 
0.490 0.506 1513.502 2805.598 161.951 
0.490 0.506 2819.506 4998.264 223.665 
0.506 0.522 2.320 26.483 314.326 
0.506 0.522 26.647 52.645 403.052 
0.506 0.522 52.698 87.551 502.657 
0.506 0.522 87.559 154.791 642.353 
0.506 0.522 155.241 296.602 849.146 
0.506 0.522 297.032 524.436 1087.920 
0.506 0.522 524.782 841.781 1456.221 
0.506 0.522 843.525 1486.579 2116.418 
0.506 0.522 1491.770 2802.978 2936.119 
0.506 0.522 2805.031 4998.769 3635.333 
0.522 0.539 2.138 26.864 10.469 
0.522 0.539 26.886 52.694 20.477 
0.522 0.539 52.766 87.241 30.335 
0.522 0.539 87.390 155.381 41.580 
0.522 0.539 155.675 296.006 56.317 
0.522 0.539 297.485 520.595 70.365 
0.522 0.539 520.644 837.043 85.641 
0.522 0.539 840.481 1477.784 116.568 
0.522 0.539 1482.821 2801.548 157.697 
0.522 0.539 2803.070 4993.758 228.643 
0.539 0.557 2.014 27.050 309.184 
0.539 0.557 27.285 53.252 398.203 
0.539 0.557 53.302 87.458 528.881 
0.539 0.557 87.506 154.580 651.305 
0.539 0.557 155.254 296.738 815.659 
0.539 0.557 297.455 521.863 1093.623 
0.539 0.557 522.723 832.531 1484.928 
0.539 0.557 835.390 1469.604 2122.998 
0.539 0.557 1471.106 2789.440 2980.899 
0.539 0.557 2797.336 4999.236 3870.223 
0.557 0.576 2.263 27.698 10.795 
0.557 0.576 27.748 53.691 21.100 
0.557 0.576 53.725 88.179 31.961 
0.557 0.576 88.269 155.568 42.409 
0.557 0.576 155.628 298.091 56.505 
0.557 0.576 299.311 527.658 68.102 
0.557 0.576 528.688 836.167 90.403 
0.557 0.576 837.635 1455.756 114.681 
0.557 0.576 1457.929 2792.507 155.268 
0.557 0.576 2798.217 4998.231 237.403 
0.576 0.598 2.144 28.394 317.579 
0.576 0.598 28.460 54.498 423.089 
0.576 0.598 54.543 88.212 527.461 
0.576 0.598 88.260 156.911 654.569 
0.576 0.598 157.524 303.565 826.408 
0.576 0.598 304.316 529.833 1079.388 
0.576 0.598 530.536 842.207 1577.605 
0.576 0.598 843.112 1459.265 2127.157 
0.576 0.598 1461.708 2815.397 2892.011 
0.576 0.598 2824.316 4996.058 3997.953 
0.598 0.623 2.363 28.598 9.537 
0.598 0.623 28.673 54.622 20.932 
0.598 0.623 54.648 87.375 32.807 
0.598 0.623 87.523 155.378 43.888 
0.598 0.623 156.403 300.578 56.781 
0.598 0.623 300.872 524.497 70.233 
0.598 0.623 525.024 827.957 87.620 
0.598 0.623 828.673 1431.665 124.524 
0.598 0.623 1432.563 2820.781 167.398 
0.598 0.623 2821.941 4990.706 239.735 
0.623 0.654 2.494 29.131 323.635 
0.623 0.655 29.172 55.162 432.337 
0.623 0.655 55.200 87.174 532.454 
0.623 0.655 87.405 154.911 684.325 
0.623 0.654 155.585 305.593 849.735 
0.623 0.655 305.938 531.824 1114.806 
0.623 0.655 532.457 837.831 1572.626 
0.623 0.655 839.492 1444.996 2187.842 
0.623 0.655 1450.268 2832.139 3022.073 
0.623 0.655 2835.462 4997.707 4092.936 
0.655 0.701 3.266 29.310 10.850 
0.655 0.701 29.358 54.864 22.430 
0.655 0.701 54.865 87.152 33.627 
0.655 0.701 87.186 155.507 45.020 
0.655 0.701 155.736 307.419 56.965 
0.655 0.701 308.280 533.837 70.842 
0.655 0.701 535.600 828.086 92.985 
0.655 0.701 829.995 1419.066 122.794 
0.655 0.701 1426.100 2823.562 165.137 
0.655 0.701 2828.765 4997.182 240.551 
0.701 0.906 2.736 29.466 340.478 
0.701 0.921 29.530 54.687 439.353 
0.701 0.923 54.744 86.369 553.646 
0.701 0.927 86.492 153.429 678.922 
0.701 0.891 153.598 303.008 836.328 
0.701 0.906 304.687 527.448 1112.971 
0.701 0.918 528.351 816.270 1613.488 
0.701 0.948 817.775 1417.398 2267.703 
0.701 0.946 1419.144 2823.182 3036.284 
0.701 0.924 2827.505 4996.084 4085.011 
