Agg-Agg collection for the random orientation. 
Volume ratio of agg subtracted from volume ratio of new agg (Vagg/Vellipse)
Characteristic value taken from the peak of a fit 
gamma distribution from 300 aggregates. 
Ranges are taken from the aggregates being pulled from the db, 
not the bin edges (maximum range) 
Order: agg phi min, agg phi max, agg r min, agg r max, value 
0.009 0.272 2.333 23.399 -0.689 
0.007 0.272 23.559 46.033 -0.091 
0.007 0.273 46.073 85.412 -0.440 
0.010 0.272 85.556 160.232 -0.059 
0.012 0.273 160.867 283.176 -5.915 
0.009 0.272 283.284 484.930 -3.280 
0.010 0.273 487.058 873.922 -0.309 
0.009 0.272 874.560 1630.375 -0.325 
0.007 0.272 1636.360 2914.483 -0.019 
0.008 0.273 2917.154 4995.599 -0.647 
0.273 0.327 2.639 28.003 -0.080 
0.273 0.327 28.027 55.804 -0.628 
0.273 0.327 55.875 101.046 -0.441 
0.273 0.327 101.061 183.769 -0.012 
0.273 0.327 184.327 318.782 -0.322 
0.273 0.327 319.430 529.560 -0.496 
0.273 0.327 530.485 908.188 -0.300 
0.273 0.327 913.341 1670.921 -0.459 
0.273 0.327 1674.713 2929.630 -4.483 
0.273 0.327 2942.724 4978.138 -7.788 
0.327 0.359 2.486 28.082 -0.183 
0.327 0.359 28.363 54.676 -0.165 
0.327 0.359 54.687 96.168 -0.082 
0.327 0.359 96.564 178.309 -0.043 
0.327 0.359 178.665 318.380 -0.047 
0.327 0.359 318.579 528.704 -0.058 
0.327 0.359 529.471 890.138 -0.070 
0.327 0.359 895.911 1613.923 -0.078 
0.327 0.359 1615.097 2929.908 -0.137 
0.327 0.359 2938.362 4990.987 -0.070 
0.359 0.384 2.164 27.635 -0.071 
0.359 0.384 27.756 54.225 -0.053 
0.359 0.384 54.342 94.916 -0.050 
0.359 0.384 94.995 173.972 -0.067 
0.359 0.384 174.852 314.223 -0.056 
0.359 0.384 314.651 528.285 -0.120 
0.359 0.384 528.944 894.212 -0.071 
0.359 0.384 895.477 1623.026 -0.102 
0.359 0.384 1623.693 2955.453 -0.073 
0.359 0.384 2958.258 4993.195 -0.049 
0.384 0.405 2.315 27.088 -0.106 
0.384 0.405 27.189 53.238 -0.096 
0.384 0.405 53.369 93.352 -0.059 
0.384 0.405 93.438 171.292 -0.047 
0.384 0.405 171.748 310.383 -0.046 
0.384 0.405 312.151 528.154 -0.049 
0.384 0.405 528.382 884.856 -0.062 
0.384 0.405 885.420 1602.118 -0.417 
0.384 0.405 1605.507 2924.603 -0.055 
0.384 0.405 2929.265 4998.777 -0.063 
0.405 0.423 2.437 27.024 -0.065 
0.405 0.424 27.056 53.147 -0.245 
0.405 0.423 53.244 91.832 -0.044 
0.405 0.424 91.875 170.347 -0.437 
0.405 0.423 170.861 312.728 -0.300 
0.405 0.424 313.379 530.954 -0.060 
0.405 0.424 533.676 876.649 -0.074 
0.405 0.423 876.985 1567.657 -0.087 
0.405 0.424 1570.981 2862.406 -0.050 
0.405 0.424 2877.522 4993.635 -0.036 
0.424 0.441 2.614 26.682 -0.111 
0.424 0.441 26.777 52.349 -0.071 
0.424 0.441 52.398 89.338 -0.063 
0.424 0.441 89.641 164.055 -0.052 
0.424 0.441 164.539 303.103 -0.052 
0.424 0.441 303.578 520.270 -0.038 
0.424 0.441 520.415 857.311 -0.349 
0.424 0.441 858.444 1537.795 -0.037 
0.424 0.441 1538.725 2875.325 -0.065 
0.424 0.441 2881.388 4995.322 -0.057 
0.441 0.458 2.541 26.504 -0.036 
0.441 0.458 26.600 52.394 -0.060 
0.441 0.458 52.442 88.991 -0.047 
0.441 0.458 89.100 161.902 -0.050 
0.441 0.458 162.311 304.190 -0.055 
0.441 0.458 304.420 523.608 -0.354 
0.441 0.458 524.245 857.368 -0.328 
0.441 0.458 857.693 1540.484 -0.071 
0.441 0.458 1547.664 2870.045 -0.047 
0.441 0.458 2871.724 4995.884 -0.051 
0.458 0.474 2.159 26.644 -0.087 
0.458 0.474 26.731 52.493 -0.068 
0.458 0.474 52.553 88.569 -0.062 
0.458 0.474 88.697 159.969 -0.066 
0.458 0.474 160.120 299.123 -0.046 
0.458 0.474 299.464 520.716 -0.037 
0.458 0.474 521.188 849.561 -0.049 
0.458 0.474 851.042 1518.265 -0.053 
0.458 0.474 1524.837 2857.217 -0.301 
0.458 0.474 2863.321 4999.485 -0.043 
0.474 0.490 2.281 26.454 -0.057 
0.474 0.490 26.523 52.704 -0.056 
0.474 0.490 52.794 88.270 -0.046 
0.474 0.490 88.434 158.737 -0.051 
0.474 0.490 158.902 298.121 -0.067 
0.474 0.490 298.132 517.077 -0.075 
0.474 0.490 518.410 839.665 -0.053 
0.474 0.490 840.631 1493.408 -0.061 
0.474 0.490 1496.997 2809.393 -0.050 
0.474 0.490 2815.844 4998.851 -0.166 
0.490 0.506 2.344 26.599 -0.329 
0.490 0.506 26.722 52.688 -0.068 
0.490 0.506 52.810 87.933 -0.078 
0.490 0.506 88.129 157.951 -0.181 
0.490 0.506 158.186 296.856 -0.166 
0.490 0.506 298.414 520.472 -0.381 
0.490 0.506 520.967 846.423 -0.043 
0.490 0.506 847.962 1510.971 -0.054 
0.490 0.506 1515.360 2814.574 -0.062 
0.490 0.506 2816.776 4997.616 -0.389 
0.506 0.522 2.326 26.511 -0.036 
0.506 0.522 26.602 52.672 -0.053 
0.506 0.522 52.743 87.501 -0.128 
0.506 0.522 87.682 154.829 -0.040 
0.506 0.522 155.084 296.745 -0.031 
0.506 0.522 297.067 523.767 -0.255 
0.506 0.522 525.002 842.075 -0.036 
0.506 0.522 843.103 1485.146 -0.052 
0.506 0.522 1494.392 2798.068 -0.044 
0.506 0.522 2805.904 4995.001 -0.150 
0.522 0.539 2.277 26.868 -0.070 
0.522 0.539 26.911 52.694 -0.075 
0.522 0.539 52.731 87.326 -0.047 
0.522 0.539 87.349 155.315 -0.173 
0.522 0.539 155.590 296.812 -0.162 
0.522 0.539 297.468 520.615 -0.244 
0.522 0.539 521.174 837.202 -0.039 
0.522 0.539 838.795 1479.957 -0.053 
0.522 0.539 1480.679 2801.617 -0.073 
0.522 0.539 2804.717 4988.846 -0.044 
0.539 0.557 2.273 27.178 -0.036 
0.539 0.557 27.190 53.266 -0.138 
0.539 0.557 53.325 87.484 -0.029 
0.539 0.557 87.630 154.703 -0.038 
0.539 0.557 154.746 296.755 -0.045 
0.539 0.557 297.035 521.685 -0.053 
0.539 0.557 522.928 833.785 -0.059 
0.539 0.557 834.743 1468.237 -0.060 
0.539 0.557 1471.106 2791.089 -0.052 
0.539 0.557 2797.706 4999.040 -0.134 
0.557 0.576 2.134 27.724 -0.099 
0.557 0.576 27.768 53.702 -0.207 
0.557 0.576 53.739 88.181 -0.051 
0.557 0.576 88.231 155.533 -0.044 
0.557 0.576 155.616 298.845 -0.354 
0.557 0.576 299.361 528.120 -0.051 
0.557 0.576 528.631 836.037 -0.172 
0.557 0.576 837.077 1456.982 -0.174 
0.557 0.576 1458.273 2796.591 -0.251 
0.557 0.576 2799.318 4981.228 -0.039 
0.576 0.598 2.227 28.386 -0.036 
0.576 0.598 28.496 54.462 -0.039 
0.576 0.598 54.563 88.124 -0.032 
0.576 0.598 88.249 156.888 -0.206 
0.576 0.598 157.113 303.523 -0.030 
0.576 0.598 304.108 530.017 -0.267 
0.576 0.598 530.378 842.565 -0.060 
0.576 0.598 843.864 1460.214 -0.064 
0.576 0.598 1461.504 2815.261 -0.053 
0.576 0.598 2816.035 4998.977 -0.140 
0.598 0.623 2.457 28.636 -0.089 
0.598 0.623 28.840 54.598 -0.052 
0.598 0.623 54.721 87.425 -0.046 
0.598 0.623 87.782 155.720 -0.053 
0.598 0.623 156.054 300.591 -0.198 
0.598 0.623 300.663 524.555 -0.177 
0.598 0.623 526.145 828.113 -0.220 
0.598 0.623 828.283 1432.331 -0.186 
0.598 0.623 1432.563 2821.238 -0.040 
0.598 0.623 2827.694 4995.503 -0.035 
0.623 0.655 2.948 29.089 -0.045 
0.623 0.655 29.199 55.160 -0.030 
0.623 0.655 55.190 87.249 -0.010 
0.623 0.655 87.330 154.468 -0.011 
0.623 0.655 155.099 304.753 -0.171 
0.623 0.655 306.294 531.573 -0.007 
0.623 0.654 532.668 837.930 -0.051 
0.623 0.655 838.839 1448.672 -0.048 
0.623 0.655 1449.978 2828.501 -0.048 
0.623 0.655 2834.369 4996.315 -0.029 
0.655 0.701 2.110 29.326 -0.082 
0.655 0.701 29.351 54.858 -0.069 
0.655 0.701 54.929 87.126 -0.056 
0.655 0.701 87.197 155.608 -0.037 
0.655 0.701 155.798 307.491 -0.037 
0.655 0.701 307.924 533.342 -0.203 
0.655 0.701 534.250 829.019 -0.052 
0.655 0.701 829.806 1420.980 -0.177 
0.655 0.701 1424.614 2820.550 -0.257 
0.655 0.701 2828.959 4999.591 -0.014 
0.701 0.920 2.780 29.395 -0.031 
0.701 0.962 29.573 54.687 -0.151 
0.701 0.898 54.719 86.377 -0.039 
0.701 0.921 86.490 152.960 -0.265 
0.701 0.906 153.621 303.273 -0.038 
0.701 0.907 303.900 527.527 -0.027 
0.701 0.920 528.373 816.950 -0.044 
0.701 0.941 818.500 1414.893 -0.056 
0.701 0.906 1420.436 2823.581 -0.032 
0.701 0.912 2831.200 4998.141 -0.036 
0.007 0.273 2.429 23.542 -0.085 
0.010 0.272 23.548 46.036 -0.054 
0.009 0.273 46.066 85.507 -0.040 
0.006 0.273 85.537 160.284 -0.146 
0.011 0.272 160.360 282.792 -0.034 
0.006 0.272 283.462 484.730 -0.036 
0.009 0.273 486.413 873.102 -0.142 
0.013 0.272 874.936 1635.567 -0.227 
0.010 0.273 1636.893 2914.562 -0.234 
0.007 0.272 2915.301 4995.076 -0.053 
0.273 0.327 2.328 27.987 -0.031 
0.273 0.327 28.028 55.807 -0.136 
0.273 0.327 55.898 101.024 -0.034 
0.273 0.327 101.073 183.817 -0.062 
0.273 0.327 184.267 318.493 -0.033 
0.273 0.327 318.964 529.816 -0.033 
0.273 0.327 530.226 912.403 -0.075 
0.273 0.327 913.155 1672.561 -0.036 
0.273 0.327 1673.659 2940.853 -0.030 
0.273 0.327 2941.569 4999.783 -0.031 
0.327 0.359 2.463 28.055 -0.076 
0.327 0.359 28.239 54.531 -0.175 
0.327 0.359 54.736 96.192 -0.154 
0.327 0.359 96.537 178.158 -0.164 
0.327 0.359 178.557 318.465 -0.042 
0.327 0.359 318.846 528.921 -0.027 
0.327 0.359 529.454 890.698 -0.165 
0.327 0.359 892.367 1614.746 -0.034 
0.327 0.359 1616.877 2927.727 -0.046 
0.327 0.359 2935.663 4999.408 -0.039 
0.359 0.384 2.198 27.665 -0.030 
0.359 0.384 27.744 54.242 -0.137 
0.359 0.384 54.380 94.915 -0.027 
0.359 0.384 94.964 174.060 -0.025 
0.359 0.384 174.180 314.253 -0.055 
0.359 0.384 314.579 528.502 -0.025 
0.359 0.384 530.193 894.360 -0.036 
0.359 0.384 895.054 1623.026 -0.036 
0.359 0.384 1628.587 2957.371 -0.034 
0.359 0.384 2958.035 4996.694 -0.032 
0.384 0.405 2.518 27.112 -0.088 
0.384 0.405 27.149 53.256 -0.049 
0.384 0.405 53.362 93.352 -0.036 
0.384 0.405 93.390 171.166 -0.032 
0.384 0.405 172.650 310.480 -0.112 
0.384 0.405 310.986 528.077 -0.128 
0.384 0.405 528.824 884.944 -0.031 
0.384 0.405 886.693 1602.005 -0.068 
0.384 0.405 1606.927 2924.663 -0.055 
0.384 0.405 2927.802 4998.663 -0.266 
0.405 0.424 2.667 27.035 -0.215 
0.405 0.424 27.059 53.155 -0.057 
0.405 0.424 53.189 91.802 -0.042 
0.405 0.423 91.849 170.412 -0.022 
0.405 0.424 170.963 312.791 -0.033 
0.405 0.423 312.899 531.459 -0.173 
0.405 0.424 532.191 875.968 -0.040 
0.405 0.424 877.750 1570.344 -0.039 
0.405 0.424 1570.741 2866.375 -0.046 
0.405 0.424 2867.239 4999.310 -0.026 
0.424 0.441 2.614 26.657 -0.089 
0.424 0.441 26.700 52.308 -0.042 
0.424 0.441 52.400 89.550 -0.229 
0.424 0.441 89.656 164.268 -0.027 
0.424 0.441 164.479 302.963 -0.033 
0.424 0.441 303.636 520.160 -0.118 
0.424 0.441 520.623 857.691 -0.024 
0.424 0.441 858.982 1536.120 -0.184 
0.424 0.441 1543.654 2876.307 -0.043 
0.424 0.441 2884.558 4999.428 -0.053 
0.441 0.458 2.287 26.568 -0.227 
0.441 0.458 26.639 52.398 -0.062 
0.441 0.458 52.426 89.007 -0.027 
0.441 0.458 89.248 162.263 -0.044 
0.441 0.458 162.714 304.141 -0.048 
0.441 0.458 304.608 523.778 -0.027 
0.441 0.458 525.263 857.556 -0.254 
0.441 0.458 857.693 1539.428 -0.253 
0.441 0.458 1543.882 2859.107 -0.007 
0.441 0.458 2873.278 4994.033 -0.028 
0.458 0.474 2.337 26.550 -0.103 
0.458 0.474 26.684 52.515 -0.081 
0.458 0.474 52.705 88.612 -0.028 
0.458 0.474 88.664 159.904 -0.011 
0.458 0.474 160.076 299.166 -0.107 
0.458 0.474 299.547 520.794 -0.032 
0.458 0.474 521.482 850.216 -0.047 
0.458 0.474 851.707 1518.743 -0.198 
0.458 0.474 1520.942 2860.303 -0.029 
0.458 0.474 2866.814 4999.790 -0.044 
0.474 0.490 2.470 26.491 -0.031 
0.474 0.490 26.542 52.737 -0.164 
0.474 0.490 52.811 88.223 -0.117 
0.474 0.490 88.419 158.647 -0.105 
0.474 0.490 158.942 298.121 -0.023 
0.474 0.490 298.287 518.085 -0.019 
0.474 0.490 519.230 839.836 -0.198 
0.474 0.490 840.281 1490.245 -0.260 
0.474 0.490 1494.399 2811.652 -0.023 
0.474 0.490 2814.237 4999.141 -0.030 
0.490 0.506 2.449 26.616 -0.101 
0.490 0.506 26.641 52.665 -0.017 
0.490 0.506 52.695 87.969 -0.039 
0.490 0.506 88.170 157.571 -0.024 
0.490 0.506 158.296 297.050 -0.089 
0.490 0.506 298.330 520.301 -0.004 
0.490 0.506 521.112 844.236 -0.027 
0.490 0.506 846.682 1510.732 -0.023 
0.490 0.506 1513.502 2805.598 -0.017 
0.490 0.506 2819.506 4998.264 -0.254 
0.506 0.522 2.320 26.483 -0.087 
0.506 0.522 26.647 52.645 -0.198 
0.506 0.522 52.698 87.551 -0.025 
0.506 0.522 87.559 154.791 -0.022 
0.506 0.522 155.241 296.602 -0.020 
0.506 0.522 297.032 524.436 -0.058 
0.506 0.522 524.782 841.781 -0.014 
0.506 0.522 843.525 1486.579 -0.162 
0.506 0.522 1491.770 2802.978 -0.030 
0.506 0.522 2805.031 4998.769 -0.075 
0.522 0.539 2.138 26.864 -0.062 
0.522 0.539 26.886 52.694 -0.060 
0.522 0.539 52.766 87.241 -0.024 
0.522 0.539 87.390 155.381 -0.242 
0.522 0.539 155.675 296.006 -0.168 
0.522 0.539 297.485 520.595 -0.094 
0.522 0.539 520.644 837.043 -0.023 
0.522 0.539 840.481 1477.784 -0.014 
0.522 0.539 1482.821 2801.548 -0.190 
0.522 0.539 2803.070 4993.758 -0.181 
0.539 0.557 2.014 27.050 -0.029 
0.539 0.557 27.285 53.252 -0.017 
0.539 0.557 53.302 87.458 -0.078 
0.539 0.557 87.506 154.580 -0.084 
0.539 0.557 155.254 296.738 -0.106 
0.539 0.557 297.455 521.863 -0.190 
0.539 0.557 522.723 832.531 -0.209 
0.539 0.557 835.390 1469.604 -0.196 
0.539 0.557 1471.106 2789.440 -0.127 
0.539 0.557 2797.336 4999.236 -0.027 
0.557 0.576 2.263 27.698 -0.048 
0.557 0.576 27.748 53.691 -0.037 
0.557 0.576 53.725 88.179 -0.025 
0.557 0.576 88.269 155.568 -0.017 
0.557 0.576 155.628 298.091 -0.070 
0.557 0.576 299.311 527.658 -0.017 
0.557 0.576 528.688 836.167 -0.025 
0.557 0.576 837.635 1455.756 -0.115 
0.557 0.576 1457.929 2792.507 -0.091 
0.557 0.576 2798.217 4998.231 -0.141 
0.576 0.598 2.144 28.394 -0.089 
0.576 0.598 28.460 54.498 -0.039 
0.576 0.598 54.543 88.212 -0.103 
0.576 0.598 88.260 156.911 -0.060 
0.576 0.598 157.524 303.565 -0.123 
0.576 0.598 304.316 529.833 -0.158 
0.576 0.598 530.536 842.207 -0.005 
0.576 0.598 843.112 1459.265 -0.039 
0.576 0.598 1461.708 2815.397 -0.032 
0.576 0.598 2824.316 4996.058 -0.020 
0.598 0.623 2.363 28.598 -0.065 
0.598 0.623 28.673 54.622 -0.021 
0.598 0.623 54.648 87.375 -0.118 
0.598 0.623 87.523 155.378 -0.096 
0.598 0.623 156.403 300.578 -0.060 
0.598 0.623 300.872 524.497 -0.136 
0.598 0.623 525.024 827.957 -0.030 
0.598 0.623 828.673 1431.665 -0.043 
0.598 0.623 1432.563 2820.781 -0.171 
0.598 0.623 2821.941 4990.706 -0.026 
0.623 0.654 2.494 29.131 -0.022 
0.623 0.655 29.172 55.162 -0.079 
0.623 0.655 55.200 87.174 -0.069 
0.623 0.655 87.405 154.911 -0.017 
0.623 0.654 155.585 305.593 -0.081 
0.623 0.655 305.938 531.824 -0.003 
0.623 0.655 532.457 837.831 -0.024 
0.623 0.655 839.492 1444.996 -0.216 
0.623 0.655 1450.268 2832.139 -0.093 
0.623 0.655 2835.462 4997.707 -0.022 
0.655 0.701 3.266 29.310 -0.365 
0.655 0.701 29.358 54.864 -0.215 
0.655 0.701 54.865 87.152 -0.019 
0.655 0.701 87.186 155.507 -0.148 
0.655 0.701 155.736 307.419 -0.139 
0.655 0.701 308.280 533.837 -0.048 
0.655 0.701 535.600 828.086 -0.106 
0.655 0.701 829.995 1419.066 -0.077 
0.655 0.701 1426.100 2823.562 -0.015 
0.655 0.701 2828.765 4997.182 -0.028 
0.701 0.906 2.736 29.466 -0.017 
0.701 0.921 29.530 54.687 -0.019 
0.701 0.923 54.744 86.369 -0.018 
0.701 0.927 86.492 153.429 -0.071 
0.701 0.891 153.598 303.008 -0.147 
0.701 0.906 304.687 527.448 -0.016 
0.701 0.918 528.351 816.270 -0.024 
0.701 0.948 817.775 1417.398 -0.176 
0.701 0.946 1419.144 2823.182 -0.018 
0.701 0.924 2827.505 4996.084 -0.080 
