Ice-Ice collection for the flat orientation. 
Volume ratio of monomer (not 1.0) subtracted from volume ratio of agg (Vagg/Vellipse)
Mode from 300 aggregates. 
Order: phi, r, value 
0.010 1.00 -0.9796 
0.010 2.00 -0.9796 
0.010 3.00 -0.9797 
0.010 4.00 -0.9796 
0.010 5.00 -0.9797 
0.010 6.00 -0.9797 
0.010 7.00 -0.9796 
0.010 8.00 -0.9797 
0.010 9.00 -0.9798 
0.010 10.00 -0.9802 
0.010 20.00 -0.9800 
0.010 30.00 -0.9795 
0.010 40.00 -0.9803 
0.010 50.00 -0.9796 
0.010 60.00 -0.9795 
0.010 70.00 -0.9796 
0.010 80.00 -0.9800 
0.010 90.00 -0.9802 
0.010 100.00 -0.9796 
0.010 200.00 -0.9796 
0.010 300.00 -0.9799 
0.010 400.00 -0.9802 
0.010 500.00 -0.9800 
0.010 600.00 -0.9800 
0.010 700.00 -0.9794 
0.010 800.00 -0.9798 
0.010 900.00 -0.9802 
0.010 1000.00 -0.9796 
0.016 1.00 -0.9570 
0.016 2.00 -0.9574 
0.016 3.00 -0.9572 
0.016 4.00 -0.9670 
0.016 5.00 -0.9562 
0.016 6.00 -0.9672 
0.016 7.00 -0.9568 
0.016 8.00 -0.9665 
0.016 9.00 -0.9575 
0.016 10.00 -0.9570 
0.016 20.00 -0.9671 
0.016 30.00 -0.9673 
0.016 40.00 -0.9572 
0.016 50.00 -0.9573 
0.016 60.00 -0.9668 
0.016 70.00 -0.9681 
0.016 80.00 -0.9567 
0.016 90.00 -0.9675 
0.016 100.00 -0.9575 
0.016 200.00 -0.9576 
0.016 300.00 -0.9673 
0.016 400.00 -0.9573 
0.016 500.00 -0.9564 
0.016 600.00 -0.9568 
0.016 700.00 -0.9673 
0.016 800.00 -0.9677 
0.016 900.00 -0.9583 
0.016 1000.00 -0.9562 
0.026 1.00 -0.9361 
0.026 2.00 -0.9363 
0.026 3.00 -0.9272 
0.026 4.00 -0.9377 
0.026 5.00 -0.9254 
0.026 6.00 -0.9376 
0.026 7.00 -0.9269 
0.026 8.00 -0.9369 
0.026 9.00 -0.9354 
0.026 10.00 -0.9361 
0.026 20.00 -0.9276 
0.026 30.00 -0.9265 
0.026 40.00 -0.9374 
0.026 50.00 -0.9364 
0.026 60.00 -0.9363 
0.026 70.00 -0.9374 
0.026 80.00 -0.9370 
0.026 90.00 -0.9364 
0.026 100.00 -0.9363 
0.026 200.00 -0.9276 
0.026 300.00 -0.9364 
0.026 400.00 -0.9275 
0.026 500.00 -0.9373 
0.026 600.00 -0.9467 
0.026 700.00 -0.9377 
0.026 800.00 -0.9268 
0.026 900.00 -0.9360 
0.026 1000.00 -0.9370 
0.043 1.00 -0.9046 
0.043 2.00 -0.8949 
0.043 3.00 -0.8955 
0.043 4.00 -0.8839 
0.043 5.00 -0.9046 
0.043 6.00 -0.8944 
0.043 7.00 -0.8834 
0.043 8.00 -0.8867 
0.043 9.00 -0.8938 
0.043 10.00 -0.9150 
0.043 20.00 -0.9051 
0.043 30.00 -0.9051 
0.043 40.00 -0.8830 
0.043 50.00 -0.8838 
0.043 60.00 -0.8855 
0.043 70.00 -0.9048 
0.043 80.00 -0.9036 
0.043 90.00 -0.8928 
0.043 100.00 -0.9032 
0.043 200.00 -0.8943 
0.043 300.00 -0.8953 
0.043 400.00 -0.8947 
0.043 500.00 -0.9039 
0.043 600.00 -0.8846 
0.043 700.00 -0.8948 
0.043 800.00 -0.8845 
0.043 900.00 -0.8830 
0.043 1000.00 -0.9065 
0.070 1.00 -0.8222 
0.070 2.00 -0.8409 
0.070 3.00 -0.8336 
0.070 4.00 -0.8356 
0.070 5.00 -0.8424 
0.070 6.00 -0.8371 
0.070 7.00 -0.8326 
0.070 8.00 -0.8549 
0.070 9.00 -0.8349 
0.070 10.00 -0.8452 
0.070 20.00 -0.8423 
0.070 30.00 -0.8234 
0.070 40.00 -0.8423 
0.070 50.00 -0.8322 
0.070 60.00 -0.8207 
0.070 70.00 -0.8107 
0.070 80.00 -0.8299 
0.070 90.00 -0.8223 
0.070 100.00 -0.8326 
0.070 200.00 -0.8434 
0.070 300.00 -0.8254 
0.070 400.00 -0.8208 
0.070 500.00 -0.8445 
0.070 600.00 -0.8418 
0.070 700.00 -0.8456 
0.070 800.00 -0.8447 
0.070 900.00 -0.8082 
0.070 1000.00 -0.8433 
0.113 1.00 -0.7078 
0.113 2.00 -0.7437 
0.113 3.00 -0.7505 
0.113 4.00 -0.7455 
0.113 5.00 -0.7509 
0.113 6.00 -0.7288 
0.113 7.00 -0.7445 
0.113 8.00 -0.7351 
0.113 9.00 -0.7649 
0.113 10.00 -0.7410 
0.113 20.00 -0.7113 
0.113 30.00 -0.7616 
0.113 40.00 -0.7247 
0.113 50.00 -0.7464 
0.113 60.00 -0.7327 
0.113 70.00 -0.7418 
0.113 80.00 -0.7506 
0.113 90.00 -0.7463 
0.113 100.00 -0.7295 
0.113 200.00 -0.7627 
0.113 300.00 -0.7356 
0.113 400.00 -0.7335 
0.113 500.00 -0.7491 
0.113 600.00 -0.7419 
0.113 700.00 -0.7336 
0.113 800.00 -0.7539 
0.113 900.00 -0.7329 
0.113 1000.00 -0.7221 
0.183 1.00 -0.5874 
0.183 2.00 -0.5982 
0.183 3.00 -0.6157 
0.183 4.00 -0.6114 
0.183 5.00 -0.6324 
0.183 6.00 -0.6483 
0.183 7.00 -0.6147 
0.183 8.00 -0.5859 
0.183 9.00 -0.6102 
0.183 10.00 -0.6037 
0.183 20.00 -0.5968 
0.183 30.00 -0.6022 
0.183 40.00 -0.6319 
0.183 50.00 -0.6189 
0.183 60.00 -0.6113 
0.183 70.00 -0.6118 
0.183 80.00 -0.6004 
0.183 90.00 -0.6308 
0.183 100.00 -0.5854 
0.183 200.00 -0.5589 
0.183 300.00 -0.6097 
0.183 400.00 -0.6452 
0.183 500.00 -0.5983 
0.183 600.00 -0.6491 
0.183 700.00 -0.6089 
0.183 800.00 -0.5921 
0.183 900.00 -0.6316 
0.183 1000.00 -0.6516 
0.298 1.00 -0.4160 
0.298 2.00 -0.4388 
0.298 3.00 -0.4151 
0.298 4.00 -0.4555 
0.298 5.00 -0.4284 
0.298 6.00 -0.4280 
0.298 7.00 -0.4610 
0.298 8.00 -0.4603 
0.298 9.00 -0.4016 
0.298 10.00 -0.4518 
0.298 20.00 -0.4701 
0.298 30.00 -0.4431 
0.298 40.00 -0.4347 
0.298 50.00 -0.4404 
0.298 60.00 -0.4660 
0.298 70.00 -0.4444 
0.298 80.00 -0.4912 
0.298 90.00 -0.4615 
0.298 100.00 -0.4511 
0.298 200.00 -0.4576 
0.298 300.00 -0.4209 
0.298 400.00 -0.4662 
0.298 500.00 -0.4408 
0.298 600.00 -0.4438 
0.298 700.00 -0.4244 
0.298 800.00 -0.4366 
0.298 900.00 -0.4778 
0.298 1000.00 -0.4452 
0.483 1.00 -0.3018 
0.483 2.00 -0.3074 
0.483 3.00 -0.2962 
0.483 4.00 -0.2972 
0.483 5.00 -0.2971 
0.483 6.00 -0.3223 
0.483 7.00 -0.2975 
0.483 8.00 -0.2937 
0.483 9.00 -0.3221 
0.483 10.00 -0.2995 
0.483 20.00 -0.3092 
0.483 30.00 -0.3040 
0.483 40.00 -0.3141 
0.483 50.00 -0.3066 
0.483 60.00 -0.2983 
0.483 70.00 -0.3039 
0.483 80.00 -0.3010 
0.483 90.00 -0.2667 
0.483 100.00 -0.3130 
0.483 200.00 -0.3035 
0.483 300.00 -0.2887 
0.483 400.00 -0.2761 
0.483 500.00 -0.3093 
0.483 600.00 -0.3074 
0.483 700.00 -0.2878 
0.483 800.00 -0.2981 
0.483 900.00 -0.3040 
0.483 1000.00 -0.2979 
0.785 1.00 -0.2563 
0.785 2.00 -0.2547 
0.785 3.00 -0.2410 
0.785 4.00 -0.2530 
0.785 5.00 -0.2410 
0.785 6.00 -0.2599 
0.785 7.00 -0.2408 
0.785 8.00 -0.2384 
0.785 9.00 -0.2267 
0.785 10.00 -0.2452 
0.785 20.00 -0.2461 
0.785 30.00 -0.2379 
0.785 40.00 -0.2496 
0.785 50.00 -0.2451 
0.785 60.00 -0.2318 
0.785 70.00 -0.2599 
0.785 80.00 -0.2546 
0.785 90.00 -0.2472 
0.785 100.00 -0.2425 
0.785 200.00 -0.2490 
0.785 300.00 -0.2217 
0.785 400.00 -0.2318 
0.785 500.00 -0.2491 
0.785 600.00 -0.2459 
0.785 700.00 -0.2392 
0.785 800.00 -0.2305 
0.785 900.00 -0.2531 
0.785 1000.00 -0.2455 
1.274 1.00 -0.3145 
1.274 2.00 -0.3133 
1.274 3.00 -0.3483 
1.274 4.00 -0.3264 
1.274 5.00 -0.3192 
1.274 6.00 -0.3317 
1.274 7.00 -0.3362 
1.274 8.00 -0.3149 
1.274 9.00 -0.3241 
1.274 10.00 -0.2925 
1.274 20.00 -0.3118 
1.274 30.00 -0.3341 
1.274 40.00 -0.3222 
1.274 50.00 -0.3130 
1.274 60.00 -0.3324 
1.274 70.00 -0.3345 
1.274 80.00 -0.3408 
1.274 90.00 -0.3142 
1.274 100.00 -0.3278 
1.274 200.00 -0.3243 
1.274 300.00 -0.3199 
1.274 400.00 -0.3248 
1.274 500.00 -0.3167 
1.274 600.00 -0.3129 
1.274 700.00 -0.3335 
1.274 800.00 -0.3326 
1.274 900.00 -0.3292 
1.274 1000.00 -0.3299 
2.069 1.00 -0.4937 
2.069 2.00 -0.5070 
2.069 3.00 -0.5108 
2.069 4.00 -0.5484 
2.069 5.00 -0.4882 
2.069 6.00 -0.4893 
2.069 7.00 -0.4810 
2.069 8.00 -0.5002 
2.069 9.00 -0.4960 
2.069 10.00 -0.5174 
2.069 20.00 -0.4877 
2.069 30.00 -0.5021 
2.069 40.00 -0.4866 
2.069 50.00 -0.5161 
2.069 60.00 -0.4823 
2.069 70.00 -0.5044 
2.069 80.00 -0.4893 
2.069 90.00 -0.4868 
2.069 100.00 -0.4851 
2.069 200.00 -0.4885 
2.069 300.00 -0.4984 
2.069 400.00 -0.4940 
2.069 500.00 -0.4782 
2.069 600.00 -0.5031 
2.069 700.00 -0.5152 
2.069 800.00 -0.4867 
2.069 900.00 -0.4892 
2.069 1000.00 -0.4995 
3.360 1.00 -0.6456 
3.360 2.00 -0.6456 
3.360 3.00 -0.6399 
3.360 4.00 -0.6519 
3.360 5.00 -0.6749 
3.360 6.00 -0.6756 
3.360 7.00 -0.6559 
3.360 8.00 -0.6538 
3.360 9.00 -0.6537 
3.360 10.00 -0.6472 
3.360 20.00 -0.6518 
3.360 30.00 -0.6487 
3.360 40.00 -0.6571 
3.360 50.00 -0.6439 
3.360 60.00 -0.6459 
3.360 70.00 -0.6438 
3.360 80.00 -0.6660 
3.360 90.00 -0.6516 
3.360 100.00 -0.6398 
3.360 200.00 -0.6820 
3.360 300.00 -0.6382 
3.360 400.00 -0.6694 
3.360 500.00 -0.6459 
3.360 600.00 -0.6570 
3.360 700.00 -0.6547 
3.360 800.00 -0.6500 
3.360 900.00 -0.6698 
3.360 1000.00 -0.6479 
5.456 1.00 -0.7746 
5.456 2.00 -0.8137 
5.456 3.00 -0.8210 
5.456 4.00 -0.7677 
5.456 5.00 -0.7643 
5.456 6.00 -0.7712 
5.456 7.00 -0.7672 
5.456 8.00 -0.8246 
5.456 9.00 -0.7936 
5.456 10.00 -0.8203 
5.456 20.00 -0.8151 
5.456 30.00 -0.7763 
5.456 40.00 -0.7695 
5.456 50.00 -0.7816 
5.456 60.00 -0.7705 
5.456 70.00 -0.7692 
5.456 80.00 -0.7640 
5.456 90.00 -0.7784 
5.456 100.00 -0.8077 
5.456 200.00 -0.8052 
5.456 300.00 -0.8135 
5.456 400.00 -0.7894 
5.456 500.00 -0.8083 
5.456 600.00 -0.8214 
5.456 700.00 -0.7752 
5.456 800.00 -0.8097 
5.456 900.00 -0.7647 
5.456 1000.00 -0.8259 
8.859 1.00 -0.8891 
8.859 2.00 -0.8891 
8.859 3.00 -0.8537 
8.859 4.00 -0.8760 
8.859 5.00 -0.8445 
8.859 6.00 -0.8486 
8.859 7.00 -0.8520 
8.859 8.00 -0.9004 
8.859 9.00 -0.8856 
8.859 10.00 -0.8611 
8.859 20.00 -0.8489 
8.859 30.00 -0.8863 
8.859 40.00 -0.8548 
8.859 50.00 -0.8907 
8.859 60.00 -0.8480 
8.859 70.00 -0.8567 
8.859 80.00 -0.8916 
8.859 90.00 -0.8760 
8.859 100.00 -0.8889 
8.859 200.00 -0.8755 
8.859 300.00 -0.8547 
8.859 400.00 -0.8634 
8.859 500.00 -0.8900 
8.859 600.00 -0.8612 
8.859 700.00 -0.8592 
8.859 800.00 -0.8958 
8.859 900.00 -0.8901 
8.859 1000.00 -0.8851 
14.384 1.00 -0.9393 
14.384 2.00 -0.9376 
14.384 3.00 -0.9232 
14.384 4.00 -0.9414 
14.384 5.00 -0.9313 
14.384 6.00 -0.9295 
14.384 7.00 -0.9276 
14.384 8.00 -0.9264 
14.384 9.00 -0.9320 
14.384 10.00 -0.9228 
14.384 20.00 -0.9130 
14.384 30.00 -0.9425 
14.384 40.00 -0.9385 
14.384 50.00 -0.9333 
14.384 60.00 -0.9387 
14.384 70.00 -0.9377 
14.384 80.00 -0.9343 
14.384 90.00 -0.9336 
14.384 100.00 -0.9331 
14.384 200.00 -0.9264 
14.384 300.00 -0.9231 
14.384 400.00 -0.9302 
14.384 500.00 -0.9084 
14.384 600.00 -0.9180 
14.384 700.00 -0.9268 
14.384 800.00 -0.9218 
14.384 900.00 -0.9291 
14.384 1000.00 -0.9150 
23.357 1.00 -0.9672 
23.357 2.00 -0.9660 
23.357 3.00 -0.9573 
23.357 4.00 -0.9581 
23.357 5.00 -0.9652 
23.357 6.00 -0.9676 
23.357 7.00 -0.9557 
23.357 8.00 -0.9559 
23.357 9.00 -0.9591 
23.357 10.00 -0.9664 
23.357 20.00 -0.9643 
23.357 30.00 -0.9547 
23.357 40.00 -0.9673 
23.357 50.00 -0.9567 
23.357 60.00 -0.9642 
23.357 70.00 -0.9754 
23.357 80.00 -0.9592 
23.357 90.00 -0.9549 
23.357 100.00 -0.9659 
23.357 200.00 -0.9481 
23.357 300.00 -0.9647 
23.357 400.00 -0.9476 
23.357 500.00 -0.9678 
23.357 600.00 -0.9689 
23.357 700.00 -0.9567 
23.357 800.00 -0.9572 
23.357 900.00 -0.9592 
23.357 1000.00 -0.9667 
37.927 1.00 -0.9857 
37.927 2.00 -0.9946 
37.927 3.00 -0.9953 
37.927 4.00 -0.9949 
37.927 5.00 -0.9951 
37.927 6.00 -0.9843 
37.927 7.00 -0.9839 
37.927 8.00 -0.9951 
37.927 9.00 -0.9952 
37.927 10.00 -0.9844 
37.927 20.00 -0.9844 
37.927 30.00 -0.9938 
37.927 40.00 -0.9952 
37.927 50.00 -0.9947 
37.927 60.00 -0.9953 
37.927 70.00 -0.9847 
37.927 80.00 -0.9945 
37.927 90.00 -0.9945 
37.927 100.00 -0.9946 
37.927 200.00 -0.9837 
37.927 300.00 -0.9847 
37.927 400.00 -0.9950 
37.927 500.00 -0.9848 
37.927 600.00 -0.9943 
37.927 700.00 -0.9947 
37.927 800.00 -0.9739 
37.927 900.00 -0.9846 
37.927 1000.00 -0.9743 
61.585 1.00 -0.9979 
61.585 2.00 -0.9982 
61.585 3.00 -0.9979 
61.585 4.00 -0.9981 
61.585 5.00 -0.9977 
61.585 6.00 -0.9979 
61.585 7.00 -0.9977 
61.585 8.00 -0.9976 
61.585 9.00 -0.9982 
61.585 10.00 -0.9975 
61.585 20.00 -0.9984 
61.585 30.00 -0.9978 
61.585 40.00 -0.9979 
61.585 50.00 -0.9975 
61.585 60.00 -0.9980 
61.585 70.00 -0.9983 
61.585 80.00 -0.9981 
61.585 90.00 -0.9977 
61.585 100.00 -0.9979 
61.585 200.00 -0.9977 
61.585 300.00 -0.9978 
61.585 400.00 -0.9978 
61.585 500.00 -0.9979 
61.585 600.00 -0.9983 
61.585 700.00 -0.9974 
61.585 800.00 -0.9983 
61.585 900.00 -0.9979 
61.585 1000.00 -0.9979 
100.000 1.00 -0.9992 
100.000 2.00 -0.9991 
100.000 3.00 -0.9992 
100.000 4.00 -0.9993 
100.000 5.00 -0.9992 
100.000 6.00 -0.9993 
100.000 7.00 -0.9992 
100.000 8.00 -0.9991 
100.000 9.00 -0.9992 
100.000 10.00 -0.9991 
100.000 20.00 -0.9992 
100.000 30.00 -0.9992 
100.000 40.00 -0.9993 
100.000 50.00 -0.9992 
100.000 60.00 -0.9991 
100.000 70.00 -0.9992 
100.000 80.00 -0.9993 
100.000 90.00 -0.9993 
100.000 100.00 -0.9991 
100.000 200.00 -0.9990 
100.000 300.00 -0.9992 
100.000 400.00 -0.9993 
100.000 500.00 -0.9991 
100.000 600.00 -0.9992 
100.000 700.00 -0.9991 
100.000 800.00 -0.9992 
100.000 900.00 -0.9992 
100.000 1000.00 -0.9991 
