Ice-Agg collection for the flat orientation. 
Characteristic values taken from the peak of a fit 
gamma distribution from 300 aggregates. 
Minor axis taken as the smallest axis from the fit-ellipsoid 
Ranges are taken from the aggregates being pulled from the db, 
not the bin edges (maximum range) 
Order: agg phi min, agg phi max, agg r min, agg r max, 
 monomer phi min, monomer phi max, monomer r min, monomer r max, value 
0.007 0.027 1.758 15.609 0.010 100.000 1.000 8.000 0.793 
0.005 0.027 15.640 27.140 0.010 100.000 1.000 10.000 1.624 
0.006 0.027 27.193 42.702 0.010 100.000 1.000 20.000 1.681 
0.007 0.027 42.871 58.220 0.010 100.000 2.000 30.000 3.395 
0.008 0.027 58.255 75.002 0.010 100.000 3.000 40.000 4.657 
0.007 0.027 75.213 95.593 0.010 100.000 3.000 50.000 5.602 
0.009 0.027 95.611 120.124 0.010 100.000 4.000 60.000 9.016 
0.009 0.027 120.166 150.991 0.010 100.000 4.000 80.000 9.562 
0.008 0.027 151.106 194.147 0.010 100.000 6.000 100.000 8.845 
0.009 0.027 195.378 285.792 0.010 100.000 7.000 100.000 16.346 
0.007 0.027 288.472 437.965 0.010 100.000 9.000 200.000 29.736 
0.006 0.027 438.685 587.200 0.010 100.000 20.000 300.000 35.384 
0.008 0.027 588.483 738.644 0.010 100.000 20.000 400.000 55.630 
0.007 0.027 739.222 917.798 0.010 100.000 30.000 500.000 53.937 
0.007 0.027 917.844 1130.156 0.010 100.000 40.000 600.000 69.509 
0.009 0.027 1131.763 1393.101 0.010 100.000 40.000 800.000 65.546 
0.008 0.027 1394.381 1730.706 0.010 100.000 50.000 1000.000 77.934 
0.009 0.027 1732.977 2267.791 0.010 100.000 60.000 1000.000 138.707 
0.007 0.027 2272.153 3526.106 0.010 100.000 80.000 1000.000 130.200 
0.007 0.027 3532.973 4994.466 0.010 100.000 200.000 1000.000 340.904 
0.027 0.039 1.689 14.722 0.010 100.000 1.000 8.000 1.012 
0.027 0.039 14.736 24.803 0.010 100.000 1.000 10.000 1.522 
0.027 0.039 24.826 38.721 0.010 100.000 1.000 20.000 3.489 
0.027 0.039 38.831 54.390 0.010 100.000 2.000 30.000 4.621 
0.027 0.039 54.443 73.946 0.010 100.000 2.000 40.000 6.607 
0.027 0.039 74.024 97.049 0.010 100.000 3.000 60.000 6.896 
0.027 0.039 97.073 121.539 0.010 100.000 4.000 70.000 9.249 
0.027 0.039 121.580 149.849 0.010 100.000 5.000 90.000 14.220 
0.027 0.039 150.116 186.926 0.010 100.000 5.000 100.000 13.988 
0.027 0.039 186.976 253.768 0.010 100.000 7.000 100.000 24.712 
0.027 0.039 253.958 379.173 0.010 100.000 9.000 200.000 30.568 
0.027 0.039 379.484 515.823 0.010 100.000 20.000 300.000 47.932 
0.027 0.039 516.358 690.386 0.010 100.000 20.000 400.000 49.498 
0.027 0.039 691.211 901.184 0.010 100.000 30.000 500.000 79.634 
0.027 0.039 902.840 1148.841 0.010 100.000 30.000 700.000 84.994 
0.027 0.039 1149.769 1428.745 0.010 100.000 50.000 700.000 148.514 
0.027 0.039 1430.318 1785.386 0.010 100.000 50.000 1000.000 171.687 
0.027 0.039 1786.394 2401.558 0.010 100.000 70.000 1000.000 216.256 
0.027 0.039 2404.296 3596.619 0.010 100.000 80.000 1000.000 284.924 
0.027 0.039 3600.337 4987.994 0.010 100.000 200.000 1000.000 442.624 
0.039 0.054 1.724 12.512 0.010 61.585 1.000 7.000 1.184 
0.039 0.054 12.558 20.597 0.010 100.000 1.000 10.000 2.244 
0.039 0.054 20.661 31.061 0.010 100.000 1.000 10.000 3.303 
0.039 0.054 31.118 42.890 0.010 100.000 1.000 20.000 4.745 
0.039 0.054 42.986 57.882 0.010 100.000 2.000 30.000 6.287 
0.039 0.054 57.996 77.460 0.010 100.000 3.000 40.000 8.714 
0.039 0.054 77.531 103.892 0.010 100.000 4.000 60.000 11.345 
0.039 0.054 103.946 137.264 0.010 100.000 4.000 80.000 16.170 
0.039 0.054 137.395 180.081 0.010 100.000 5.000 100.000 20.930 
0.039 0.054 180.523 255.835 0.010 100.000 7.000 100.000 22.230 
0.039 0.054 256.071 357.240 0.010 100.000 9.000 200.000 38.862 
0.039 0.054 357.425 468.530 0.010 100.000 20.000 300.000 51.330 
0.039 0.054 469.861 609.875 0.010 100.000 20.000 300.000 58.802 
0.039 0.054 611.607 796.137 0.010 100.000 30.000 400.000 93.604 
0.039 0.054 796.336 1059.303 0.010 100.000 30.000 600.000 117.563 
0.039 0.054 1063.999 1408.428 0.010 100.000 50.000 700.000 167.944 
0.039 0.054 1409.996 1866.158 0.010 100.000 60.000 1000.000 230.691 
0.039 0.054 1867.751 2696.432 0.010 100.000 50.000 1000.000 283.596 
0.039 0.054 2702.198 3762.816 0.010 100.000 100.000 1000.000 448.603 
0.039 0.054 3773.154 4995.725 0.010 100.000 200.000 1000.000 531.848 
0.054 0.072 1.663 12.095 0.010 37.927 1.000 7.000 1.006 
0.054 0.072 12.215 20.314 0.010 61.585 1.000 10.000 2.513 
0.054 0.072 20.355 30.117 0.010 100.000 1.000 10.000 3.744 
0.054 0.072 30.231 40.445 0.010 100.000 2.000 20.000 5.858 
0.054 0.072 40.467 52.668 0.010 100.000 2.000 20.000 7.351 
0.054 0.072 53.093 67.760 0.010 61.585 3.000 30.000 9.937 
0.054 0.072 67.906 88.175 0.010 100.000 3.000 50.000 10.150 
0.054 0.072 88.247 122.029 0.010 100.000 4.000 70.000 17.007 
0.054 0.072 122.170 166.142 0.010 100.000 6.000 90.000 24.680 
0.054 0.072 166.253 243.811 0.010 100.000 8.000 100.000 32.832 
0.054 0.072 244.287 341.064 0.010 100.000 9.000 200.000 49.607 
0.054 0.072 342.394 441.862 0.010 61.585 20.000 200.000 60.338 
0.054 0.072 442.907 567.588 0.010 100.000 20.000 300.000 76.868 
0.054 0.072 567.595 728.267 0.010 61.585 30.000 400.000 103.624 
0.054 0.072 729.901 992.716 0.010 61.585 40.000 500.000 134.664 
0.054 0.072 994.352 1385.462 0.010 100.000 40.000 700.000 209.256 
0.054 0.072 1387.905 1940.019 0.010 100.000 60.000 1000.000 283.337 
0.054 0.072 1943.488 2844.304 0.010 100.000 60.000 1000.000 374.868 
0.054 0.072 2850.376 3819.642 0.010 61.585 200.000 1000.000 550.702 
0.054 0.072 3840.718 4997.173 0.010 100.000 200.000 1000.000 654.216 
0.072 0.094 1.686 12.726 0.010 61.585 1.000 7.000 1.374 
0.072 0.095 12.825 21.438 0.010 100.000 1.000 10.000 2.990 
0.072 0.095 21.464 31.596 0.010 61.585 1.000 10.000 4.945 
0.072 0.094 31.717 42.063 0.010 100.000 1.000 20.000 5.721 
0.072 0.095 42.225 54.477 0.010 100.000 2.000 30.000 7.627 
0.072 0.095 54.632 68.936 0.010 61.585 3.000 40.000 11.798 
0.072 0.095 69.017 86.489 0.010 61.585 3.000 40.000 15.329 
0.072 0.094 86.640 113.041 0.010 100.000 3.000 60.000 18.706 
0.072 0.095 113.189 147.046 0.010 61.585 6.000 70.000 24.169 
0.072 0.095 147.513 206.234 0.010 61.585 6.000 100.000 34.039 
0.072 0.094 206.436 296.834 0.010 61.585 9.000 100.000 47.855 
0.072 0.094 297.530 393.365 0.010 61.585 20.000 200.000 63.813 
0.072 0.094 393.547 507.013 0.010 61.585 20.000 200.000 82.916 
0.072 0.095 507.485 654.612 0.010 61.585 30.000 300.000 123.022 
0.072 0.094 655.628 865.974 0.010 100.000 40.000 500.000 145.782 
0.072 0.095 869.748 1248.219 0.010 100.000 40.000 700.000 212.111 
0.072 0.095 1250.416 1775.238 0.010 100.000 50.000 900.000 229.841 
0.072 0.095 1779.924 2710.975 0.010 100.000 70.000 1000.000 396.551 
0.072 0.095 2719.452 3763.070 0.010 100.000 70.000 1000.000 591.499 
0.072 0.095 3773.814 4997.989 0.010 61.585 200.000 1000.000 845.099 
0.095 0.121 1.989 13.510 0.010 37.927 1.000 7.000 2.177 
0.095 0.121 13.548 23.699 0.010 37.927 1.000 10.000 4.119 
0.095 0.121 23.722 34.691 0.010 61.585 2.000 20.000 7.364 
0.095 0.121 34.821 47.680 0.010 37.927 2.000 20.000 9.537 
0.095 0.121 47.790 61.834 0.010 100.000 2.000 30.000 12.230 
0.095 0.121 61.861 75.360 0.010 61.585 3.000 40.000 16.429 
0.095 0.121 75.411 90.435 0.010 61.585 4.000 40.000 19.305 
0.095 0.121 90.585 108.656 0.010 61.585 2.000 60.000 22.636 
0.095 0.121 108.773 129.926 0.010 37.927 5.000 70.000 24.091 
0.095 0.121 130.182 163.274 0.010 37.927 7.000 90.000 27.826 
0.095 0.120 163.611 250.386 0.010 37.927 8.000 100.000 44.718 
0.095 0.121 250.559 323.484 0.010 37.927 20.000 100.000 53.241 
0.095 0.121 324.227 420.687 0.010 37.927 20.000 200.000 84.132 
0.095 0.121 421.620 537.770 0.010 37.927 30.000 200.000 89.991 
0.095 0.121 538.113 723.411 0.010 37.927 30.000 300.000 138.407 
0.095 0.121 724.414 1025.287 0.010 100.000 40.000 500.000 160.016 
0.095 0.121 1026.865 1558.538 0.010 100.000 40.000 700.000 277.506 
0.095 0.121 1559.080 2496.552 0.010 61.585 60.000 1000.000 439.084 
0.095 0.121 2509.718 3619.462 0.010 61.585 90.000 1000.000 721.007 
0.095 0.121 3624.793 4986.247 0.010 100.000 100.000 1000.000 1013.995 
0.121 0.151 1.801 13.642 0.010 37.927 1.000 7.000 2.363 
0.121 0.151 13.719 24.876 0.010 37.927 1.000 10.000 4.589 
0.121 0.151 24.971 37.119 0.010 37.927 2.000 20.000 8.029 
0.121 0.151 37.198 50.838 0.010 37.927 2.000 20.000 11.142 
0.121 0.151 50.954 63.003 0.010 37.927 3.000 30.000 15.838 
0.121 0.151 63.144 74.037 0.010 100.000 2.000 40.000 17.723 
0.121 0.151 74.252 86.187 0.010 100.000 2.000 40.000 21.446 
0.121 0.151 86.214 100.291 0.016 100.000 3.000 50.000 24.132 
0.121 0.151 100.400 117.628 0.016 37.927 6.000 50.000 25.320 
0.121 0.151 117.672 146.107 0.016 37.927 6.000 80.000 29.009 
0.121 0.151 146.353 222.468 0.010 100.000 4.000 100.000 47.384 
0.121 0.151 222.563 292.204 0.010 37.927 20.000 100.000 59.040 
0.121 0.151 292.491 374.665 0.010 37.927 20.000 200.000 84.674 
0.121 0.151 376.264 478.589 0.010 37.927 20.000 200.000 109.969 
0.121 0.151 480.124 655.403 0.010 37.927 30.000 300.000 142.282 
0.121 0.151 656.962 919.556 0.010 100.000 40.000 500.000 165.278 
0.121 0.151 920.300 1444.442 0.010 61.585 50.000 700.000 233.449 
0.121 0.151 1447.135 2402.497 0.010 100.000 60.000 1000.000 492.752 
0.121 0.151 2405.167 3582.056 0.010 61.585 80.000 1000.000 799.823 
0.121 0.151 3585.453 4989.118 0.010 37.927 200.000 1000.000 1117.644 
0.151 0.186 1.641 13.654 0.016 23.357 1.000 6.000 2.392 
0.151 0.186 13.753 24.662 0.016 37.927 1.000 10.000 5.633 
0.151 0.187 24.678 36.940 0.010 37.927 2.000 20.000 7.419 
0.151 0.187 36.977 48.543 0.010 37.927 2.000 30.000 13.029 
0.151 0.186 48.589 58.815 0.016 37.927 3.000 30.000 16.851 
0.151 0.187 58.895 68.678 0.016 37.927 3.000 40.000 19.289 
0.151 0.186 68.686 79.085 0.010 37.927 4.000 30.000 22.140 
0.151 0.187 79.197 91.648 0.016 37.927 4.000 50.000 27.672 
0.151 0.186 91.706 109.223 0.016 23.357 5.000 60.000 29.762 
0.151 0.187 109.256 137.521 0.016 23.357 7.000 80.000 36.069 
0.151 0.186 138.267 205.236 0.016 100.000 4.000 100.000 53.010 
0.151 0.187 205.625 275.030 0.010 23.357 20.000 100.000 75.612 
0.151 0.187 275.320 354.592 0.016 37.927 20.000 200.000 98.591 
0.151 0.187 354.950 458.856 0.010 23.357 20.000 200.000 120.037 
0.151 0.187 460.608 631.926 0.010 37.927 30.000 300.000 134.743 
0.151 0.187 632.854 886.613 0.010 61.585 40.000 400.000 224.862 
0.151 0.187 889.082 1415.032 0.010 61.585 40.000 700.000 306.811 
0.151 0.187 1417.938 2404.042 0.010 61.585 70.000 1000.000 415.300 
0.151 0.186 2407.860 3579.987 0.010 100.000 80.000 1000.000 973.201 
0.151 0.186 3586.111 4997.707 0.016 23.357 200.000 1000.000 1369.845 
0.187 0.229 2.218 13.733 0.016 23.357 1.000 7.000 2.838 
0.187 0.229 13.762 24.817 0.016 23.357 1.000 10.000 6.945 
0.187 0.229 24.959 35.845 0.016 23.357 2.000 20.000 11.112 
0.187 0.229 35.959 45.819 0.016 37.927 2.000 20.000 15.884 
0.187 0.229 45.863 54.600 0.016 37.927 2.000 30.000 18.077 
0.187 0.229 54.734 63.520 0.016 23.357 3.000 30.000 18.098 
0.187 0.229 63.535 72.970 0.016 23.357 3.000 40.000 24.741 
0.187 0.229 72.996 85.192 0.016 23.357 4.000 40.000 26.699 
0.187 0.229 85.262 101.394 0.026 23.357 5.000 50.000 31.418 
0.187 0.229 101.465 128.731 0.026 23.357 7.000 70.000 39.418 
0.187 0.229 129.011 187.665 0.016 23.357 8.000 100.000 54.332 
0.187 0.229 187.948 256.019 0.016 14.384 20.000 100.000 85.190 
0.187 0.229 256.338 336.541 0.016 23.357 20.000 100.000 99.548 
0.187 0.229 336.580 444.626 0.016 23.357 20.000 200.000 129.634 
0.187 0.229 444.657 612.322 0.010 37.927 30.000 300.000 176.193 
0.187 0.229 613.365 861.945 0.010 23.357 40.000 400.000 240.377 
0.187 0.229 863.450 1393.113 0.016 100.000 40.000 700.000 359.544 
0.187 0.229 1400.933 2393.946 0.016 37.927 70.000 1000.000 694.561 
0.187 0.229 2394.460 3558.045 0.010 61.585 80.000 1000.000 1074.127 
0.187 0.229 3566.947 4999.832 0.010 23.357 200.000 1000.000 1540.626 
0.229 0.279 1.744 13.789 0.026 23.357 1.000 6.000 3.919 
0.229 0.279 13.840 24.551 0.016 23.357 1.000 10.000 6.866 
0.229 0.278 24.611 33.797 0.016 23.357 2.000 10.000 12.508 
0.229 0.279 33.898 42.236 0.016 23.357 2.000 20.000 16.242 
0.229 0.279 42.282 50.477 0.026 14.384 3.000 20.000 19.495 
0.229 0.279 50.582 59.070 0.026 23.357 3.000 20.000 22.658 
0.229 0.279 59.082 68.185 0.026 14.384 4.000 40.000 25.691 
0.229 0.279 68.294 79.794 0.026 37.927 4.000 40.000 29.053 
0.229 0.279 79.888 95.327 0.026 37.927 4.000 40.000 30.477 
0.229 0.279 95.361 121.024 0.026 23.357 4.000 70.000 45.360 
0.229 0.279 121.282 174.910 0.026 100.000 3.000 90.000 56.419 
0.229 0.279 175.696 241.894 0.026 100.000 4.000 100.000 81.401 
0.229 0.279 241.977 325.088 0.026 23.357 20.000 200.000 110.193 
0.229 0.279 326.451 431.237 0.016 23.357 20.000 200.000 157.964 
0.229 0.279 431.889 595.333 0.016 23.357 30.000 200.000 213.450 
0.229 0.279 597.209 843.943 0.016 37.927 40.000 500.000 286.552 
0.229 0.279 844.538 1393.645 0.016 37.927 40.000 700.000 398.278 
0.229 0.279 1397.948 2403.657 0.026 61.585 60.000 1000.000 765.326 
0.229 0.279 2410.195 3566.494 0.016 37.927 100.000 1000.000 1205.866 
0.229 0.279 3572.102 4998.030 0.016 61.585 90.000 1000.000 1740.253 
0.279 0.337 1.757 13.023 0.026 14.384 1.000 7.000 3.399 
0.279 0.337 13.123 22.996 0.026 14.384 1.000 10.000 8.683 
0.279 0.337 23.005 31.126 0.026 37.927 1.000 10.000 12.087 
0.279 0.337 31.136 38.973 0.026 14.384 2.000 20.000 17.272 
0.280 0.337 38.990 47.018 0.026 23.357 2.000 20.000 19.391 
0.279 0.337 47.089 55.394 0.026 37.927 2.000 20.000 23.841 
0.279 0.337 55.501 64.968 0.026 23.357 2.000 30.000 28.891 
0.279 0.337 65.024 76.578 0.026 61.585 2.000 40.000 31.560 
0.279 0.337 76.611 92.332 0.026 23.357 4.000 30.000 33.385 
0.279 0.337 92.361 117.637 0.026 23.357 6.000 70.000 40.783 
0.279 0.337 117.838 173.575 0.026 37.927 4.000 100.000 63.648 
0.279 0.337 174.345 240.084 0.026 14.384 20.000 100.000 100.695 
0.279 0.337 240.823 325.084 0.026 14.384 20.000 100.000 132.750 
0.279 0.337 325.786 437.370 0.016 14.384 20.000 200.000 185.729 
0.279 0.337 438.615 602.487 0.016 14.384 30.000 300.000 245.874 
0.279 0.337 606.671 846.955 0.026 23.357 40.000 400.000 346.884 
0.279 0.337 849.864 1424.632 0.016 23.357 50.000 800.000 456.316 
0.279 0.337 1425.307 2437.268 0.026 37.927 90.000 1000.000 941.116 
0.279 0.337 2445.545 3568.360 0.026 23.357 200.000 1000.000 1379.814 
0.279 0.337 3580.154 4998.429 0.026 61.585 100.000 1000.000 1929.660 
0.337 0.398 2.184 12.009 0.026 14.384 1.000 6.000 4.201 
0.337 0.398 12.103 20.898 0.026 23.357 1.000 10.000 8.795 
0.338 0.398 20.935 28.536 0.026 14.384 2.000 10.000 13.306 
0.337 0.398 28.597 36.404 0.026 14.384 2.000 10.000 17.401 
0.338 0.398 36.452 45.048 0.026 23.357 2.000 20.000 21.725 
0.337 0.398 45.143 54.481 0.026 14.384 3.000 20.000 26.230 
0.337 0.398 54.492 65.260 0.026 14.384 4.000 30.000 30.179 
0.338 0.398 65.377 78.489 0.026 14.384 4.000 30.000 36.073 
0.337 0.398 78.813 96.863 0.026 14.384 5.000 50.000 43.452 
0.338 0.398 97.069 135.431 0.026 37.927 4.000 70.000 54.633 
0.338 0.398 135.575 201.145 0.026 14.384 9.000 100.000 89.873 
0.338 0.398 201.729 271.064 0.026 14.384 20.000 100.000 116.872 
0.338 0.398 271.152 361.299 0.026 14.384 20.000 100.000 170.657 
0.338 0.398 362.453 486.820 0.026 23.357 30.000 200.000 220.314 
0.338 0.398 487.055 662.549 0.026 14.384 30.000 300.000 306.022 
0.338 0.398 663.405 953.969 0.026 23.357 40.000 500.000 341.040 
0.338 0.398 960.016 1679.056 0.026 37.927 50.000 800.000 601.550 
0.338 0.398 1681.738 2598.805 0.026 37.927 90.000 1000.000 1136.865 
0.337 0.398 2601.302 3647.277 0.026 100.000 40.000 1000.000 1620.847 
0.337 0.398 3670.189 4999.433 0.026 23.357 200.000 1000.000 2262.355 
0.398 0.452 1.978 10.355 0.043 8.859 1.000 5.000 4.052 
0.398 0.452 10.401 17.988 0.043 23.357 1.000 10.000 8.403 
0.398 0.452 18.021 25.695 0.026 23.357 1.000 10.000 12.905 
0.399 0.452 25.830 34.210 0.043 23.357 2.000 10.000 17.660 
0.399 0.452 34.321 44.874 0.026 23.357 2.000 10.000 22.859 
0.398 0.452 44.927 56.776 0.026 37.927 3.000 30.000 28.721 
0.398 0.451 56.803 70.211 0.026 14.384 3.000 30.000 32.145 
0.398 0.452 70.312 89.510 0.043 100.000 2.000 40.000 43.733 
0.398 0.452 89.661 129.911 0.043 37.927 4.000 60.000 56.650 
0.398 0.452 131.326 202.354 0.026 14.384 9.000 90.000 95.989 
0.398 0.452 202.703 271.826 0.043 14.384 20.000 100.000 130.108 
0.398 0.452 272.186 353.221 0.026 14.384 20.000 100.000 180.712 
0.398 0.452 353.814 460.780 0.016 14.384 30.000 200.000 235.596 
0.398 0.452 462.651 603.986 0.026 14.384 40.000 300.000 300.827 
0.399 0.452 605.282 826.010 0.043 23.357 40.000 400.000 416.970 
0.398 0.452 826.361 1319.627 0.026 37.927 40.000 600.000 532.288 
0.399 0.452 1322.536 2067.690 0.043 23.357 70.000 1000.000 980.414 
0.398 0.452 2068.651 2871.780 0.026 100.000 40.000 1000.000 1434.969 
0.398 0.452 2877.626 3810.558 0.043 100.000 90.000 1000.000 2070.156 
0.399 0.452 3814.166 4994.028 0.026 37.927 200.000 1000.000 2705.392 
0.452 0.498 1.955 9.355 0.043 8.859 1.000 4.000 4.854 
0.452 0.498 9.379 16.530 0.070 14.384 1.000 7.000 8.947 
0.453 0.497 16.539 24.019 0.026 8.859 2.000 10.000 12.570 
0.452 0.497 24.065 33.203 0.043 8.859 2.000 10.000 17.648 
0.452 0.498 33.230 45.738 0.043 100.000 1.000 20.000 24.064 
0.452 0.498 45.792 60.797 0.026 14.384 4.000 30.000 32.624 
0.452 0.498 60.881 81.608 0.043 100.000 2.000 30.000 42.388 
0.452 0.498 82.036 126.920 0.043 23.357 4.000 60.000 55.313 
0.452 0.498 127.086 204.636 0.026 14.384 9.000 100.000 102.940 
0.452 0.498 204.904 276.295 0.043 100.000 4.000 100.000 142.454 
0.452 0.498 276.630 355.313 0.043 8.859 30.000 200.000 197.337 
0.453 0.498 355.522 452.329 0.043 14.384 30.000 200.000 255.387 
0.452 0.498 452.762 566.921 0.026 14.384 40.000 200.000 315.731 
0.452 0.498 567.364 724.743 0.043 23.357 40.000 400.000 410.660 
0.452 0.498 726.736 1018.736 0.043 37.927 50.000 500.000 488.363 
0.452 0.498 1019.393 1663.542 0.043 23.357 70.000 900.000 737.723 
0.452 0.498 1665.797 2337.963 0.043 37.927 70.000 1000.000 1273.059 
0.452 0.498 2340.103 3059.740 0.026 14.384 200.000 1000.000 1685.690 
0.452 0.498 3063.916 3947.942 0.043 14.384 200.000 1000.000 2199.397 
0.452 0.498 3951.707 4999.567 0.026 37.927 200.000 1000.000 2805.555 
0.498 0.537 2.152 9.177 0.043 8.859 1.000 4.000 4.543 
0.498 0.538 9.193 16.075 0.043 14.384 1.000 9.000 8.480 
0.498 0.538 16.150 23.136 0.070 8.859 2.000 10.000 12.844 
0.498 0.538 23.150 32.545 0.043 14.384 2.000 10.000 17.953 
0.498 0.538 32.622 46.652 0.043 14.384 2.000 20.000 25.646 
0.498 0.538 46.660 66.030 0.043 14.384 4.000 30.000 35.612 
0.498 0.538 66.469 99.480 0.043 14.384 6.000 50.000 47.832 
0.498 0.538 99.579 185.403 0.043 8.859 8.000 90.000 79.283 
0.498 0.538 185.991 263.871 0.043 14.384 20.000 100.000 147.418 
0.498 0.538 264.122 341.915 0.043 14.384 20.000 100.000 200.566 
0.498 0.538 342.172 427.570 0.043 8.859 30.000 200.000 260.316 
0.498 0.538 427.700 526.292 0.043 8.859 30.000 200.000 322.000 
0.498 0.538 526.541 647.083 0.043 23.357 40.000 300.000 386.600 
0.498 0.538 647.928 809.307 0.043 23.357 40.000 400.000 465.892 
0.498 0.538 812.012 1202.813 0.043 23.357 50.000 600.000 590.559 
0.498 0.538 1204.736 1835.326 0.043 23.357 60.000 900.000 1065.481 
0.498 0.538 1846.020 2488.443 0.043 8.859 200.000 1000.000 1401.291 
0.498 0.538 2495.521 3196.959 0.043 37.927 100.000 1000.000 1846.070 
0.498 0.538 3204.459 4020.984 0.070 8.859 300.000 1000.000 2390.260 
0.498 0.538 4033.239 4987.704 0.043 14.384 300.000 1000.000 2951.551 
0.538 0.575 1.833 9.150 0.043 5.456 1.000 4.000 4.771 
0.538 0.576 9.179 15.931 0.070 14.384 1.000 8.000 8.875 
0.538 0.576 16.018 22.821 0.043 14.384 1.000 10.000 12.301 
0.538 0.576 22.885 32.460 0.070 14.384 2.000 10.000 19.082 
0.538 0.576 32.480 47.978 0.043 23.357 2.000 20.000 27.646 
0.538 0.575 48.197 72.124 0.043 14.384 3.000 30.000 39.494 
0.538 0.575 72.520 137.255 0.043 37.927 4.000 70.000 59.112 
0.538 0.576 137.790 232.796 0.043 100.000 4.000 100.000 137.411 
0.538 0.576 233.032 313.674 0.043 8.859 20.000 100.000 187.577 
0.538 0.576 314.685 391.219 0.070 14.384 30.000 200.000 239.425 
0.538 0.575 392.006 475.707 0.043 8.859 30.000 200.000 297.536 
0.538 0.576 475.892 571.503 0.043 14.384 40.000 200.000 360.234 
0.538 0.576 571.910 689.608 0.026 14.384 40.000 300.000 372.366 
0.538 0.576 689.712 861.244 0.043 14.384 50.000 400.000 530.491 
0.538 0.576 861.966 1351.318 0.043 37.927 50.000 600.000 655.478 
0.538 0.576 1355.847 1958.402 0.070 23.357 90.000 1000.000 1113.077 
0.538 0.576 1966.749 2616.674 0.070 8.859 200.000 1000.000 1586.078 
0.538 0.576 2625.530 3339.611 0.043 14.384 200.000 1000.000 2031.738 
0.538 0.575 3342.688 4114.079 0.043 100.000 60.000 1000.000 2495.942 
0.539 0.576 4120.973 4997.138 0.043 23.357 300.000 1000.000 3135.623 
0.576 0.613 2.004 9.145 0.043 8.859 1.000 4.000 4.863 
0.576 0.613 9.156 16.121 0.043 8.859 1.000 8.000 8.359 
0.576 0.613 16.147 22.896 0.070 14.384 1.000 10.000 13.476 
0.576 0.613 22.961 31.939 0.043 14.384 2.000 10.000 19.386 
0.576 0.613 32.126 48.566 0.043 14.384 3.000 20.000 26.568 
0.576 0.613 48.880 78.340 0.043 14.384 4.000 30.000 41.836 
0.576 0.613 78.498 178.590 0.043 8.859 7.000 90.000 67.355 
0.576 0.613 178.940 276.141 0.043 8.859 20.000 100.000 165.572 
0.576 0.613 276.917 352.562 0.043 8.859 30.000 100.000 232.507 
0.576 0.613 352.995 428.453 0.043 8.859 30.000 200.000 276.732 
0.576 0.613 428.851 510.691 0.043 8.859 40.000 200.000 329.978 
0.576 0.613 510.930 607.817 0.070 8.859 40.000 300.000 394.406 
0.576 0.613 608.065 722.344 0.070 14.384 40.000 300.000 410.405 
0.576 0.613 722.863 906.069 0.070 14.384 50.000 400.000 566.873 
0.576 0.613 906.605 1490.643 0.070 23.357 80.000 700.000 729.196 
0.576 0.613 1497.060 2076.534 0.070 23.357 70.000 900.000 1270.651 
0.576 0.613 2081.580 2732.005 0.070 8.859 200.000 1000.000 1781.579 
0.576 0.613 2737.392 3444.091 0.043 61.585 70.000 1000.000 2292.722 
0.576 0.613 3447.154 4184.800 0.070 14.384 300.000 1000.000 2749.714 
0.576 0.613 4196.782 4994.516 0.070 14.384 300.000 1000.000 3233.273 
0.614 0.655 1.920 9.140 0.070 5.456 1.000 4.000 5.265 
0.614 0.655 9.159 16.179 0.070 8.859 1.000 7.000 9.108 
0.614 0.655 16.211 23.117 0.070 14.384 1.000 10.000 13.630 
0.614 0.655 23.150 32.102 0.070 8.859 2.000 10.000 20.140 
0.614 0.655 32.116 48.948 0.043 8.859 3.000 20.000 27.338 
0.614 0.655 49.063 86.976 0.043 37.927 3.000 40.000 46.590 
0.614 0.655 87.583 217.442 0.043 8.859 6.000 100.000 121.938 
0.614 0.655 218.061 307.693 0.070 8.859 20.000 100.000 205.582 
0.614 0.655 308.195 378.591 0.070 8.859 30.000 200.000 254.920 
0.613 0.655 378.777 451.063 0.070 8.859 30.000 200.000 317.543 
0.614 0.655 451.181 533.182 0.043 8.859 40.000 200.000 371.814 
0.613 0.655 533.618 626.555 0.070 14.384 40.000 300.000 426.906 
0.614 0.655 626.625 740.088 0.070 8.859 50.000 300.000 501.672 
0.614 0.655 740.449 927.446 0.043 14.384 60.000 400.000 613.603 
0.614 0.655 929.395 1556.441 0.043 23.357 50.000 700.000 832.768 
0.614 0.655 1559.579 2147.062 0.043 14.384 100.000 900.000 1358.846 
0.614 0.655 2149.794 2801.108 0.070 14.384 200.000 1000.000 1858.673 
0.614 0.655 2805.660 3475.628 0.043 14.384 200.000 1000.000 2397.926 
0.614 0.655 3484.170 4205.894 0.070 8.859 300.000 1000.000 2789.339 
0.614 0.655 4209.288 4999.251 0.043 14.384 300.000 1000.000 3330.578 
0.655 0.709 2.972 9.166 0.043 8.859 1.000 4.000 5.492 
0.656 0.710 9.184 16.191 0.070 8.859 1.000 7.000 10.315 
0.655 0.710 16.258 22.861 0.070 8.859 2.000 10.000 14.237 
0.655 0.709 22.995 31.302 0.070 8.859 2.000 9.000 20.905 
0.655 0.710 31.345 48.083 0.043 37.927 2.000 20.000 27.795 
0.655 0.710 48.139 98.216 0.043 14.384 4.000 40.000 47.871 
0.656 0.709 98.495 249.184 0.043 37.927 3.000 100.000 153.923 
0.655 0.710 249.282 331.757 0.070 8.859 20.000 100.000 233.679 
0.655 0.709 332.027 399.275 0.070 8.859 30.000 100.000 284.020 
0.656 0.709 399.556 471.833 0.070 14.384 40.000 200.000 336.945 
0.656 0.709 472.224 552.434 0.070 8.859 40.000 200.000 403.125 
0.655 0.709 552.723 642.978 0.070 14.384 50.000 200.000 466.525 
0.655 0.709 644.159 755.566 0.043 8.859 60.000 300.000 547.818 
0.655 0.709 756.593 947.221 0.043 8.859 60.000 400.000 628.670 
0.656 0.710 949.569 1601.856 0.070 8.859 70.000 800.000 906.843 
0.656 0.709 1604.582 2219.869 0.070 14.384 90.000 1000.000 1400.538 
0.655 0.709 2229.522 2857.681 0.070 61.585 70.000 1000.000 1962.790 
0.655 0.710 2860.860 3542.643 0.070 8.859 300.000 1000.000 2490.255 
0.656 0.709 3548.766 4256.480 0.070 8.859 300.000 1000.000 3013.640 
0.655 0.709 4260.660 4998.150 0.043 8.859 300.000 1000.000 3582.913 
0.710 0.888 1.986 9.061 0.070 8.859 1.000 4.000 6.031 
0.710 0.905 9.066 15.991 0.043 8.859 1.000 8.000 10.525 
0.710 0.939 16.011 22.479 0.070 5.456 2.000 10.000 15.250 
0.710 0.931 22.517 30.020 0.070 8.859 2.000 10.000 21.742 
0.710 0.892 30.061 45.998 0.070 8.859 3.000 20.000 27.960 
0.710 0.894 46.163 119.163 0.043 14.384 3.000 60.000 46.569 
0.710 0.911 120.511 274.299 0.070 8.859 10.000 100.000 185.120 
0.710 0.919 274.823 347.338 0.070 8.859 30.000 100.000 269.720 
0.710 0.887 348.160 418.231 0.070 8.859 30.000 100.000 323.498 
0.710 0.932 418.774 489.566 0.070 5.456 40.000 100.000 372.759 
0.710 0.921 489.967 567.723 0.070 8.859 40.000 200.000 437.560 
0.710 0.934 568.168 656.336 0.043 8.859 50.000 300.000 500.791 
0.710 0.956 657.600 764.650 0.026 8.859 60.000 300.000 595.303 
0.710 0.898 764.922 953.572 0.070 8.859 60.000 500.000 709.400 
0.710 0.913 957.364 1631.228 0.070 14.384 70.000 600.000 1064.882 
0.710 0.934 1634.695 2278.805 0.070 8.859 200.000 800.000 1628.446 
0.710 0.892 2279.607 2916.188 0.070 8.859 200.000 1000.000 2158.504 
0.710 0.913 2919.944 3589.042 0.113 5.456 300.000 1000.000 2778.675 
0.710 0.941 3592.099 4267.422 0.070 8.859 300.000 1000.000 3282.885 
0.710 0.900 4269.737 4997.489 0.070 8.859 400.000 1000.000 3906.270 
