Ice-Agg collection for the flat orientation.
Mean value taken from the average across 300 aggregates.
Major axis taken as the largest axis from the fit-ellipsoid
Ranges are taken from the aggregates being pulled from the db,
not the bin edges (maximum range)
Order: agg phi min, agg phi max, agg r min, agg r max,
 monomer phi min, monomer phi max, monomer r min, monomer r max, value
0.007 0.027 1.758 15.609 0.010 100.000 1.000 8.000 40.465
0.005 0.027 15.640 27.140 0.010 100.000 1.000 10.000 84.747
0.006 0.027 27.193 42.702 0.010 100.000 1.000 20.000 139.604
0.007 0.027 42.871 58.220 0.010 100.000 2.000 30.000 195.175
0.008 0.027 58.255 75.002 0.010 100.000 3.000 40.000 260.236
0.007 0.027 75.213 95.593 0.010 100.000 3.000 50.000 323.877
0.009 0.027 95.611 120.124 0.010 100.000 4.000 60.000 409.782
0.009 0.027 120.166 150.991 0.010 100.000 4.000 80.000 505.114
0.008 0.027 151.106 194.147 0.010 100.000 6.000 100.000 650.534
0.009 0.027 195.378 285.792 0.010 100.000 7.000 100.000 887.381
0.007 0.027 288.472 437.965 0.010 100.000 9.000 200.000 1443.067
0.006 0.027 438.685 587.200 0.010 100.000 20.000 300.000 2032.775
0.008 0.027 588.483 738.644 0.010 100.000 20.000 400.000 2582.605
0.007 0.027 739.222 917.798 0.010 100.000 30.000 500.000 3193.043
0.007 0.027 917.844 1130.156 0.010 100.000 40.000 600.000 3874.613
0.009 0.027 1131.763 1393.101 0.010 100.000 40.000 800.000 4790.972
0.008 0.027 1394.381 1730.706 0.010 100.000 50.000 1000.000 5885.949
0.009 0.027 1732.977 2267.791 0.010 100.000 60.000 1000.000 7391.509
0.007 0.027 2272.153 3526.106 0.010 100.000 80.000 1000.000 10753.688
0.007 0.027 3532.973 4994.466 0.010 100.000 200.000 1000.000 16787.347
0.027 0.039 1.689 14.722 0.010 100.000 1.000 8.000 31.669
0.027 0.039 14.736 24.803 0.010 100.000 1.000 10.000 65.000
0.027 0.039 24.826 38.721 0.010 100.000 1.000 20.000 105.389
0.027 0.039 38.831 54.390 0.010 100.000 2.000 30.000 150.730
0.027 0.039 54.443 73.946 0.010 100.000 2.000 40.000 207.593
0.027 0.039 74.024 97.049 0.010 100.000 3.000 60.000 276.925
0.027 0.039 97.073 121.539 0.010 100.000 4.000 70.000 357.507
0.027 0.039 121.580 149.849 0.010 100.000 5.000 90.000 437.098
0.027 0.039 150.116 186.926 0.010 100.000 5.000 100.000 539.306
0.027 0.039 186.976 253.768 0.010 100.000 7.000 100.000 703.175
0.027 0.039 253.958 379.173 0.010 100.000 9.000 200.000 1032.160
0.027 0.039 379.484 515.823 0.010 100.000 20.000 300.000 1457.661
0.027 0.039 516.358 690.386 0.010 100.000 20.000 400.000 1973.382
0.027 0.039 691.211 901.184 0.010 100.000 30.000 500.000 2627.809
0.027 0.039 902.840 1148.841 0.010 100.000 30.000 700.000 3375.174
0.027 0.039 1149.769 1428.745 0.010 100.000 50.000 700.000 4158.922
0.027 0.039 1430.318 1785.386 0.010 100.000 50.000 1000.000 5190.683
0.027 0.039 1786.394 2401.558 0.010 100.000 70.000 1000.000 6572.916
0.027 0.039 2404.296 3596.619 0.010 100.000 80.000 1000.000 9791.864
0.027 0.039 3600.337 4987.994 0.010 100.000 200.000 1000.000 14041.137
0.039 0.054 1.724 12.512 0.010 61.585 1.000 7.000 24.393
0.039 0.054 12.558 20.597 0.010 100.000 1.000 10.000 49.977
0.039 0.054 20.661 31.061 0.010 100.000 1.000 10.000 74.843
0.039 0.054 31.118 42.890 0.010 100.000 1.000 20.000 107.306
0.039 0.054 42.986 57.882 0.010 100.000 2.000 30.000 149.899
0.039 0.054 57.996 77.460 0.010 100.000 3.000 40.000 199.074
0.039 0.054 77.531 103.892 0.010 100.000 4.000 60.000 262.424
0.039 0.054 103.946 137.264 0.010 100.000 4.000 80.000 357.449
0.039 0.054 137.395 180.081 0.010 100.000 5.000 100.000 454.531
0.039 0.054 180.523 255.835 0.010 100.000 7.000 100.000 642.668
0.039 0.054 256.071 357.240 0.010 100.000 9.000 200.000 904.288
0.039 0.054 357.425 468.530 0.010 100.000 20.000 300.000 1221.114
0.039 0.054 469.861 609.875 0.010 100.000 20.000 300.000 1583.775
0.039 0.054 611.607 796.137 0.010 100.000 30.000 400.000 2058.729
0.039 0.054 796.336 1059.303 0.010 100.000 30.000 600.000 2723.227
0.039 0.054 1063.999 1408.428 0.010 100.000 50.000 700.000 3611.612
0.039 0.054 1409.996 1866.158 0.010 100.000 60.000 1000.000 4813.169
0.039 0.054 1867.751 2696.432 0.010 100.000 50.000 1000.000 6538.074
0.039 0.054 2702.198 3762.816 0.010 100.000 100.000 1000.000 9401.156
0.039 0.054 3773.154 4995.725 0.010 100.000 200.000 1000.000 12672.804
0.054 0.072 1.663 12.095 0.010 37.927 1.000 7.000 21.957
0.054 0.072 12.215 20.314 0.010 61.585 1.000 10.000 44.181
0.054 0.072 20.355 30.117 0.010 100.000 1.000 10.000 68.265
0.054 0.072 30.231 40.445 0.010 100.000 2.000 20.000 95.392
0.054 0.072 40.467 52.668 0.010 100.000 2.000 20.000 129.041
0.054 0.072 53.093 67.760 0.010 61.585 3.000 30.000 160.128
0.054 0.072 67.906 88.175 0.010 100.000 3.000 50.000 206.754
0.054 0.072 88.247 122.029 0.010 100.000 4.000 70.000 280.010
0.054 0.072 122.170 166.142 0.010 100.000 6.000 90.000 384.797
0.054 0.072 166.253 243.811 0.010 100.000 8.000 100.000 548.494
0.054 0.072 244.287 341.064 0.010 100.000 9.000 200.000 777.134
0.054 0.072 342.394 441.862 0.010 61.585 20.000 200.000 1058.598
0.054 0.072 442.907 567.588 0.010 100.000 20.000 300.000 1344.437
0.054 0.072 567.595 728.267 0.010 61.585 30.000 400.000 1691.679
0.054 0.072 729.901 992.716 0.010 61.585 40.000 500.000 2264.479
0.054 0.072 994.352 1385.462 0.010 100.000 40.000 700.000 3197.116
0.054 0.072 1387.905 1940.019 0.010 100.000 60.000 1000.000 4312.135
0.054 0.072 1943.488 2844.304 0.010 100.000 60.000 1000.000 6372.511
0.054 0.072 2850.376 3819.642 0.010 61.585 200.000 1000.000 9021.266
0.054 0.072 3840.718 4997.173 0.010 100.000 200.000 1000.000 11541.025
0.072 0.094 1.686 12.726 0.010 61.585 1.000 7.000 20.576
0.072 0.095 12.825 21.438 0.010 100.000 1.000 10.000 42.721
0.072 0.095 21.464 31.596 0.010 61.585 1.000 10.000 66.484
0.072 0.094 31.717 42.063 0.010 100.000 1.000 20.000 90.133
0.072 0.095 42.225 54.477 0.010 100.000 2.000 30.000 117.062
0.072 0.095 54.632 68.936 0.010 61.585 3.000 40.000 148.608
0.072 0.095 69.017 86.489 0.010 61.585 3.000 40.000 187.152
0.072 0.094 86.640 113.041 0.010 100.000 3.000 60.000 237.188
0.072 0.095 113.189 147.046 0.010 61.585 6.000 70.000 314.234
0.072 0.095 147.513 206.234 0.010 61.585 6.000 100.000 418.921
0.072 0.094 206.436 296.834 0.010 61.585 9.000 100.000 629.228
0.072 0.094 297.530 393.365 0.010 61.585 20.000 200.000 851.394
0.072 0.094 393.547 507.013 0.010 61.585 20.000 200.000 1150.937
0.072 0.095 507.485 654.612 0.010 61.585 30.000 300.000 1414.532
0.072 0.094 655.628 865.974 0.010 100.000 40.000 500.000 1820.425
0.072 0.095 869.748 1248.219 0.010 100.000 40.000 700.000 2570.726
0.072 0.095 1250.416 1775.238 0.010 100.000 50.000 900.000 3646.001
0.072 0.095 1779.924 2710.975 0.010 100.000 70.000 1000.000 5469.036
0.072 0.095 2719.452 3763.070 0.010 100.000 70.000 1000.000 7914.876
0.072 0.095 3773.814 4997.989 0.010 61.585 200.000 1000.000 10659.464
0.095 0.121 1.989 13.510 0.010 37.927 1.000 7.000 21.659
0.095 0.121 13.548 23.699 0.010 37.927 1.000 10.000 42.064
0.095 0.121 23.722 34.691 0.010 61.585 2.000 20.000 69.214
0.095 0.121 34.821 47.680 0.010 37.927 2.000 20.000 94.806
0.095 0.121 47.790 61.834 0.010 100.000 2.000 30.000 123.388
0.095 0.121 61.861 75.360 0.010 61.585 3.000 40.000 150.974
0.095 0.121 75.411 90.435 0.010 61.585 4.000 40.000 178.597
0.095 0.121 90.585 108.656 0.010 61.585 2.000 60.000 215.361
0.095 0.121 108.773 129.926 0.010 37.927 5.000 70.000 257.379
0.095 0.121 130.182 163.274 0.010 37.927 7.000 90.000 318.339
0.095 0.120 163.611 250.386 0.010 37.927 8.000 100.000 468.111
0.095 0.121 250.559 323.484 0.010 37.927 20.000 100.000 639.797
0.095 0.121 324.227 420.687 0.010 37.927 20.000 200.000 859.396
0.095 0.121 421.620 537.770 0.010 37.927 30.000 200.000 1074.777
0.095 0.121 538.113 723.411 0.010 37.927 30.000 300.000 1433.909
0.095 0.121 724.414 1025.287 0.010 100.000 40.000 500.000 1907.183
0.095 0.121 1026.865 1558.538 0.010 100.000 40.000 700.000 2913.566
0.095 0.121 1559.080 2496.552 0.010 61.585 60.000 1000.000 4653.538
0.095 0.121 2509.718 3619.462 0.010 61.585 90.000 1000.000 7011.284
0.095 0.121 3624.793 4986.247 0.010 100.000 100.000 1000.000 9726.882
0.121 0.151 1.801 13.642 0.010 37.927 1.000 7.000 18.395
0.121 0.151 13.719 24.876 0.010 37.927 1.000 10.000 41.097
0.121 0.151 24.971 37.119 0.010 37.927 2.000 20.000 67.431
0.121 0.151 37.198 50.838 0.010 37.927 2.000 20.000 91.112
0.121 0.151 50.954 63.003 0.010 37.927 3.000 30.000 117.466
0.121 0.151 63.144 74.037 0.010 100.000 2.000 40.000 139.106
0.121 0.151 74.252 86.187 0.010 100.000 2.000 40.000 158.976
0.121 0.151 86.214 100.291 0.016 100.000 3.000 50.000 184.325
0.121 0.151 100.400 117.628 0.016 37.927 6.000 50.000 219.061
0.121 0.151 117.672 146.107 0.016 37.927 6.000 80.000 267.760
0.121 0.151 146.353 222.468 0.010 100.000 4.000 100.000 381.310
0.121 0.151 222.563 292.204 0.010 37.927 20.000 100.000 532.414
0.121 0.151 292.491 374.665 0.010 37.927 20.000 200.000 715.229
0.121 0.151 376.264 478.589 0.010 37.927 20.000 200.000 903.017
0.121 0.151 480.124 655.403 0.010 37.927 30.000 300.000 1206.245
0.121 0.151 656.962 919.556 0.010 100.000 40.000 500.000 1646.969
0.121 0.151 920.300 1444.442 0.010 61.585 50.000 700.000 2485.765
0.121 0.151 1447.135 2402.497 0.010 100.000 60.000 1000.000 4018.702
0.121 0.151 2405.167 3582.056 0.010 61.585 80.000 1000.000 6372.699
0.121 0.151 3585.453 4989.118 0.010 37.927 200.000 1000.000 8895.134
0.151 0.186 1.641 13.654 0.016 23.357 1.000 6.000 18.281
0.151 0.186 13.753 24.662 0.016 37.927 1.000 10.000 38.765
0.151 0.187 24.678 36.940 0.010 37.927 2.000 20.000 62.338
0.151 0.187 36.977 48.543 0.010 37.927 2.000 30.000 83.980
0.151 0.186 48.589 58.815 0.016 37.927 3.000 30.000 101.748
0.151 0.187 58.895 68.678 0.016 37.927 3.000 40.000 118.757
0.151 0.186 68.686 79.085 0.010 37.927 4.000 30.000 136.347
0.151 0.187 79.197 91.648 0.016 37.927 4.000 50.000 159.414
0.151 0.186 91.706 109.223 0.016 23.357 5.000 60.000 189.214
0.151 0.187 109.256 137.521 0.016 23.357 7.000 80.000 227.058
0.151 0.186 138.267 205.236 0.016 100.000 4.000 100.000 327.615
0.151 0.187 205.625 275.030 0.010 23.357 20.000 100.000 462.998
0.151 0.187 275.320 354.592 0.016 37.927 20.000 200.000 605.944
0.151 0.187 354.950 458.856 0.010 23.357 20.000 200.000 816.839
0.151 0.187 460.608 631.926 0.010 37.927 30.000 300.000 1054.549
0.151 0.187 632.854 886.613 0.010 61.585 40.000 400.000 1468.383
0.151 0.187 889.082 1415.032 0.010 61.585 40.000 700.000 2180.348
0.151 0.187 1417.938 2404.042 0.010 61.585 70.000 1000.000 3825.246
0.151 0.186 2407.860 3579.987 0.010 100.000 80.000 1000.000 6180.174
0.151 0.186 3586.111 4997.707 0.016 23.357 200.000 1000.000 8560.031
0.187 0.229 2.218 13.733 0.016 23.357 1.000 7.000 18.180
0.187 0.229 13.762 24.817 0.016 23.357 1.000 10.000 36.476
0.187 0.229 24.959 35.845 0.016 23.357 2.000 20.000 55.908
0.187 0.229 35.959 45.819 0.016 37.927 2.000 20.000 73.354
0.187 0.229 45.863 54.600 0.016 37.927 2.000 30.000 90.092
0.187 0.229 54.734 63.520 0.016 23.357 3.000 30.000 101.980
0.187 0.229 63.535 72.970 0.016 23.357 3.000 40.000 118.575
0.187 0.229 72.996 85.192 0.016 23.357 4.000 40.000 136.211
0.187 0.229 85.262 101.394 0.026 23.357 5.000 50.000 161.290
0.187 0.229 101.465 128.731 0.026 23.357 7.000 70.000 206.781
0.187 0.229 129.011 187.665 0.016 23.357 8.000 100.000 285.063
0.187 0.229 187.948 256.019 0.016 14.384 20.000 100.000 401.385
0.187 0.229 256.338 336.541 0.016 23.357 20.000 100.000 544.110
0.187 0.229 336.580 444.626 0.016 23.357 20.000 200.000 699.608
0.187 0.229 444.657 612.322 0.010 37.927 30.000 300.000 969.441
0.187 0.229 613.365 861.945 0.010 23.357 40.000 400.000 1315.472
0.187 0.229 863.450 1393.113 0.016 100.000 40.000 700.000 2060.607
0.187 0.229 1400.933 2393.946 0.016 37.927 70.000 1000.000 3630.609
0.187 0.229 2394.460 3558.045 0.010 61.585 80.000 1000.000 5579.368
0.187 0.229 3566.947 4999.832 0.010 23.357 200.000 1000.000 7805.414
0.229 0.279 1.744 13.789 0.026 23.357 1.000 6.000 16.258
0.229 0.279 13.840 24.551 0.016 23.357 1.000 10.000 34.125
0.229 0.278 24.611 33.797 0.016 23.357 2.000 10.000 50.917
0.229 0.279 33.898 42.236 0.016 23.357 2.000 20.000 65.402
0.229 0.279 42.282 50.477 0.026 14.384 3.000 20.000 77.164
0.229 0.279 50.582 59.070 0.026 23.357 3.000 20.000 90.193
0.229 0.279 59.082 68.185 0.026 14.384 4.000 40.000 103.298
0.229 0.279 68.294 79.794 0.026 37.927 4.000 40.000 123.613
0.229 0.279 79.888 95.327 0.026 37.927 4.000 40.000 141.386
0.229 0.279 95.361 121.024 0.026 23.357 4.000 70.000 176.359
0.229 0.279 121.282 174.910 0.026 100.000 3.000 90.000 246.279
0.229 0.279 175.696 241.894 0.026 100.000 4.000 100.000 365.100
0.229 0.279 241.977 325.088 0.026 23.357 20.000 200.000 496.666
0.229 0.279 326.451 431.237 0.016 23.357 20.000 200.000 650.467
0.229 0.279 431.889 595.333 0.016 23.357 30.000 200.000 876.617
0.229 0.279 597.209 843.943 0.016 37.927 40.000 500.000 1225.927
0.229 0.279 844.538 1393.645 0.016 37.927 40.000 700.000 1901.977
0.229 0.279 1397.948 2403.657 0.026 61.585 60.000 1000.000 3393.013
0.229 0.279 2410.195 3566.494 0.016 37.927 100.000 1000.000 5332.154
0.229 0.279 3572.102 4998.030 0.016 61.585 90.000 1000.000 7347.322
0.279 0.337 1.757 13.023 0.026 14.384 1.000 7.000 14.252
0.279 0.337 13.123 22.996 0.026 14.384 1.000 10.000 31.478
0.279 0.337 23.005 31.126 0.026 37.927 1.000 10.000 45.990
0.279 0.337 31.136 38.973 0.026 14.384 2.000 20.000 56.980
0.280 0.337 38.990 47.018 0.026 23.357 2.000 20.000 69.225
0.279 0.337 47.089 55.394 0.026 37.927 2.000 20.000 81.045
0.279 0.337 55.501 64.968 0.026 23.357 2.000 30.000 94.239
0.279 0.337 65.024 76.578 0.026 61.585 2.000 40.000 107.962
0.279 0.337 76.611 92.332 0.026 23.357 4.000 30.000 131.851
0.279 0.337 92.361 117.637 0.026 23.357 6.000 70.000 168.094
0.279 0.337 117.838 173.575 0.026 37.927 4.000 100.000 236.221
0.279 0.337 174.345 240.084 0.026 14.384 20.000 100.000 341.229
0.279 0.337 240.823 325.084 0.026 14.384 20.000 100.000 457.666
0.279 0.337 325.786 437.370 0.016 14.384 20.000 200.000 625.611
0.279 0.337 438.615 602.487 0.016 14.384 30.000 300.000 856.560
0.279 0.337 606.671 846.955 0.026 23.357 40.000 400.000 1183.396
0.279 0.337 849.864 1424.632 0.016 23.357 50.000 800.000 1841.665
0.279 0.337 1425.307 2437.268 0.026 37.927 90.000 1000.000 3392.848
0.279 0.337 2445.545 3568.360 0.026 23.357 200.000 1000.000 4976.676
0.279 0.337 3580.154 4998.429 0.026 61.585 100.000 1000.000 6851.281
0.337 0.398 2.184 12.009 0.026 14.384 1.000 6.000 12.802
0.337 0.398 12.103 20.898 0.026 23.357 1.000 10.000 27.605
0.338 0.398 20.935 28.536 0.026 14.384 2.000 10.000 38.941
0.337 0.398 28.597 36.404 0.026 14.384 2.000 10.000 50.173
0.338 0.398 36.452 45.048 0.026 23.357 2.000 20.000 61.285
0.337 0.398 45.143 54.481 0.026 14.384 3.000 20.000 74.266
0.337 0.398 54.492 65.260 0.026 14.384 4.000 30.000 88.686
0.338 0.398 65.377 78.489 0.026 14.384 4.000 30.000 107.657
0.337 0.398 78.813 96.863 0.026 14.384 5.000 50.000 127.030
0.338 0.398 97.069 135.431 0.026 37.927 4.000 70.000 168.886
0.338 0.398 135.575 201.145 0.026 14.384 9.000 100.000 263.471
0.338 0.398 201.729 271.064 0.026 14.384 20.000 100.000 378.563
0.338 0.398 271.152 361.299 0.026 14.384 20.000 100.000 480.804
0.338 0.398 362.453 486.820 0.026 23.357 30.000 200.000 651.728
0.338 0.398 487.055 662.549 0.026 14.384 30.000 300.000 899.709
0.338 0.398 663.405 953.969 0.026 23.357 40.000 500.000 1221.401
0.338 0.398 960.016 1679.056 0.026 37.927 50.000 800.000 2088.336
0.338 0.398 1681.738 2598.805 0.026 37.927 90.000 1000.000 3506.030
0.337 0.398 2601.302 3647.277 0.026 100.000 40.000 1000.000 4982.044
0.337 0.398 3670.189 4999.433 0.026 23.357 200.000 1000.000 6504.531
0.398 0.452 1.978 10.355 0.043 8.859 1.000 5.000 11.014
0.398 0.452 10.401 17.988 0.043 23.357 1.000 10.000 21.740
0.398 0.452 18.021 25.695 0.026 23.357 1.000 10.000 33.245
0.399 0.452 25.830 34.210 0.043 23.357 2.000 10.000 43.802
0.399 0.452 34.321 44.874 0.026 23.357 2.000 10.000 57.330
0.398 0.452 44.927 56.776 0.026 37.927 3.000 30.000 72.413
0.398 0.451 56.803 70.211 0.026 14.384 3.000 30.000 91.737
0.398 0.452 70.312 89.510 0.043 100.000 2.000 40.000 116.085
0.398 0.452 89.661 129.911 0.043 37.927 4.000 60.000 156.453
0.398 0.452 131.326 202.354 0.026 14.384 9.000 90.000 261.079
0.398 0.452 202.703 271.826 0.043 14.384 20.000 100.000 363.034
0.398 0.452 272.186 353.221 0.026 14.384 20.000 100.000 471.405
0.398 0.452 353.814 460.780 0.016 14.384 30.000 200.000 591.119
0.398 0.452 462.651 603.986 0.026 14.384 40.000 300.000 764.536
0.399 0.452 605.282 826.010 0.043 23.357 40.000 400.000 1007.875
0.398 0.452 826.361 1319.627 0.026 37.927 40.000 600.000 1586.489
0.399 0.452 1322.536 2067.690 0.043 23.357 70.000 1000.000 2566.470
0.398 0.452 2068.651 2871.780 0.026 100.000 40.000 1000.000 3717.482
0.398 0.452 2877.626 3810.558 0.043 100.000 90.000 1000.000 4801.766
0.399 0.452 3814.166 4994.028 0.026 37.927 200.000 1000.000 6396.869
0.452 0.498 1.955 9.355 0.043 8.859 1.000 4.000 9.610
0.452 0.498 9.379 16.530 0.070 14.384 1.000 7.000 19.700
0.453 0.497 16.539 24.019 0.026 8.859 2.000 10.000 29.278
0.452 0.497 24.065 33.203 0.043 8.859 2.000 10.000 41.015
0.452 0.498 33.230 45.738 0.043 100.000 1.000 20.000 56.464
0.452 0.498 45.792 60.797 0.026 14.384 4.000 30.000 72.407
0.452 0.498 60.881 81.608 0.043 100.000 2.000 30.000 99.371
0.452 0.498 82.036 126.920 0.043 23.357 4.000 60.000 139.115
0.452 0.498 127.086 204.636 0.026 14.384 9.000 100.000 250.039
0.452 0.498 204.904 276.295 0.043 100.000 4.000 100.000 358.918
0.452 0.498 276.630 355.313 0.043 8.859 30.000 200.000 455.366
0.453 0.498 355.522 452.329 0.043 14.384 30.000 200.000 568.050
0.452 0.498 452.762 566.921 0.026 14.384 40.000 200.000 703.094
0.452 0.498 567.364 724.743 0.043 23.357 40.000 400.000 903.604
0.452 0.498 726.736 1018.736 0.043 37.927 50.000 500.000 1187.584
0.452 0.498 1019.393 1663.542 0.043 23.357 70.000 900.000 1980.571
0.452 0.498 1665.797 2337.963 0.043 37.927 70.000 1000.000 2837.307
0.452 0.498 2340.103 3059.740 0.026 14.384 200.000 1000.000 3818.519
0.452 0.498 3063.916 3947.942 0.043 14.384 200.000 1000.000 4770.158
0.452 0.498 3951.707 4999.567 0.026 37.927 200.000 1000.000 6115.610
0.498 0.537 2.152 9.177 0.043 8.859 1.000 4.000 9.387
0.498 0.538 9.193 16.075 0.043 14.384 1.000 9.000 17.853
0.498 0.538 16.150 23.136 0.070 8.859 2.000 10.000 27.765
0.498 0.538 23.150 32.545 0.043 14.384 2.000 10.000 39.290
0.498 0.538 32.622 46.652 0.043 14.384 2.000 20.000 55.523
0.498 0.538 46.660 66.030 0.043 14.384 4.000 30.000 77.075
0.498 0.538 66.469 99.480 0.043 14.384 6.000 50.000 108.861
0.498 0.538 99.579 185.403 0.043 8.859 8.000 90.000 221.840
0.498 0.538 185.991 263.871 0.043 14.384 20.000 100.000 332.054
0.498 0.538 264.122 341.915 0.043 14.384 20.000 100.000 420.353
0.498 0.538 342.172 427.570 0.043 8.859 30.000 200.000 521.336
0.498 0.538 427.700 526.292 0.043 8.859 30.000 200.000 653.545
0.498 0.538 526.541 647.083 0.043 23.357 40.000 300.000 786.814
0.498 0.538 647.928 809.307 0.043 23.357 40.000 400.000 974.941
0.498 0.538 812.012 1202.813 0.043 23.357 50.000 600.000 1319.253
0.498 0.538 1204.736 1835.326 0.043 23.357 60.000 900.000 2207.519
0.498 0.538 1846.020 2488.443 0.043 8.859 200.000 1000.000 3028.242
0.498 0.538 2495.521 3196.959 0.043 37.927 100.000 1000.000 3857.883
0.498 0.538 3204.459 4020.984 0.070 8.859 300.000 1000.000 4799.645
0.498 0.538 4033.239 4987.704 0.043 14.384 300.000 1000.000 5999.255
0.538 0.575 1.833 9.150 0.043 5.456 1.000 4.000 9.447
0.538 0.576 9.179 15.931 0.070 14.384 1.000 8.000 18.069
0.538 0.576 16.018 22.821 0.043 14.384 1.000 10.000 27.062
0.538 0.576 22.885 32.460 0.070 14.384 2.000 10.000 37.155
0.538 0.576 32.480 47.978 0.043 23.357 2.000 20.000 56.429
0.538 0.575 48.197 72.124 0.043 14.384 3.000 30.000 80.637
0.538 0.575 72.520 137.255 0.043 37.927 4.000 70.000 134.707
0.538 0.576 137.790 232.796 0.043 100.000 4.000 100.000 275.554
0.538 0.576 233.032 313.674 0.043 8.859 20.000 100.000 376.426
0.538 0.576 314.685 391.219 0.070 14.384 30.000 200.000 464.919
0.538 0.575 392.006 475.707 0.043 8.859 30.000 200.000 576.037
0.538 0.576 475.892 571.503 0.043 14.384 40.000 200.000 687.852
0.538 0.576 571.910 689.608 0.026 14.384 40.000 300.000 829.296
0.538 0.576 689.712 861.244 0.043 14.384 50.000 400.000 1012.323
0.538 0.576 861.966 1351.318 0.043 37.927 50.000 600.000 1450.611
0.538 0.576 1355.847 1958.402 0.070 23.357 90.000 1000.000 2327.264
0.538 0.576 1966.749 2616.674 0.070 8.859 200.000 1000.000 3111.945
0.538 0.576 2625.530 3339.611 0.043 14.384 200.000 1000.000 3952.843
0.538 0.575 3342.688 4114.079 0.043 100.000 60.000 1000.000 4909.596
0.539 0.576 4120.973 4997.138 0.043 23.357 300.000 1000.000 5861.674
0.576 0.613 2.004 9.145 0.043 8.859 1.000 4.000 9.353
0.576 0.613 9.156 16.121 0.043 8.859 1.000 8.000 17.467
0.576 0.613 16.147 22.896 0.070 14.384 1.000 10.000 26.153
0.576 0.613 22.961 31.939 0.043 14.384 2.000 10.000 35.635
0.576 0.613 32.126 48.566 0.043 14.384 3.000 20.000 51.990
0.576 0.613 48.880 78.340 0.043 14.384 4.000 30.000 83.869
0.576 0.613 78.498 178.590 0.043 8.859 7.000 90.000 174.818
0.576 0.613 178.940 276.141 0.043 8.859 20.000 100.000 323.206
0.576 0.613 276.917 352.562 0.043 8.859 30.000 100.000 417.184
0.576 0.613 352.995 428.453 0.043 8.859 30.000 200.000 523.365
0.576 0.613 428.851 510.691 0.043 8.859 40.000 200.000 609.817
0.576 0.613 510.930 607.817 0.070 8.859 40.000 300.000 710.310
0.576 0.613 608.065 722.344 0.070 14.384 40.000 300.000 863.567
0.576 0.613 722.863 906.069 0.070 14.384 50.000 400.000 1030.124
0.576 0.613 906.605 1490.643 0.070 23.357 80.000 700.000 1578.114
0.576 0.613 1497.060 2076.534 0.070 23.357 70.000 900.000 2367.587
0.576 0.613 2081.580 2732.005 0.070 8.859 200.000 1000.000 3213.587
0.576 0.613 2737.392 3444.091 0.043 61.585 70.000 1000.000 4047.496
0.576 0.613 3447.154 4184.800 0.070 14.384 300.000 1000.000 4912.875
0.576 0.613 4196.782 4994.516 0.070 14.384 300.000 1000.000 5783.869
0.614 0.655 1.920 9.140 0.070 5.456 1.000 4.000 8.945
0.614 0.655 9.159 16.179 0.070 8.859 1.000 7.000 16.391
0.614 0.655 16.211 23.117 0.070 14.384 1.000 10.000 25.680
0.614 0.655 23.150 32.102 0.070 8.859 2.000 10.000 35.196
0.614 0.655 32.116 48.948 0.043 8.859 3.000 20.000 50.483
0.614 0.655 49.063 86.976 0.043 37.927 3.000 40.000 85.562
0.614 0.655 87.583 217.442 0.043 8.859 6.000 100.000 210.286
0.614 0.655 218.061 307.693 0.070 8.859 20.000 100.000 356.333
0.614 0.655 308.195 378.591 0.070 8.859 30.000 200.000 434.974
0.613 0.655 378.777 451.063 0.070 8.859 30.000 200.000 534.296
0.614 0.655 451.181 533.182 0.043 8.859 40.000 200.000 621.379
0.613 0.655 533.618 626.555 0.070 14.384 40.000 300.000 735.628
0.614 0.655 626.625 740.088 0.070 8.859 50.000 300.000 861.133
0.614 0.655 740.449 927.446 0.043 14.384 60.000 400.000 1045.766
0.614 0.655 929.395 1556.441 0.043 23.357 50.000 700.000 1638.709
0.614 0.655 1559.579 2147.062 0.043 14.384 100.000 900.000 2417.497
0.614 0.655 2149.794 2801.108 0.070 14.384 200.000 1000.000 3259.673
0.614 0.655 2805.660 3475.628 0.043 14.384 200.000 1000.000 4048.438
0.614 0.655 3484.170 4205.894 0.070 8.859 300.000 1000.000 4859.952
0.614 0.655 4209.288 4999.251 0.043 14.384 300.000 1000.000 5797.480
0.655 0.709 2.972 9.166 0.043 8.859 1.000 4.000 9.284
0.656 0.710 9.184 16.191 0.070 8.859 1.000 7.000 16.236
0.655 0.710 16.258 22.861 0.070 8.859 2.000 10.000 24.808
0.655 0.709 22.995 31.302 0.070 8.859 2.000 9.000 33.380
0.655 0.710 31.345 48.083 0.043 37.927 2.000 20.000 48.951
0.655 0.710 48.139 98.216 0.043 14.384 4.000 40.000 86.755
0.656 0.709 98.495 249.184 0.043 37.927 3.000 100.000 257.847
0.655 0.710 249.282 331.757 0.070 8.859 20.000 100.000 375.168
0.655 0.709 332.027 399.275 0.070 8.859 30.000 100.000 459.333
0.656 0.709 399.556 471.833 0.070 14.384 40.000 200.000 551.301
0.656 0.709 472.224 552.434 0.070 8.859 40.000 200.000 637.672
0.655 0.709 552.723 642.978 0.070 14.384 50.000 200.000 740.763
0.655 0.709 644.159 755.566 0.043 8.859 60.000 300.000 853.673
0.655 0.709 756.593 947.221 0.043 8.859 60.000 400.000 1041.553
0.656 0.710 949.569 1601.856 0.070 8.859 70.000 800.000 1630.885
0.656 0.709 1604.582 2219.869 0.070 14.384 90.000 1000.000 2435.224
0.655 0.709 2229.522 2857.681 0.070 61.585 70.000 1000.000 3200.543
0.655 0.710 2860.860 3542.643 0.070 8.859 300.000 1000.000 3997.728
0.656 0.709 3548.766 4256.480 0.070 8.859 300.000 1000.000 4871.186
0.655 0.709 4260.660 4998.150 0.043 8.859 300.000 1000.000 5635.879
0.710 0.888 1.986 9.061 0.070 8.859 1.000 4.000 8.866
0.710 0.905 9.066 15.991 0.043 8.859 1.000 8.000 16.282
0.710 0.939 16.011 22.479 0.070 5.456 2.000 10.000 22.984
0.710 0.931 22.517 30.020 0.070 8.859 2.000 10.000 31.853
0.710 0.892 30.061 45.998 0.070 8.859 3.000 20.000 45.312
0.710 0.894 46.163 119.163 0.043 14.384 3.000 60.000 95.086
0.710 0.911 120.511 274.299 0.070 8.859 10.000 100.000 281.675
0.710 0.919 274.823 347.338 0.070 8.859 30.000 100.000 385.705
0.710 0.887 348.160 418.231 0.070 8.859 30.000 100.000 479.189
0.710 0.932 418.774 489.566 0.070 5.456 40.000 100.000 553.606
0.710 0.921 489.967 567.723 0.070 8.859 40.000 200.000 648.346
0.710 0.934 568.168 656.336 0.043 8.859 50.000 300.000 730.101
0.710 0.956 657.600 764.650 0.026 8.859 60.000 300.000 848.532
0.710 0.898 764.922 953.572 0.070 8.859 60.000 500.000 1015.672
0.710 0.913 957.364 1631.228 0.070 14.384 70.000 600.000 1625.472
0.710 0.934 1634.695 2278.805 0.070 8.859 200.000 800.000 2442.558
0.710 0.892 2279.607 2916.188 0.070 8.859 200.000 1000.000 3152.093
0.710 0.913 2919.944 3589.042 0.113 5.456 300.000 1000.000 3975.732
0.710 0.941 3592.099 4267.422 0.070 8.859 300.000 1000.000 4846.985
0.710 0.900 4269.737 4997.489 0.070 8.859 400.000 1000.000 5599.066
