Ice-Agg collection for the random orientation. 
Mean value taken from the average across 300 aggregates. 
Major axis taken as the largest axis from the fit-ellipsoid 
Ranges are taken from the bin edges (maximum range) 
Order: agg phi min, agg phi max, agg r min, agg r max, 
 monomer phi min, monomer phi max, monomer r min, monomer r max, value 
0.005 0.269 2.032 13.744 0.010 100.000 1.000 6.000 20.289 
0.005 0.269 13.744 23.402 0.010 100.000 1.000 10.000 45.122 
0.005 0.269 23.402 33.433 0.010 100.000 1.000 10.000 73.677 
0.005 0.269 33.433 45.658 0.010 100.000 1.000 10.000 96.227 
0.005 0.269 45.658 62.414 0.010 100.000 1.000 20.000 130.663 
0.005 0.269 62.414 84.706 0.010 100.000 1.000 40.000 161.577 
0.005 0.269 84.706 116.526 0.010 100.000 2.000 40.000 214.499 
0.005 0.269 116.526 158.997 0.010 100.000 2.000 70.000 300.175 
0.005 0.269 158.997 213.585 0.010 100.000 2.000 80.000 408.238 
0.005 0.269 213.585 281.543 0.010 100.000 2.000 100.000 540.252 
0.005 0.269 281.543 368.432 0.010 100.000 3.000 100.000 767.545 
0.005 0.269 368.432 483.570 0.010 100.000 4.000 100.000 925.991 
0.005 0.269 483.570 645.412 0.010 100.000 6.000 200.000 1353.770 
0.005 0.269 645.412 870.675 0.010 100.000 7.000 300.000 1646.712 
0.005 0.269 870.675 1187.765 0.010 100.000 10.000 400.000 2213.853 
0.005 0.269 1187.765 1630.783 0.010 100.000 20.000 700.000 2978.411 
0.005 0.269 1630.783 2208.687 0.010 100.000 20.000 900.000 4020.824 
0.005 0.269 2208.687 2914.323 0.010 100.000 30.000 1000.000 5765.067 
0.005 0.269 2914.323 3818.244 0.010 100.000 30.000 1000.000 7607.703 
0.005 0.269 3818.244 4999.616 0.010 100.000 40.000 1000.000 9825.633 
0.269 0.325 2.317 16.459 0.010 37.927 1.000 6.000 18.717 
0.269 0.325 16.459 28.049 0.010 100.000 1.000 10.000 37.358 
0.269 0.325 28.049 40.398 0.010 100.000 1.000 10.000 58.501 
0.269 0.325 40.398 55.953 0.010 100.000 1.000 20.000 80.200 
0.269 0.325 55.953 75.788 0.010 100.000 1.000 30.000 107.214 
0.269 0.325 75.788 101.372 0.010 100.000 1.000 40.000 140.097 
0.269 0.325 101.372 136.840 0.010 100.000 2.000 50.000 191.060 
0.269 0.325 136.840 184.466 0.010 100.000 2.000 70.000 258.660 
0.269 0.325 184.466 244.069 0.010 100.000 2.000 90.000 348.898 
0.269 0.325 244.069 319.131 0.010 100.000 2.000 100.000 461.512 
0.269 0.325 319.131 411.598 0.010 100.000 3.000 100.000 607.099 
0.269 0.325 411.598 530.714 0.010 100.000 4.000 200.000 740.844 
0.269 0.325 530.714 691.840 0.010 100.000 5.000 200.000 997.704 
0.269 0.325 691.840 916.048 0.010 100.000 8.000 300.000 1310.052 
0.269 0.325 916.048 1238.510 0.010 100.000 10.000 400.000 1758.055 
0.269 0.325 1238.510 1677.387 0.010 100.000 20.000 600.000 2361.264 
0.269 0.325 1677.387 2237.071 0.010 100.000 20.000 800.000 3237.190 
0.269 0.325 2237.071 2943.684 0.010 100.000 30.000 1000.000 4235.516 
0.269 0.325 2943.684 3867.483 0.010 100.000 30.000 1000.000 5547.796 
0.269 0.325 3867.483 4999.992 0.010 100.000 40.000 1000.000 7160.158 
0.325 0.358 2.245 16.416 0.010 37.927 1.000 5.000 17.694 
0.325 0.358 16.416 28.093 0.010 37.927 1.000 10.000 36.953 
0.325 0.358 28.093 40.456 0.010 100.000 1.000 10.000 54.733 
0.325 0.358 40.456 54.697 0.010 100.000 1.000 20.000 75.939 
0.325 0.358 54.697 72.571 0.010 100.000 1.000 20.000 98.611 
0.325 0.358 72.571 96.379 0.010 100.000 1.000 40.000 131.473 
0.325 0.358 96.379 131.003 0.010 100.000 1.000 50.000 174.743 
0.325 0.358 131.003 178.684 0.010 100.000 2.000 60.000 236.947 
0.325 0.358 178.684 242.100 0.010 100.000 2.000 90.000 323.255 
0.325 0.358 242.100 318.835 0.010 100.000 2.000 100.000 438.504 
0.325 0.358 318.835 412.905 0.010 100.000 4.000 100.000 572.340 
0.325 0.358 412.905 529.357 0.010 100.000 4.000 200.000 741.828 
0.325 0.358 529.357 683.736 0.010 100.000 5.000 200.000 930.775 
0.325 0.358 683.736 891.895 0.010 100.000 6.000 300.000 1204.900 
0.325 0.358 891.895 1192.679 0.010 100.000 9.000 500.000 1629.328 
0.325 0.358 1192.679 1616.217 0.010 100.000 9.000 600.000 2132.767 
0.325 0.358 1616.217 2189.903 0.010 100.000 20.000 800.000 3009.637 
0.325 0.358 2189.903 2929.253 0.010 100.000 20.000 1000.000 3944.080 
0.325 0.358 2929.253 3851.653 0.010 100.000 30.000 1000.000 5236.661 
0.325 0.358 3851.653 4999.905 0.010 100.000 40.000 1000.000 6778.817 
0.358 0.383 2.107 16.172 0.010 23.357 1.000 6.000 15.952 
0.358 0.383 16.172 27.752 0.010 37.927 1.000 9.000 34.971 
0.358 0.383 27.752 40.001 0.010 100.000 1.000 10.000 52.458 
0.358 0.383 40.001 54.260 0.010 100.000 1.000 20.000 72.704 
0.358 0.383 54.260 71.546 0.010 100.000 1.000 20.000 94.884 
0.358 0.383 71.546 94.809 0.010 100.000 1.000 30.000 125.843 
0.358 0.383 94.809 128.017 0.010 100.000 2.000 40.000 166.740 
0.358 0.383 128.017 174.064 0.010 100.000 2.000 70.000 228.013 
0.358 0.383 174.064 235.355 0.010 100.000 2.000 90.000 308.503 
0.358 0.383 235.355 314.280 0.010 100.000 2.000 100.000 420.695 
0.358 0.383 314.280 409.976 0.010 100.000 3.000 100.000 550.299 
0.358 0.383 409.976 527.907 0.010 100.000 5.000 100.000 705.822 
0.358 0.383 527.907 681.902 0.010 100.000 6.000 200.000 902.094 
0.358 0.383 681.902 892.521 0.010 100.000 7.000 400.000 1202.877 
0.358 0.383 892.521 1191.197 0.010 100.000 9.000 400.000 1574.926 
0.358 0.383 1191.197 1620.781 0.010 100.000 20.000 700.000 2087.683 
0.358 0.383 1620.781 2205.276 0.010 100.000 20.000 700.000 2869.496 
0.358 0.383 2205.276 2952.717 0.010 100.000 30.000 1000.000 3895.720 
0.358 0.383 2952.717 3868.543 0.010 100.000 30.000 1000.000 5213.654 
0.358 0.383 3868.543 4999.849 0.010 100.000 50.000 1000.000 6652.860 
0.383 0.404 2.095 15.903 0.010 23.357 1.000 5.000 16.348 
0.383 0.404 15.903 27.108 0.010 61.585 1.000 10.000 33.690 
0.383 0.404 27.108 39.291 0.010 100.000 1.000 10.000 50.537 
0.383 0.404 39.291 53.272 0.010 100.000 1.000 20.000 69.567 
0.383 0.404 53.272 70.589 0.010 100.000 1.000 20.000 91.018 
0.383 0.404 70.589 93.429 0.010 100.000 1.000 40.000 122.154 
0.383 0.404 93.429 125.385 0.010 100.000 1.000 50.000 160.261 
0.383 0.404 125.385 171.820 0.010 100.000 1.000 70.000 222.267 
0.383 0.404 171.820 232.652 0.010 100.000 2.000 90.000 304.217 
0.383 0.404 232.652 310.746 0.010 100.000 2.000 100.000 408.901 
0.383 0.404 310.746 408.728 0.010 100.000 3.000 100.000 525.799 
0.383 0.404 408.728 528.704 0.010 100.000 4.000 200.000 690.070 
0.383 0.404 528.704 682.857 0.010 100.000 5.000 200.000 897.919 
0.383 0.404 682.857 885.900 0.010 100.000 6.000 300.000 1148.155 
0.383 0.404 885.900 1174.215 0.010 100.000 8.000 400.000 1535.367 
0.383 0.404 1174.215 1602.367 0.010 100.000 20.000 600.000 2067.630 
0.383 0.404 1602.367 2174.903 0.010 100.000 20.000 900.000 2804.387 
0.383 0.404 2174.903 2929.521 0.010 100.000 30.000 1000.000 3703.864 
0.383 0.404 2929.521 3850.135 0.010 100.000 30.000 1000.000 5096.145 
0.383 0.404 3850.135 4999.840 0.010 100.000 40.000 1000.000 6359.596 
0.404 0.423 2.121 16.050 0.010 14.384 1.000 6.000 15.956 
0.404 0.423 16.050 27.084 0.010 37.927 1.000 10.000 32.223 
0.404 0.423 27.084 39.191 0.010 61.585 1.000 10.000 48.442 
0.404 0.423 39.191 53.257 0.010 61.585 1.000 20.000 66.832 
0.404 0.423 53.257 70.078 0.010 100.000 1.000 20.000 88.243 
0.404 0.423 70.078 91.908 0.010 100.000 1.000 30.000 117.620 
0.404 0.423 91.908 124.450 0.010 100.000 1.000 40.000 156.590 
0.404 0.423 124.450 170.540 0.010 100.000 2.000 60.000 214.012 
0.404 0.423 170.540 233.399 0.010 100.000 2.000 80.000 298.803 
0.404 0.423 233.399 312.799 0.010 100.000 3.000 100.000 405.405 
0.404 0.423 312.799 410.592 0.010 100.000 3.000 100.000 531.810 
0.404 0.423 410.592 531.943 0.010 100.000 4.000 100.000 683.516 
0.404 0.423 531.943 682.277 0.010 100.000 5.000 300.000 889.163 
0.404 0.423 682.277 877.275 0.010 100.000 7.000 300.000 1116.456 
0.404 0.423 877.275 1155.482 0.010 100.000 9.000 400.000 1452.367 
0.404 0.423 1155.482 1571.027 0.010 100.000 10.000 600.000 1975.889 
0.404 0.423 1571.027 2141.398 0.010 100.000 20.000 900.000 2751.834 
0.404 0.423 2141.398 2867.821 0.010 100.000 30.000 1000.000 3655.307 
0.404 0.423 2867.821 3819.701 0.010 100.000 30.000 1000.000 4835.705 
0.404 0.423 3819.701 4999.925 0.010 100.000 40.000 1000.000 6455.792 
0.423 0.441 2.163 15.812 0.010 14.384 1.000 6.000 15.174 
0.423 0.441 15.812 26.684 0.010 37.927 1.000 10.000 31.774 
0.423 0.441 26.684 38.697 0.010 100.000 1.000 10.000 48.646 
0.423 0.441 38.697 52.428 0.010 61.585 1.000 20.000 66.306 
0.423 0.441 52.428 68.874 0.010 100.000 1.000 30.000 86.735 
0.423 0.441 68.874 89.649 0.010 100.000 1.000 30.000 110.597 
0.423 0.441 89.649 119.662 0.010 100.000 1.000 50.000 148.086 
0.423 0.441 119.662 164.552 0.010 100.000 2.000 70.000 199.484 
0.423 0.441 164.552 224.612 0.010 100.000 2.000 90.000 286.479 
0.423 0.441 224.612 303.661 0.010 100.000 2.000 100.000 386.988 
0.423 0.441 303.661 402.697 0.010 100.000 3.000 100.000 503.461 
0.423 0.441 402.697 520.427 0.010 100.000 5.000 200.000 662.433 
0.423 0.441 520.427 666.785 0.010 100.000 5.000 200.000 850.439 
0.423 0.441 666.785 858.128 0.010 100.000 7.000 300.000 1067.195 
0.423 0.441 858.128 1138.328 0.010 100.000 9.000 400.000 1390.961 
0.423 0.441 1138.328 1539.928 0.010 100.000 20.000 600.000 1907.470 
0.423 0.441 1539.928 2109.175 0.010 100.000 20.000 700.000 2651.515 
0.423 0.441 2109.175 2877.029 0.010 100.000 20.000 1000.000 3635.373 
0.423 0.441 2877.029 3845.983 0.010 100.000 30.000 1000.000 4861.471 
0.423 0.441 3845.983 4999.556 0.010 100.000 40.000 1000.000 6366.326 
0.441 0.457 2.073 15.603 0.010 37.927 1.000 6.000 16.020 
0.441 0.457 15.603 26.597 0.010 37.927 1.000 10.000 32.315 
0.441 0.457 26.597 38.567 0.010 61.585 1.000 10.000 48.442 
0.441 0.457 38.567 52.348 0.010 100.000 1.000 20.000 65.158 
0.441 0.457 52.348 68.617 0.010 100.000 1.000 30.000 86.843 
0.441 0.457 68.617 88.968 0.010 100.000 1.000 30.000 108.507 
0.441 0.457 88.968 118.724 0.010 100.000 1.000 50.000 146.023 
0.441 0.457 118.724 162.375 0.010 100.000 2.000 70.000 196.852 
0.441 0.457 162.375 223.601 0.010 100.000 2.000 90.000 271.590 
0.441 0.457 223.601 304.133 0.010 100.000 2.000 100.000 374.298 
0.441 0.457 304.133 404.692 0.010 100.000 4.000 100.000 505.498 
0.441 0.457 404.692 524.039 0.010 100.000 4.000 200.000 659.769 
0.441 0.457 524.039 670.243 0.010 100.000 5.000 200.000 845.941 
0.441 0.457 670.243 858.085 0.010 100.000 7.000 300.000 1061.788 
0.441 0.457 858.085 1128.769 0.010 100.000 8.000 400.000 1344.467 
0.441 0.457 1128.769 1541.200 0.010 100.000 9.000 600.000 1896.900 
0.441 0.457 1541.200 2114.324 0.010 100.000 20.000 900.000 2576.372 
0.441 0.457 2114.324 2871.485 0.010 100.000 20.000 1000.000 3589.182 
0.441 0.457 2871.485 3835.182 0.010 100.000 40.000 1000.000 4817.040 
0.441 0.457 3835.182 4999.915 0.010 100.000 40.000 1000.000 6131.660 
0.457 0.473 2.065 15.823 0.010 23.357 1.000 7.000 15.372 
0.457 0.473 15.823 26.658 0.010 100.000 1.000 10.000 31.348 
0.457 0.473 26.658 38.879 0.010 61.585 1.000 10.000 48.026 
0.457 0.473 38.879 52.501 0.010 100.000 1.000 20.000 65.764 
0.457 0.473 52.501 68.327 0.010 100.000 1.000 20.000 85.447 
0.457 0.473 68.327 88.614 0.010 100.000 1.000 30.000 107.905 
0.457 0.473 88.614 117.263 0.010 100.000 1.000 50.000 142.410 
0.457 0.473 117.263 160.078 0.010 100.000 2.000 60.000 191.875 
0.457 0.473 160.078 220.967 0.010 100.000 2.000 90.000 273.736 
0.457 0.473 220.967 299.748 0.010 100.000 3.000 100.000 374.936 
0.457 0.473 299.748 403.075 0.010 100.000 3.000 100.000 495.882 
0.457 0.473 403.075 520.772 0.010 100.000 4.000 200.000 650.267 
0.457 0.473 520.772 665.458 0.010 100.000 5.000 200.000 820.762 
0.457 0.473 665.458 850.521 0.010 100.000 7.000 300.000 1052.591 
0.457 0.473 850.521 1111.418 0.010 100.000 8.000 400.000 1354.811 
0.457 0.473 1111.418 1520.858 0.010 100.000 20.000 500.000 1818.232 
0.457 0.473 1520.858 2083.577 0.010 100.000 20.000 800.000 2542.589 
0.457 0.473 2083.577 2865.357 0.010 100.000 20.000 1000.000 3568.639 
0.457 0.473 2865.357 3822.818 0.010 100.000 30.000 1000.000 4736.482 
0.457 0.473 3822.818 4999.951 0.010 100.000 40.000 1000.000 6013.023 
0.473 0.489 2.128 15.734 0.010 23.357 1.000 6.000 15.177 
0.473 0.489 15.734 26.499 0.010 37.927 1.000 10.000 32.297 
0.473 0.489 26.499 39.000 0.010 61.585 1.000 10.000 47.143 
0.473 0.489 39.000 52.782 0.010 100.000 1.000 20.000 64.510 
0.473 0.489 52.782 68.854 0.010 100.000 1.000 30.000 85.023 
0.473 0.489 68.854 88.258 0.010 100.000 1.000 30.000 106.250 
0.473 0.489 88.258 115.900 0.010 100.000 1.000 50.000 140.337 
0.473 0.489 115.900 158.736 0.010 100.000 2.000 60.000 191.802 
0.473 0.489 158.736 217.855 0.010 100.000 2.000 80.000 263.247 
0.473 0.489 217.855 298.485 0.010 100.000 3.000 100.000 360.722 
0.473 0.489 298.485 399.766 0.010 100.000 3.000 100.000 489.647 
0.473 0.489 399.766 518.525 0.010 100.000 3.000 200.000 634.517 
0.473 0.489 518.525 662.692 0.010 100.000 5.000 200.000 805.397 
0.473 0.489 662.692 840.755 0.010 100.000 6.000 300.000 1026.092 
0.473 0.489 840.755 1097.569 0.010 100.000 7.000 400.000 1308.593 
0.473 0.489 1097.569 1494.319 0.010 100.000 10.000 700.000 1767.454 
0.473 0.489 1494.319 2050.646 0.010 100.000 20.000 800.000 2484.176 
0.473 0.489 2050.646 2814.843 0.010 100.000 30.000 1000.000 3328.536 
0.473 0.489 2814.843 3804.285 0.010 100.000 30.000 1000.000 4633.723 
0.473 0.489 3804.285 4999.515 0.010 100.000 40.000 1000.000 6065.273 
0.489 0.505 2.133 15.601 0.010 23.357 1.000 6.000 14.287 
0.489 0.505 15.601 26.631 0.010 37.927 1.000 10.000 30.709 
0.489 0.505 26.631 39.064 0.010 100.000 1.000 10.000 46.543 
0.489 0.505 39.064 52.671 0.010 61.585 1.000 20.000 65.393 
0.489 0.505 52.671 68.569 0.010 100.000 1.000 30.000 82.836 
0.489 0.505 68.569 88.110 0.010 100.000 1.000 30.000 105.680 
0.489 0.505 88.110 115.670 0.010 100.000 1.000 40.000 138.545 
0.489 0.505 115.670 158.121 0.010 100.000 2.000 60.000 189.435 
0.489 0.505 158.121 216.661 0.010 100.000 2.000 90.000 267.038 
0.489 0.505 216.661 298.244 0.010 100.000 3.000 100.000 362.542 
0.489 0.505 298.244 401.098 0.010 100.000 3.000 100.000 475.049 
0.489 0.505 401.098 520.265 0.010 100.000 4.000 200.000 632.719 
0.489 0.505 520.265 664.727 0.010 100.000 5.000 300.000 803.048 
0.489 0.505 664.727 845.402 0.010 100.000 7.000 300.000 1048.429 
0.489 0.505 845.402 1109.888 0.010 100.000 8.000 400.000 1323.771 
0.489 0.505 1109.888 1512.244 0.010 100.000 20.000 600.000 1854.335 
0.489 0.505 1512.244 2067.710 0.010 100.000 20.000 800.000 2478.138 
0.489 0.505 2067.710 2816.416 0.010 100.000 20.000 1000.000 3401.199 
0.489 0.505 2816.416 3795.783 0.010 100.000 30.000 1000.000 4545.000 
0.489 0.505 3795.783 4999.953 0.010 100.000 40.000 1000.000 5935.025 
0.505 0.521 2.068 15.835 0.010 23.357 1.000 7.000 15.107 
0.505 0.521 15.835 26.585 0.010 100.000 1.000 10.000 30.780 
0.505 0.521 26.585 39.090 0.010 61.585 1.000 10.000 45.496 
0.505 0.521 39.090 52.800 0.010 61.585 1.000 20.000 62.787 
0.505 0.521 52.800 68.596 0.010 100.000 1.000 30.000 82.673 
0.505 0.521 68.596 87.730 0.010 100.000 1.000 30.000 104.294 
0.505 0.521 87.730 113.886 0.010 100.000 1.000 40.000 131.720 
0.505 0.521 113.886 155.714 0.010 100.000 2.000 70.000 180.524 
0.505 0.521 155.714 215.604 0.010 100.000 2.000 90.000 257.947 
0.505 0.521 215.604 297.321 0.010 100.000 2.000 100.000 349.762 
0.505 0.521 297.321 404.333 0.010 100.000 3.000 100.000 481.227 
0.505 0.521 404.333 525.386 0.010 100.000 4.000 200.000 632.795 
0.505 0.521 525.386 666.415 0.010 100.000 5.000 200.000 813.267 
0.505 0.521 666.415 844.112 0.010 100.000 6.000 300.000 1013.813 
0.505 0.521 844.112 1100.703 0.010 100.000 8.000 500.000 1301.491 
0.505 0.521 1100.703 1490.122 0.010 100.000 20.000 600.000 1746.102 
0.505 0.521 1490.122 2045.064 0.010 100.000 20.000 900.000 2410.456 
0.505 0.521 2045.064 2804.524 0.010 100.000 20.000 1000.000 3350.590 
0.505 0.521 2804.524 3820.658 0.010 100.000 30.000 1000.000 4510.432 
0.505 0.521 3820.658 4999.709 0.010 100.000 40.000 1000.000 5822.522 
0.521 0.538 2.011 15.784 0.010 23.357 1.000 7.000 14.990 
0.521 0.538 15.784 26.827 0.010 23.357 1.000 10.000 31.034 
0.521 0.538 26.827 39.060 0.010 37.927 1.000 10.000 45.060 
0.521 0.538 39.060 52.576 0.010 100.000 1.000 20.000 63.579 
0.521 0.538 52.576 68.224 0.010 100.000 1.000 30.000 82.835 
0.521 0.538 68.224 87.160 0.010 100.000 1.000 30.000 103.533 
0.521 0.538 87.160 114.282 0.010 100.000 1.000 40.000 132.146 
0.521 0.538 114.282 155.163 0.010 100.000 2.000 60.000 178.881 
0.521 0.538 155.163 213.714 0.010 100.000 2.000 90.000 253.819 
0.521 0.538 213.714 296.611 0.010 100.000 2.000 100.000 350.703 
0.521 0.538 296.611 402.073 0.010 100.000 3.000 100.000 472.524 
0.521 0.538 402.073 520.124 0.010 100.000 5.000 200.000 618.666 
0.521 0.538 520.124 660.516 0.010 100.000 6.000 200.000 789.045 
0.521 0.538 660.516 837.053 0.010 100.000 6.000 300.000 1007.591 
0.521 0.538 837.053 1085.873 0.010 100.000 8.000 400.000 1263.120 
0.521 0.538 1085.873 1479.356 0.010 100.000 10.000 600.000 1684.541 
0.521 0.538 1479.356 2027.642 0.010 100.000 20.000 800.000 2398.419 
0.521 0.538 2027.642 2800.954 0.010 100.000 20.000 1000.000 3304.766 
0.521 0.538 2800.954 3824.158 0.010 100.000 30.000 1000.000 4470.962 
0.521 0.538 3824.158 4999.731 0.010 100.000 40.000 1000.000 5931.126 
0.538 0.556 1.959 16.035 0.010 14.384 1.000 6.000 15.408 
0.538 0.556 16.035 27.261 0.010 23.357 1.000 10.000 29.585 
0.538 0.556 27.261 39.707 0.010 37.927 1.000 10.000 45.505 
0.538 0.556 39.707 53.309 0.010 61.585 1.000 20.000 63.329 
0.538 0.556 53.309 68.910 0.010 100.000 1.000 30.000 81.742 
0.538 0.556 68.910 87.528 0.010 100.000 1.000 30.000 102.462 
0.538 0.556 87.528 113.734 0.010 100.000 1.000 50.000 128.958 
0.538 0.556 113.734 154.443 0.010 100.000 2.000 70.000 180.164 
0.538 0.556 154.443 210.985 0.010 100.000 2.000 90.000 247.074 
0.538 0.556 210.985 296.495 0.010 100.000 2.000 100.000 335.757 
0.538 0.556 296.495 401.600 0.010 100.000 3.000 100.000 469.900 
0.538 0.556 401.600 521.571 0.010 100.000 5.000 200.000 622.694 
0.538 0.556 521.571 661.582 0.010 100.000 5.000 300.000 785.079 
0.538 0.556 661.582 833.752 0.010 100.000 7.000 300.000 977.890 
0.538 0.556 833.752 1081.348 0.010 100.000 8.000 500.000 1242.349 
0.538 0.556 1081.348 1468.501 0.010 100.000 9.000 600.000 1702.108 
0.538 0.556 1468.501 2015.895 0.010 100.000 20.000 800.000 2335.278 
0.538 0.556 2015.895 2794.352 0.010 100.000 20.000 1000.000 3236.524 
0.538 0.556 2794.352 3825.022 0.010 100.000 30.000 1000.000 4328.793 
0.538 0.556 3825.022 4999.915 0.010 100.000 40.000 1000.000 5879.287 
0.556 0.576 2.057 16.235 0.010 37.927 1.000 7.000 14.977 
0.556 0.576 16.235 27.663 0.010 61.585 1.000 10.000 30.877 
0.556 0.576 27.663 40.170 0.010 37.927 1.000 10.000 46.265 
0.556 0.576 40.170 53.725 0.010 100.000 1.000 20.000 61.896 
0.556 0.576 53.725 69.260 0.010 100.000 1.000 30.000 80.025 
0.556 0.576 69.260 88.182 0.010 61.585 1.000 30.000 102.211 
0.556 0.576 88.182 114.177 0.010 100.000 1.000 50.000 129.369 
0.556 0.576 114.177 155.669 0.010 100.000 1.000 70.000 178.237 
0.556 0.576 155.669 214.206 0.010 100.000 2.000 90.000 244.038 
0.556 0.576 214.206 299.457 0.010 100.000 2.000 100.000 338.199 
0.556 0.576 299.457 406.963 0.010 100.000 4.000 100.000 467.776 
0.556 0.576 406.963 528.749 0.010 100.000 4.000 200.000 619.085 
0.556 0.576 528.749 667.432 0.010 100.000 5.000 300.000 777.259 
0.556 0.576 667.432 836.908 0.010 100.000 7.000 300.000 981.750 
0.556 0.576 836.908 1078.523 0.010 100.000 8.000 500.000 1238.357 
0.556 0.576 1078.523 1459.752 0.010 100.000 10.000 700.000 1633.429 
0.556 0.576 1459.752 2008.696 0.010 100.000 20.000 800.000 2317.535 
0.556 0.576 2008.696 2800.368 0.010 100.000 20.000 1000.000 3243.229 
0.556 0.576 2800.368 3830.092 0.010 100.000 30.000 1000.000 4387.449 
0.556 0.576 3830.092 4999.994 0.010 100.000 40.000 1000.000 5811.185 
0.576 0.597 1.885 16.800 0.010 23.357 1.000 7.000 15.059 
0.576 0.597 16.800 28.381 0.010 37.927 1.000 10.000 30.901 
0.576 0.597 28.381 40.803 0.010 61.585 1.000 10.000 45.851 
0.576 0.597 40.803 54.480 0.010 100.000 1.000 20.000 63.401 
0.576 0.597 54.480 70.035 0.010 100.000 1.000 30.000 81.796 
0.576 0.597 70.035 88.211 0.010 100.000 1.000 40.000 100.413 
0.576 0.597 88.211 114.662 0.010 100.000 1.000 50.000 133.421 
0.576 0.597 114.662 156.848 0.010 100.000 2.000 70.000 176.393 
0.576 0.597 156.848 216.230 0.010 100.000 2.000 90.000 240.745 
0.576 0.597 216.230 303.278 0.010 100.000 2.000 100.000 342.418 
0.576 0.597 303.278 407.621 0.010 100.000 3.000 100.000 473.930 
0.576 0.597 407.621 529.669 0.010 100.000 4.000 200.000 618.008 
0.576 0.597 529.669 668.721 0.010 100.000 5.000 300.000 773.787 
0.576 0.597 668.721 842.355 0.010 100.000 7.000 300.000 961.159 
0.576 0.597 842.355 1077.889 0.010 100.000 8.000 500.000 1245.929 
0.576 0.597 1077.889 1459.790 0.010 100.000 20.000 600.000 1613.197 
0.576 0.597 1459.790 2017.562 0.010 100.000 20.000 900.000 2277.127 
0.576 0.597 2017.562 2812.517 0.010 100.000 20.000 1000.000 3154.221 
0.576 0.597 2812.517 3848.488 0.010 100.000 30.000 1000.000 4314.556 
0.576 0.597 3848.488 4999.894 0.010 100.000 50.000 1000.000 5783.901 
0.597 0.623 2.016 17.091 0.010 14.384 1.000 8.000 15.103 
0.597 0.623 17.091 28.629 0.010 23.357 1.000 10.000 30.965 
0.597 0.623 28.629 41.181 0.010 37.927 1.000 10.000 45.881 
0.597 0.623 41.181 54.658 0.010 100.000 1.000 20.000 62.781 
0.597 0.623 54.658 69.598 0.010 100.000 1.000 30.000 79.293 
0.597 0.623 69.598 87.530 0.010 100.000 1.000 40.000 99.184 
0.597 0.623 87.530 113.603 0.010 100.000 1.000 50.000 128.765 
0.597 0.623 113.603 156.064 0.010 100.000 2.000 70.000 169.328 
0.597 0.623 156.064 215.776 0.010 100.000 2.000 80.000 240.042 
0.597 0.623 215.776 301.167 0.010 100.000 2.000 100.000 330.841 
0.597 0.623 301.167 406.565 0.010 100.000 3.000 100.000 458.437 
0.597 0.623 406.565 525.619 0.010 100.000 4.000 200.000 609.661 
0.597 0.623 525.619 661.810 0.010 100.000 6.000 300.000 763.618 
0.597 0.623 661.810 829.542 0.010 100.000 6.000 300.000 956.048 
0.597 0.623 829.542 1058.257 0.010 100.000 8.000 400.000 1190.879 
0.597 0.623 1058.257 1434.368 0.010 100.000 10.000 600.000 1559.651 
0.597 0.623 1434.368 2001.650 0.010 100.000 20.000 800.000 2212.282 
0.597 0.623 2001.650 2827.656 0.010 100.000 20.000 1000.000 3109.462 
0.597 0.623 2827.656 3837.685 0.010 100.000 30.000 1000.000 4207.213 
0.597 0.623 3837.685 4999.871 0.010 100.000 40.000 1000.000 5693.771 
0.623 0.654 1.941 17.263 0.010 14.384 1.000 6.000 14.766 
0.623 0.654 17.263 29.172 0.010 37.927 1.000 9.000 30.591 
0.623 0.654 29.172 41.906 0.010 61.585 1.000 10.000 46.170 
0.623 0.654 41.906 55.148 0.010 100.000 1.000 20.000 62.232 
0.623 0.654 55.148 69.527 0.010 100.000 1.000 20.000 79.397 
0.623 0.654 69.527 87.203 0.010 100.000 1.000 40.000 99.303 
0.623 0.654 87.203 112.969 0.010 100.000 1.000 50.000 127.311 
0.623 0.654 112.969 154.913 0.010 100.000 2.000 80.000 166.923 
0.623 0.654 154.913 216.686 0.010 100.000 2.000 90.000 237.091 
0.623 0.654 216.686 305.762 0.010 100.000 3.000 100.000 341.821 
0.623 0.654 305.762 413.938 0.010 100.000 3.000 100.000 468.404 
0.623 0.654 413.938 531.909 0.010 100.000 4.000 100.000 596.844 
0.623 0.654 531.909 671.510 0.010 100.000 5.000 100.000 758.366 
0.623 0.654 671.510 839.122 0.010 100.000 7.000 300.000 945.331 
0.623 0.654 839.122 1071.754 0.010 100.000 9.000 400.000 1206.102 
0.623 0.654 1071.754 1450.233 0.010 100.000 20.000 600.000 1567.474 
0.623 0.654 1450.233 2023.995 0.010 100.000 20.000 900.000 2179.742 
0.623 0.654 2023.995 2832.324 0.010 100.000 20.000 900.000 3115.433 
0.623 0.654 2832.324 3859.876 0.010 100.000 30.000 1000.000 4332.252 
0.623 0.654 3859.876 4999.766 0.010 100.000 40.000 1000.000 5580.502 
0.654 0.701 1.728 17.397 0.010 23.357 1.000 8.000 14.876 
0.654 0.701 17.397 29.316 0.010 37.927 1.000 10.000 29.774 
0.654 0.701 29.316 41.780 0.010 37.927 1.000 10.000 46.395 
0.654 0.701 41.780 54.858 0.010 100.000 1.000 10.000 60.241 
0.654 0.701 54.858 69.791 0.010 61.585 1.000 20.000 76.393 
0.654 0.701 69.791 87.176 0.010 100.000 1.000 30.000 98.298 
0.654 0.701 87.176 113.293 0.010 100.000 1.000 40.000 122.079 
0.654 0.701 113.293 155.795 0.010 100.000 2.000 60.000 163.727 
0.654 0.701 155.795 217.189 0.010 100.000 2.000 90.000 231.793 
0.654 0.701 217.189 307.899 0.010 100.000 2.000 100.000 337.472 
0.654 0.701 307.899 415.476 0.010 100.000 3.000 100.000 459.888 
0.654 0.701 415.476 533.665 0.010 100.000 5.000 100.000 588.290 
0.654 0.701 533.665 669.692 0.010 100.000 5.000 300.000 760.451 
0.654 0.701 669.692 829.054 0.010 100.000 6.000 300.000 927.409 
0.654 0.701 829.054 1050.558 0.010 100.000 8.000 400.000 1150.724 
0.654 0.701 1050.558 1422.824 0.010 100.000 9.000 600.000 1502.878 
0.654 0.701 1422.824 1999.265 0.010 100.000 20.000 1000.000 2183.304 
0.654 0.701 1999.265 2826.120 0.010 100.000 30.000 900.000 3072.009 
0.654 0.701 2826.120 3850.650 0.010 100.000 30.000 1000.000 4237.984 
0.654 0.701 3850.650 4999.985 0.010 100.000 40.000 1000.000 5565.211 
0.701 0.973 1.813 17.547 0.010 14.384 1.000 6.000 14.465 
0.701 0.973 17.547 29.485 0.010 61.585 1.000 10.000 30.577 
0.701 0.973 29.485 42.070 0.010 61.585 1.000 10.000 45.111 
0.701 0.973 42.070 54.693 0.010 100.000 1.000 20.000 60.169 
0.701 0.973 54.693 68.856 0.010 61.585 1.000 20.000 77.208 
0.701 0.973 68.856 86.432 0.010 100.000 1.000 30.000 93.067 
0.701 0.973 86.432 110.708 0.010 100.000 1.000 30.000 116.604 
0.701 0.973 110.708 153.548 0.010 100.000 2.000 50.000 158.766 
0.701 0.973 153.548 215.082 0.010 100.000 2.000 90.000 226.736 
0.701 0.973 215.082 303.130 0.010 100.000 3.000 100.000 316.654 
0.701 0.973 303.130 410.670 0.010 100.000 3.000 100.000 449.721 
0.701 0.973 410.670 528.127 0.010 100.000 5.000 100.000 590.511 
0.701 0.973 528.127 657.337 0.010 100.000 6.000 200.000 726.433 
0.701 0.973 657.337 817.302 0.010 100.000 7.000 400.000 894.068 
0.701 0.973 817.302 1043.059 0.010 100.000 7.000 400.000 1113.797 
0.701 0.973 1043.059 1418.950 0.010 100.000 10.000 400.000 1507.320 
0.701 0.973 1418.950 1984.089 0.010 100.000 20.000 900.000 2124.329 
0.701 0.973 1984.089 2823.800 0.010 100.000 30.000 800.000 2863.906 
0.701 0.973 2823.800 3877.075 0.010 100.000 30.000 1000.000 4056.002 
0.701 0.973 3877.075 4999.971 0.010 100.000 40.000 1000.000 5393.787 
