Ice-Agg collection for the flat orientation.
Mean value taken from the average across 300 aggregates.
Major axis taken as the largest axis from the fit-ellipsoid
Ranges are taken from the bin edges (maximum range)
Order: agg phi min, agg phi max, agg r min, agg r max,
 monomer phi min, monomer phi max, monomer r min, monomer r max, value
0.005 0.028 1.548 15.581 0.010 100.000 1.000 8.000 40.465
0.005 0.028 15.581 27.101 0.010 100.000 1.000 10.000 84.747
0.005 0.028 27.101 42.822 0.010 100.000 1.000 20.000 139.604
0.005 0.028 42.822 58.428 0.010 100.000 2.000 30.000 195.175
0.005 0.028 58.428 75.671 0.010 100.000 3.000 40.000 260.236
0.005 0.028 75.671 96.158 0.010 100.000 3.000 50.000 323.877
0.005 0.028 96.158 120.488 0.010 100.000 4.000 60.000 409.782
0.005 0.028 120.488 150.853 0.010 100.000 4.000 80.000 505.114
0.005 0.028 150.853 193.668 0.010 100.000 6.000 100.000 650.534
0.005 0.028 193.668 283.172 0.010 100.000 7.000 100.000 887.381
0.005 0.028 283.172 435.513 0.010 100.000 9.000 200.000 1443.067
0.005 0.028 435.513 585.439 0.010 100.000 20.000 300.000 2032.775
0.005 0.028 585.439 738.061 0.010 100.000 20.000 400.000 2582.605
0.005 0.028 738.061 919.666 0.010 100.000 30.000 500.000 3193.043
0.005 0.028 919.666 1133.876 0.010 100.000 40.000 600.000 3874.613
0.005 0.028 1133.876 1394.715 0.010 100.000 40.000 800.000 4790.972
0.005 0.028 1394.715 1732.551 0.010 100.000 50.000 1000.000 5885.949
0.005 0.028 1732.551 2263.098 0.010 100.000 60.000 1000.000 7391.509
0.005 0.028 2263.098 3515.698 0.010 100.000 80.000 1000.000 10753.688
0.005 0.028 3515.698 4999.259 0.010 100.000 200.000 1000.000 16787.347
0.028 0.042 1.532 14.398 0.010 100.000 1.000 8.000 31.669
0.028 0.042 14.398 24.033 0.010 100.000 1.000 10.000 65.000
0.028 0.042 24.033 37.244 0.010 100.000 1.000 20.000 105.389
0.028 0.042 37.244 52.255 0.010 100.000 2.000 30.000 150.730
0.028 0.042 52.255 71.434 0.010 100.000 2.000 40.000 207.593
0.028 0.042 71.434 94.348 0.010 100.000 3.000 60.000 276.925
0.028 0.042 94.348 119.718 0.010 100.000 4.000 70.000 357.507
0.028 0.042 119.718 148.820 0.010 100.000 5.000 90.000 437.098
0.028 0.042 148.820 186.200 0.010 100.000 5.000 100.000 539.306
0.028 0.042 186.200 252.520 0.010 100.000 7.000 100.000 703.175
0.028 0.042 252.520 371.928 0.010 100.000 9.000 200.000 1032.160
0.028 0.042 371.928 503.668 0.010 100.000 20.000 300.000 1457.661
0.028 0.042 503.668 674.929 0.010 100.000 20.000 400.000 1973.382
0.028 0.042 674.929 886.037 0.010 100.000 30.000 500.000 2627.809
0.028 0.042 886.037 1141.877 0.010 100.000 30.000 700.000 3375.174
0.028 0.042 1141.877 1430.190 0.010 100.000 50.000 700.000 4158.922
0.028 0.042 1430.190 1796.466 0.010 100.000 50.000 1000.000 5190.683
0.028 0.042 1796.466 2455.530 0.010 100.000 70.000 1000.000 6572.916
0.028 0.042 2455.530 3631.604 0.010 100.000 80.000 1000.000 9791.864
0.028 0.042 3631.604 4999.909 0.010 100.000 200.000 1000.000 14041.137
0.042 0.058 1.489 12.342 0.010 61.585 1.000 7.000 24.393
0.042 0.058 12.342 20.368 0.010 100.000 1.000 10.000 49.977
0.042 0.058 20.368 30.519 0.010 100.000 1.000 10.000 74.843
0.042 0.058 30.519 42.099 0.010 100.000 1.000 20.000 107.306
0.042 0.058 42.099 56.236 0.010 100.000 2.000 30.000 149.899
0.042 0.058 56.236 74.675 0.010 100.000 3.000 40.000 199.074
0.042 0.058 74.675 100.169 0.010 100.000 4.000 60.000 262.424
0.042 0.058 100.169 134.891 0.010 100.000 4.000 80.000 357.449
0.042 0.058 134.891 178.971 0.010 100.000 5.000 100.000 454.531
0.042 0.058 178.971 258.285 0.010 100.000 7.000 100.000 642.668
0.042 0.058 258.285 356.507 0.010 100.000 9.000 200.000 904.288
0.042 0.058 356.507 466.954 0.010 100.000 20.000 300.000 1221.114
0.042 0.058 466.954 601.018 0.010 100.000 20.000 300.000 1583.775
0.042 0.058 601.018 778.532 0.010 100.000 30.000 400.000 2058.729
0.042 0.058 778.532 1048.753 0.010 100.000 30.000 600.000 2723.227
0.042 0.058 1048.753 1410.658 0.010 100.000 50.000 700.000 3611.612
0.042 0.058 1410.658 1903.206 0.010 100.000 60.000 1000.000 4813.169
0.042 0.058 1903.206 2757.052 0.010 100.000 50.000 1000.000 6538.074
0.042 0.058 2757.052 3797.673 0.010 100.000 100.000 1000.000 9401.156
0.042 0.058 3797.673 4999.985 0.010 100.000 200.000 1000.000 12672.804
0.058 0.077 1.592 12.330 0.010 37.927 1.000 7.000 21.957
0.058 0.077 12.330 20.508 0.010 61.585 1.000 10.000 44.181
0.058 0.077 20.508 30.440 0.010 100.000 1.000 10.000 68.265
0.058 0.077 30.440 40.624 0.010 100.000 2.000 20.000 95.392
0.058 0.077 40.624 52.809 0.010 100.000 2.000 20.000 129.041
0.058 0.077 52.809 67.274 0.010 61.585 3.000 30.000 160.128
0.058 0.077 67.274 86.761 0.010 100.000 3.000 50.000 206.754
0.058 0.077 86.761 119.433 0.010 100.000 4.000 70.000 280.010
0.058 0.077 119.433 162.244 0.010 100.000 6.000 90.000 384.797
0.058 0.077 162.244 236.227 0.010 100.000 8.000 100.000 548.494
0.058 0.077 236.227 335.006 0.010 100.000 9.000 200.000 777.134
0.058 0.077 335.006 436.565 0.010 61.585 20.000 200.000 1058.598
0.058 0.077 436.565 559.387 0.010 100.000 20.000 300.000 1344.437
0.058 0.077 559.387 719.312 0.010 61.585 30.000 400.000 1691.679
0.058 0.077 719.312 977.273 0.010 61.585 40.000 500.000 2264.479
0.058 0.077 977.273 1375.287 0.010 100.000 40.000 700.000 3197.116
0.058 0.077 1375.287 1931.711 0.010 100.000 60.000 1000.000 4312.135
0.058 0.077 1931.711 2847.135 0.010 100.000 60.000 1000.000 6372.511
0.058 0.077 2847.135 3829.655 0.010 61.585 200.000 1000.000 9021.266
0.058 0.077 3829.655 4999.646 0.010 100.000 200.000 1000.000 11541.025
0.077 0.100 1.546 12.975 0.010 61.585 1.000 7.000 20.576
0.077 0.100 12.975 21.849 0.010 100.000 1.000 10.000 42.721
0.077 0.100 21.849 32.224 0.010 61.585 1.000 10.000 66.484
0.077 0.100 32.224 42.979 0.010 100.000 1.000 20.000 90.133
0.077 0.100 42.979 55.780 0.010 100.000 2.000 30.000 117.062
0.077 0.100 55.780 70.503 0.010 61.585 3.000 40.000 148.608
0.077 0.100 70.503 87.452 0.010 61.585 3.000 40.000 187.152
0.077 0.100 87.452 112.179 0.010 100.000 3.000 60.000 237.188
0.077 0.100 112.179 142.197 0.010 61.585 6.000 70.000 314.234
0.077 0.100 142.197 193.771 0.010 61.585 6.000 100.000 418.921
0.077 0.100 193.771 283.783 0.010 61.585 9.000 100.000 629.228
0.077 0.100 283.783 375.359 0.010 61.585 20.000 200.000 851.394
0.077 0.100 375.359 484.068 0.010 61.585 20.000 200.000 1150.937
0.077 0.100 484.068 626.651 0.010 61.585 30.000 300.000 1414.532
0.077 0.100 626.651 828.227 0.010 100.000 40.000 500.000 1820.425
0.077 0.100 828.227 1182.547 0.010 100.000 40.000 700.000 2570.726
0.077 0.100 1182.547 1718.277 0.010 100.000 50.000 900.000 3646.001
0.077 0.100 1718.277 2653.311 0.010 100.000 70.000 1000.000 5469.036
0.077 0.100 2653.311 3731.174 0.010 100.000 70.000 1000.000 7914.876
0.077 0.100 3731.174 4999.871 0.010 61.585 200.000 1000.000 10659.464
0.100 0.127 1.472 13.527 0.010 37.927 1.000 7.000 21.659
0.100 0.127 13.527 24.186 0.010 37.927 1.000 10.000 42.064
0.100 0.127 24.186 35.606 0.010 61.585 2.000 20.000 69.214
0.100 0.127 35.606 49.005 0.010 37.927 2.000 20.000 94.806
0.100 0.127 49.005 62.876 0.010 100.000 2.000 30.000 123.388
0.100 0.127 62.876 75.838 0.010 61.585 3.000 40.000 150.974
0.100 0.127 75.838 90.133 0.010 61.585 4.000 40.000 178.597
0.100 0.127 90.133 106.729 0.010 61.585 2.000 60.000 215.361
0.100 0.127 106.729 127.039 0.010 37.927 5.000 70.000 257.379
0.100 0.127 127.039 157.232 0.010 37.927 7.000 90.000 318.339
0.100 0.127 157.232 242.633 0.010 37.927 8.000 100.000 468.111
0.100 0.127 242.633 314.032 0.010 37.927 20.000 100.000 639.797
0.100 0.127 314.032 407.121 0.010 37.927 20.000 200.000 859.396
0.100 0.127 407.121 515.694 0.010 37.927 30.000 200.000 1074.777
0.100 0.127 515.694 700.781 0.010 37.927 30.000 300.000 1433.909
0.100 0.127 700.781 992.072 0.010 100.000 40.000 500.000 1907.183
0.100 0.127 992.072 1528.877 0.010 100.000 40.000 700.000 2913.566
0.100 0.127 1528.877 2473.250 0.010 61.585 60.000 1000.000 4653.538
0.100 0.127 2473.250 3604.534 0.010 61.585 90.000 1000.000 7011.284
0.100 0.127 3604.534 4999.957 0.010 100.000 100.000 1000.000 9726.882
0.127 0.157 1.550 13.707 0.010 37.927 1.000 7.000 18.395
0.127 0.157 13.707 24.907 0.010 37.927 1.000 10.000 41.097
0.127 0.157 24.907 37.230 0.010 37.927 2.000 20.000 67.431
0.127 0.157 37.230 50.752 0.010 37.927 2.000 20.000 91.112
0.127 0.157 50.752 62.500 0.010 37.927 3.000 30.000 117.466
0.127 0.157 62.500 73.135 0.010 100.000 2.000 40.000 139.106
0.127 0.157 73.135 84.885 0.010 100.000 2.000 40.000 158.976
0.127 0.157 84.885 98.536 0.016 100.000 3.000 50.000 184.325
0.127 0.157 98.536 115.844 0.016 37.927 6.000 50.000 219.061
0.127 0.157 115.844 144.450 0.016 37.927 6.000 80.000 267.760
0.127 0.157 144.450 218.872 0.010 100.000 4.000 100.000 381.310
0.127 0.157 218.872 289.107 0.010 37.927 20.000 100.000 532.414
0.127 0.157 289.107 370.769 0.010 37.927 20.000 200.000 715.229
0.127 0.157 370.769 472.067 0.010 37.927 20.000 200.000 903.017
0.127 0.157 472.067 648.140 0.010 37.927 30.000 300.000 1206.245
0.127 0.157 648.140 911.240 0.010 100.000 40.000 500.000 1646.969
0.127 0.157 911.240 1427.774 0.010 61.585 50.000 700.000 2485.765
0.127 0.157 1427.774 2396.789 0.010 100.000 60.000 1000.000 4018.702
0.127 0.157 2396.789 3587.321 0.010 61.585 80.000 1000.000 6372.699
0.127 0.157 3587.321 4999.790 0.010 37.927 200.000 1000.000 8895.134
0.157 0.193 1.636 13.698 0.016 23.357 1.000 6.000 18.281
0.157 0.193 13.698 24.672 0.016 37.927 1.000 10.000 38.765
0.157 0.193 24.672 36.820 0.010 37.927 2.000 20.000 62.338
0.157 0.193 36.820 48.021 0.010 37.927 2.000 30.000 83.980
0.157 0.193 48.021 58.070 0.016 37.927 3.000 30.000 101.748
0.157 0.193 58.070 67.627 0.016 37.927 3.000 40.000 118.757
0.157 0.193 67.627 77.956 0.010 37.927 4.000 30.000 136.347
0.157 0.193 77.956 90.228 0.016 37.927 4.000 50.000 159.414
0.157 0.193 90.228 107.594 0.016 23.357 5.000 60.000 189.214
0.157 0.193 107.594 136.578 0.016 23.357 7.000 80.000 227.058
0.157 0.193 136.578 202.737 0.016 100.000 4.000 100.000 327.615
0.157 0.193 202.737 271.282 0.010 23.357 20.000 100.000 462.998
0.157 0.193 271.282 350.691 0.016 37.927 20.000 200.000 605.944
0.157 0.193 350.691 456.889 0.010 23.357 20.000 200.000 816.839
0.157 0.193 456.889 626.799 0.010 37.927 30.000 300.000 1054.549
0.157 0.193 626.799 881.944 0.010 61.585 40.000 400.000 1468.383
0.157 0.193 881.944 1419.254 0.010 61.585 40.000 700.000 2180.348
0.157 0.193 1419.254 2410.981 0.010 61.585 70.000 1000.000 3825.246
0.157 0.193 2410.981 3580.875 0.010 100.000 80.000 1000.000 6180.174
0.157 0.193 3580.875 4999.942 0.016 23.357 200.000 1000.000 8560.031
0.193 0.235 1.608 13.779 0.016 23.357 1.000 7.000 18.180
0.193 0.235 13.779 24.971 0.016 23.357 1.000 10.000 36.476
0.193 0.235 24.971 35.690 0.016 23.357 2.000 20.000 55.908
0.193 0.235 35.690 45.330 0.016 37.927 2.000 20.000 73.354
0.193 0.235 45.330 54.191 0.016 37.927 2.000 30.000 90.092
0.193 0.235 54.191 62.771 0.016 23.357 3.000 30.000 101.980
0.193 0.235 62.771 72.178 0.016 23.357 3.000 40.000 118.575
0.193 0.235 72.178 84.255 0.016 23.357 4.000 40.000 136.211
0.193 0.235 84.255 100.419 0.026 23.357 5.000 50.000 161.290
0.193 0.235 100.419 127.835 0.026 23.357 7.000 70.000 206.781
0.193 0.235 127.835 185.905 0.016 23.357 8.000 100.000 285.063
0.193 0.235 185.905 254.682 0.016 14.384 20.000 100.000 401.385
0.193 0.235 254.682 335.901 0.016 23.357 20.000 100.000 544.110
0.193 0.235 335.901 444.412 0.016 23.357 20.000 200.000 699.608
0.193 0.235 444.412 611.322 0.010 37.927 30.000 300.000 969.441
0.193 0.235 611.322 860.143 0.010 23.357 40.000 400.000 1315.472
0.193 0.235 860.143 1390.128 0.016 100.000 40.000 700.000 2060.607
0.193 0.235 1390.128 2388.861 0.016 37.927 70.000 1000.000 3630.609
0.193 0.235 2388.861 3552.538 0.010 61.585 80.000 1000.000 5579.368
0.193 0.235 3552.538 4999.933 0.010 23.357 200.000 1000.000 7805.414
0.235 0.284 1.584 13.817 0.026 23.357 1.000 6.000 16.258
0.235 0.284 13.817 24.504 0.016 23.357 1.000 10.000 34.125
0.235 0.284 24.504 33.567 0.016 23.357 2.000 10.000 50.917
0.235 0.284 33.567 41.863 0.016 23.357 2.000 20.000 65.402
0.235 0.284 41.863 50.094 0.026 14.384 3.000 20.000 77.164
0.235 0.284 50.094 58.660 0.026 23.357 3.000 20.000 90.193
0.235 0.284 58.660 67.886 0.026 14.384 4.000 40.000 103.298
0.235 0.284 67.886 79.469 0.026 37.927 4.000 40.000 123.613
0.235 0.284 79.469 95.017 0.026 37.927 4.000 40.000 141.386
0.235 0.284 95.017 120.764 0.026 23.357 4.000 70.000 176.359
0.235 0.284 120.764 174.459 0.026 100.000 3.000 90.000 246.279
0.235 0.284 174.459 240.497 0.026 100.000 4.000 100.000 365.100
0.235 0.284 240.497 323.967 0.026 23.357 20.000 200.000 496.666
0.235 0.284 323.967 431.398 0.016 23.357 20.000 200.000 650.467
0.235 0.284 431.398 597.724 0.016 23.357 30.000 200.000 876.617
0.235 0.284 597.724 843.095 0.016 37.927 40.000 500.000 1225.927
0.235 0.284 843.095 1396.535 0.016 37.927 40.000 700.000 1901.977
0.235 0.284 1396.535 2413.788 0.026 61.585 60.000 1000.000 3393.013
0.235 0.284 2413.788 3567.482 0.016 37.927 100.000 1000.000 5332.154
0.235 0.284 3567.482 4999.758 0.016 61.585 90.000 1000.000 7347.322
0.284 0.340 1.709 12.944 0.026 14.384 1.000 7.000 14.252
0.284 0.340 12.944 22.779 0.026 14.384 1.000 10.000 31.478
0.284 0.340 22.779 30.889 0.026 37.927 1.000 10.000 45.990
0.284 0.340 30.889 38.678 0.026 14.384 2.000 20.000 56.980
0.284 0.340 38.678 46.776 0.026 23.357 2.000 20.000 69.225
0.284 0.340 46.776 55.211 0.026 37.927 2.000 20.000 81.045
0.284 0.340 55.211 64.824 0.026 23.357 2.000 30.000 94.239
0.284 0.340 64.824 76.362 0.026 61.585 2.000 40.000 107.962
0.284 0.340 76.362 92.103 0.026 23.357 4.000 30.000 131.851
0.284 0.340 92.103 117.298 0.026 23.357 6.000 70.000 168.094
0.284 0.340 117.298 173.707 0.026 37.927 4.000 100.000 236.221
0.284 0.340 173.707 240.314 0.026 14.384 20.000 100.000 341.229
0.284 0.340 240.314 325.206 0.026 14.384 20.000 100.000 457.666
0.284 0.340 325.206 438.062 0.016 14.384 20.000 200.000 625.611
0.284 0.340 438.062 605.665 0.016 14.384 30.000 300.000 856.560
0.284 0.340 605.665 846.637 0.026 23.357 40.000 400.000 1183.396
0.284 0.340 846.637 1428.879 0.016 23.357 50.000 800.000 1841.665
0.284 0.340 1428.879 2443.837 0.026 37.927 90.000 1000.000 3392.848
0.284 0.340 2443.837 3582.201 0.026 23.357 200.000 1000.000 4976.676
0.284 0.340 3582.201 4999.755 0.026 61.585 100.000 1000.000 6851.281
0.340 0.398 1.769 12.032 0.026 14.384 1.000 6.000 12.802
0.340 0.398 12.032 20.846 0.026 23.357 1.000 10.000 27.605
0.340 0.398 20.846 28.486 0.026 14.384 2.000 10.000 38.941
0.340 0.398 28.486 36.401 0.026 14.384 2.000 10.000 50.173
0.340 0.398 36.401 45.051 0.026 23.357 2.000 20.000 61.285
0.340 0.398 45.051 54.494 0.026 14.384 3.000 20.000 74.266
0.340 0.398 54.494 65.416 0.026 14.384 4.000 30.000 88.686
0.340 0.398 65.416 78.862 0.026 14.384 4.000 30.000 107.657
0.340 0.398 78.862 97.366 0.026 14.384 5.000 50.000 127.030
0.340 0.398 97.366 137.088 0.026 37.927 4.000 70.000 168.886
0.340 0.398 137.088 202.866 0.026 14.384 9.000 100.000 263.471
0.340 0.398 202.866 272.937 0.026 14.384 20.000 100.000 378.563
0.340 0.398 272.937 363.268 0.026 14.384 20.000 100.000 480.804
0.340 0.398 363.268 489.253 0.026 23.357 30.000 200.000 651.728
0.340 0.398 489.253 665.955 0.026 14.384 30.000 300.000 899.709
0.340 0.398 665.955 960.511 0.026 23.357 40.000 500.000 1221.401
0.340 0.398 960.511 1685.904 0.026 37.927 50.000 800.000 2088.336
0.340 0.398 1685.904 2604.221 0.026 37.927 90.000 1000.000 3506.030
0.340 0.398 2604.221 3658.911 0.026 100.000 40.000 1000.000 4982.044
0.340 0.398 3658.911 4999.992 0.026 23.357 200.000 1000.000 6504.531
0.398 0.450 1.635 10.392 0.043 8.859 1.000 5.000 11.014
0.398 0.450 10.392 18.025 0.043 23.357 1.000 10.000 21.740
0.398 0.450 18.025 25.846 0.026 23.357 1.000 10.000 33.245
0.398 0.450 25.846 34.307 0.043 23.357 2.000 10.000 43.802
0.398 0.450 34.307 44.925 0.026 23.357 2.000 10.000 57.330
0.398 0.450 44.925 56.779 0.026 37.927 3.000 30.000 72.413
0.398 0.450 56.779 70.211 0.026 14.384 3.000 30.000 91.737
0.398 0.450 70.211 89.265 0.043 100.000 2.000 40.000 116.085
0.398 0.450 89.265 129.486 0.043 37.927 4.000 60.000 156.453
0.398 0.450 129.486 201.124 0.026 14.384 9.000 90.000 261.079
0.398 0.450 201.124 270.725 0.043 14.384 20.000 100.000 363.034
0.398 0.450 270.725 351.950 0.026 14.384 20.000 100.000 471.405
0.398 0.450 351.950 459.210 0.016 14.384 30.000 200.000 591.119
0.398 0.450 459.210 603.224 0.026 14.384 40.000 300.000 764.536
0.398 0.450 603.224 824.024 0.043 23.357 40.000 400.000 1007.875
0.398 0.450 824.024 1314.345 0.026 37.927 40.000 600.000 1586.489
0.398 0.450 1314.345 2062.497 0.043 23.357 70.000 1000.000 2566.470
0.398 0.450 2062.497 2868.833 0.026 100.000 40.000 1000.000 3717.482
0.398 0.450 2868.833 3810.562 0.043 100.000 90.000 1000.000 4801.766
0.398 0.450 3810.562 4999.599 0.026 37.927 200.000 1000.000 6396.869
0.450 0.495 1.667 9.437 0.043 8.859 1.000 4.000 9.610
0.450 0.495 9.437 16.637 0.070 14.384 1.000 7.000 19.700
0.450 0.495 16.637 24.116 0.026 8.859 2.000 10.000 29.278
0.450 0.495 24.116 33.274 0.043 8.859 2.000 10.000 41.015
0.450 0.495 33.274 45.756 0.043 100.000 1.000 20.000 56.464
0.450 0.495 45.756 60.522 0.026 14.384 4.000 30.000 72.407
0.450 0.495 60.522 80.956 0.043 100.000 2.000 30.000 99.371
0.450 0.495 80.956 122.822 0.043 23.357 4.000 60.000 139.115
0.450 0.495 122.822 201.053 0.026 14.384 9.000 100.000 250.039
0.450 0.495 201.053 272.774 0.043 100.000 4.000 100.000 358.918
0.450 0.495 272.774 350.804 0.043 8.859 30.000 200.000 455.366
0.450 0.495 350.804 447.456 0.043 14.384 30.000 200.000 568.050
0.450 0.495 447.456 561.647 0.026 14.384 40.000 200.000 703.094
0.450 0.495 561.647 719.444 0.043 23.357 40.000 400.000 903.604
0.450 0.495 719.444 1005.749 0.043 37.927 50.000 500.000 1187.584
0.450 0.495 1005.749 1648.888 0.043 23.357 70.000 900.000 1980.571
0.450 0.495 1648.888 2326.778 0.043 37.927 70.000 1000.000 2837.307
0.450 0.495 2326.778 3054.588 0.026 14.384 200.000 1000.000 3818.519
0.450 0.495 3054.588 3947.057 0.043 14.384 200.000 1000.000 4770.158
0.450 0.495 3947.057 4999.954 0.026 37.927 200.000 1000.000 6115.610
0.495 0.535 1.719 9.184 0.043 8.859 1.000 4.000 9.387
0.495 0.535 9.184 16.080 0.043 14.384 1.000 9.000 17.853
0.495 0.535 16.080 23.207 0.070 8.859 2.000 10.000 27.765
0.495 0.535 23.207 32.608 0.043 14.384 2.000 10.000 39.290
0.495 0.535 32.608 46.562 0.043 14.384 2.000 20.000 55.523
0.495 0.535 46.562 66.215 0.043 14.384 4.000 30.000 77.075
0.495 0.535 66.215 98.245 0.043 14.384 6.000 50.000 108.861
0.495 0.535 98.245 183.224 0.043 8.859 8.000 90.000 221.840
0.495 0.535 183.224 259.907 0.043 14.384 20.000 100.000 332.054
0.495 0.535 259.907 337.727 0.043 14.384 20.000 100.000 420.353
0.495 0.535 337.727 423.290 0.043 8.859 30.000 200.000 521.336
0.495 0.535 423.290 522.235 0.043 8.859 30.000 200.000 653.545
0.495 0.535 522.235 643.035 0.043 23.357 40.000 300.000 786.814
0.495 0.535 643.035 808.512 0.043 23.357 40.000 400.000 974.941
0.495 0.535 808.512 1199.351 0.043 23.357 50.000 600.000 1319.253
0.495 0.535 1199.351 1830.973 0.043 23.357 60.000 900.000 2207.519
0.495 0.535 1830.973 2488.161 0.043 8.859 200.000 1000.000 3028.242
0.495 0.535 2488.161 3193.542 0.043 37.927 100.000 1000.000 3857.883
0.495 0.535 3193.542 4028.770 0.070 8.859 300.000 1000.000 4799.645
0.495 0.535 4028.770 4999.882 0.043 14.384 300.000 1000.000 5999.255
0.535 0.572 1.749 9.180 0.043 5.456 1.000 4.000 9.447
0.535 0.572 9.180 15.997 0.070 14.384 1.000 8.000 18.069
0.535 0.572 15.997 22.843 0.043 14.384 1.000 10.000 27.062
0.535 0.572 22.843 32.493 0.070 14.384 2.000 10.000 37.155
0.535 0.572 32.493 48.002 0.043 23.357 2.000 20.000 56.429
0.535 0.572 48.002 71.296 0.043 14.384 3.000 30.000 80.637
0.535 0.572 71.296 133.024 0.043 37.927 4.000 70.000 134.707
0.535 0.572 133.024 228.428 0.043 100.000 4.000 100.000 275.554
0.535 0.572 228.428 310.373 0.043 8.859 20.000 100.000 376.426
0.535 0.572 310.373 386.934 0.070 14.384 30.000 200.000 464.919
0.535 0.572 386.934 471.430 0.043 8.859 30.000 200.000 576.037
0.535 0.572 471.430 568.039 0.043 14.384 40.000 200.000 687.852
0.535 0.572 568.039 687.001 0.026 14.384 40.000 300.000 829.296
0.535 0.572 687.001 857.702 0.043 14.384 50.000 400.000 1012.323
0.535 0.572 857.702 1336.082 0.043 37.927 50.000 600.000 1450.611
0.535 0.572 1336.082 1951.718 0.070 23.357 90.000 1000.000 2327.264
0.535 0.572 1951.718 2606.033 0.070 8.859 200.000 1000.000 3111.945
0.535 0.572 2606.033 3325.925 0.043 14.384 200.000 1000.000 3952.843
0.535 0.572 3325.925 4109.893 0.043 100.000 60.000 1000.000 4909.596
0.535 0.572 4109.893 4999.966 0.043 23.357 300.000 1000.000 5861.674
0.572 0.610 1.779 9.135 0.043 8.859 1.000 4.000 9.353
0.572 0.610 9.135 16.106 0.043 8.859 1.000 8.000 17.467
0.572 0.610 16.106 22.943 0.070 14.384 1.000 10.000 26.153
0.572 0.610 22.943 32.084 0.043 14.384 2.000 10.000 35.635
0.572 0.610 32.084 48.795 0.043 14.384 3.000 20.000 51.990
0.572 0.610 48.795 78.233 0.043 14.384 4.000 30.000 83.869
0.572 0.610 78.233 176.596 0.043 8.859 7.000 90.000 174.818
0.572 0.610 176.596 273.796 0.043 8.859 20.000 100.000 323.206
0.572 0.610 273.796 350.429 0.043 8.859 30.000 100.000 417.184
0.572 0.610 350.429 426.479 0.043 8.859 30.000 200.000 523.365
0.572 0.610 426.479 508.629 0.043 8.859 40.000 200.000 609.817
0.572 0.610 508.629 605.859 0.070 8.859 40.000 300.000 710.310
0.572 0.610 605.859 720.120 0.070 14.384 40.000 300.000 863.567
0.572 0.610 720.120 904.277 0.070 14.384 50.000 400.000 1030.124
0.572 0.610 904.277 1482.910 0.070 23.357 80.000 700.000 1578.114
0.572 0.610 1482.910 2066.077 0.070 23.357 70.000 900.000 2367.587
0.572 0.610 2066.077 2726.587 0.070 8.859 200.000 1000.000 3213.587
0.572 0.610 2726.587 3437.421 0.043 61.585 70.000 1000.000 4047.496
0.572 0.610 3437.421 4188.157 0.070 14.384 300.000 1000.000 4912.875
0.572 0.610 4188.157 4999.755 0.070 14.384 300.000 1000.000 5783.869
0.610 0.652 1.753 9.151 0.070 5.456 1.000 4.000 8.945
0.610 0.652 9.151 16.192 0.070 8.859 1.000 7.000 16.391
0.610 0.652 16.192 23.109 0.070 14.384 1.000 10.000 25.680
0.610 0.652 23.109 32.062 0.070 8.859 2.000 10.000 35.196
0.610 0.652 32.062 48.706 0.043 8.859 3.000 20.000 50.483
0.610 0.652 48.706 85.752 0.043 37.927 3.000 40.000 85.562
0.610 0.652 85.752 213.665 0.043 8.859 6.000 100.000 210.286
0.610 0.652 213.665 305.003 0.070 8.859 20.000 100.000 356.333
0.610 0.652 305.003 376.364 0.070 8.859 30.000 200.000 434.974
0.610 0.652 376.364 449.166 0.070 8.859 30.000 200.000 534.296
0.610 0.652 449.166 531.271 0.043 8.859 40.000 200.000 621.379
0.610 0.652 531.271 624.040 0.070 14.384 40.000 300.000 735.628
0.610 0.652 624.040 738.228 0.070 8.859 50.000 300.000 861.133
0.610 0.652 738.228 922.519 0.043 14.384 60.000 400.000 1045.766
0.610 0.652 922.519 1549.727 0.043 23.357 50.000 700.000 1638.709
0.610 0.652 1549.727 2144.778 0.043 14.384 100.000 900.000 2417.497
0.610 0.652 2144.778 2800.340 0.070 14.384 200.000 1000.000 3259.673
0.610 0.652 2800.340 3472.696 0.043 14.384 200.000 1000.000 4048.438
0.610 0.652 3472.696 4198.866 0.070 8.859 300.000 1000.000 4859.952
0.610 0.652 4198.866 4999.985 0.043 14.384 300.000 1000.000 5797.480
0.652 0.707 1.792 9.156 0.043 8.859 1.000 4.000 9.284
0.652 0.707 9.156 16.218 0.070 8.859 1.000 7.000 16.236
0.652 0.707 16.218 23.027 0.070 8.859 2.000 10.000 24.808
0.652 0.707 23.027 31.364 0.070 8.859 2.000 9.000 33.380
0.652 0.707 31.364 48.321 0.043 37.927 2.000 20.000 48.951
0.652 0.707 48.321 98.495 0.043 14.384 4.000 40.000 86.755
0.652 0.707 98.495 248.480 0.043 37.927 3.000 100.000 257.847
0.652 0.707 248.480 331.097 0.070 8.859 20.000 100.000 375.168
0.652 0.707 331.097 398.920 0.070 8.859 30.000 100.000 459.333
0.652 0.707 398.920 471.442 0.070 14.384 40.000 200.000 551.301
0.652 0.707 471.442 552.188 0.070 8.859 40.000 200.000 637.672
0.652 0.707 552.188 643.165 0.070 14.384 50.000 200.000 740.763
0.652 0.707 643.165 756.003 0.043 8.859 60.000 300.000 853.673
0.652 0.707 756.003 949.802 0.043 8.859 60.000 400.000 1041.553
0.652 0.707 949.802 1603.359 0.070 8.859 70.000 800.000 1630.885
0.652 0.707 1603.359 2220.500 0.070 14.384 90.000 1000.000 2435.224
0.652 0.707 2220.500 2856.873 0.070 61.585 70.000 1000.000 3200.543
0.652 0.707 2856.873 3543.600 0.070 8.859 300.000 1000.000 3997.728
0.652 0.707 3543.600 4259.175 0.070 8.859 300.000 1000.000 4871.186
0.652 0.707 4259.175 4999.898 0.043 8.859 300.000 1000.000 5635.879
0.707 0.965 1.710 9.069 0.070 8.859 1.000 4.000 8.866
0.707 0.965 9.069 16.011 0.043 8.859 1.000 8.000 16.282
0.707 0.965 16.011 22.534 0.070 5.456 2.000 10.000 22.984
0.707 0.965 22.534 30.083 0.070 8.859 2.000 10.000 31.853
0.707 0.965 30.083 46.160 0.070 8.859 3.000 20.000 45.312
0.707 0.965 46.160 119.312 0.043 14.384 3.000 60.000 95.086
0.707 0.965 119.312 273.554 0.070 8.859 10.000 100.000 281.675
0.707 0.965 273.554 347.769 0.070 8.859 30.000 100.000 385.705
0.707 0.965 347.769 418.028 0.070 8.859 30.000 100.000 479.189
0.707 0.965 418.028 489.677 0.070 5.456 40.000 100.000 553.606
0.707 0.965 489.677 567.773 0.070 8.859 40.000 200.000 648.346
0.707 0.965 567.773 657.198 0.043 8.859 50.000 300.000 730.101
0.707 0.965 657.198 764.855 0.026 8.859 60.000 300.000 848.532
0.707 0.965 764.855 953.648 0.070 8.859 60.000 500.000 1015.672
0.707 0.965 953.648 1631.679 0.070 14.384 70.000 600.000 1625.472
0.707 0.965 1631.679 2279.315 0.070 8.859 200.000 800.000 2442.558
0.707 0.965 2279.315 2918.405 0.070 8.859 200.000 1000.000 3152.093
0.707 0.965 2918.405 3591.220 0.113 5.456 300.000 1000.000 3975.732
0.707 0.965 3591.220 4268.814 0.070 8.859 300.000 1000.000 4846.985
0.707 0.965 4268.814 4999.994 0.070 8.859 400.000 1000.000 5599.066
