Ice-Agg collection for the flat orientation.
Characteristic values taken from the peak of a fit
gamma distribution from 300 aggregates.
Ranges are taken from the bin edges (maximum range)
Order: agg phi min, agg phi max, agg r min, agg r max,
 monomer phi min, monomer phi max, monomer r min, monomer r max, value
0.005 0.028 1.548 15.581 0.010 100.000 1.000 8.000 41.588
0.005 0.028 15.581 27.101 0.010 100.000 1.000 10.000 78.300
0.005 0.028 27.101 42.822 0.010 100.000 1.000 20.000 121.826
0.005 0.028 42.822 58.428 0.010 100.000 2.000 30.000 179.805
0.005 0.028 58.428 75.671 0.010 100.000 3.000 40.000 239.031
0.005 0.028 75.671 96.158 0.010 100.000 3.000 50.000 307.473
0.005 0.028 96.158 120.488 0.010 100.000 4.000 60.000 358.358
0.005 0.028 120.488 150.853 0.010 100.000 4.000 80.000 403.147
0.005 0.028 150.853 193.668 0.010 100.000 6.000 100.000 622.353
0.005 0.028 193.668 283.172 0.010 100.000 7.000 100.000 749.361
0.005 0.028 283.172 435.513 0.010 100.000 9.000 200.000 1297.097
0.005 0.028 435.513 585.439 0.010 100.000 20.000 300.000 1863.707
0.005 0.028 585.439 738.061 0.010 100.000 20.000 400.000 2431.599
0.005 0.028 738.061 919.666 0.010 100.000 30.000 500.000 2945.714
0.005 0.028 919.666 1133.876 0.010 100.000 40.000 600.000 3548.233
0.005 0.028 1133.876 1394.715 0.010 100.000 40.000 800.000 4452.644
0.005 0.028 1394.715 1732.551 0.010 100.000 50.000 1000.000 4631.314
0.005 0.028 1732.551 2263.098 0.010 100.000 60.000 1000.000 6905.113
0.005 0.028 2263.098 3515.698 0.010 100.000 80.000 1000.000 8869.669
0.005 0.028 3515.698 4999.259 0.010 100.000 200.000 1000.000 15861.513
0.028 0.042 1.532 14.398 0.010 100.000 1.000 8.000 34.046
0.028 0.042 14.398 24.033 0.010 100.000 1.000 10.000 58.754
0.028 0.042 24.033 37.244 0.010 100.000 1.000 20.000 93.890
0.028 0.042 37.244 52.255 0.010 100.000 2.000 30.000 142.408
0.028 0.042 52.255 71.434 0.010 100.000 2.000 40.000 189.692
0.028 0.042 71.434 94.348 0.010 100.000 3.000 60.000 246.548
0.028 0.042 94.348 119.718 0.010 100.000 4.000 70.000 327.420
0.028 0.042 119.718 148.820 0.010 100.000 5.000 90.000 354.013
0.028 0.042 148.820 186.200 0.010 100.000 5.000 100.000 502.238
0.028 0.042 186.200 252.520 0.010 100.000 7.000 100.000 656.841
0.028 0.042 252.520 371.928 0.010 100.000 9.000 200.000 874.112
0.028 0.042 371.928 503.668 0.010 100.000 20.000 300.000 1099.076
0.028 0.042 503.668 674.929 0.010 100.000 20.000 400.000 1965.836
0.028 0.042 674.929 886.037 0.010 100.000 30.000 500.000 2565.980
0.028 0.042 886.037 1141.877 0.010 100.000 30.000 700.000 3177.054
0.028 0.042 1141.877 1430.190 0.010 100.000 50.000 700.000 4046.321
0.028 0.042 1430.190 1796.466 0.010 100.000 50.000 1000.000 4117.857
0.028 0.042 1796.466 2455.530 0.010 100.000 70.000 1000.000 6103.113
0.028 0.042 2455.530 3631.604 0.010 100.000 80.000 1000.000 7062.919
0.028 0.042 3631.604 4999.909 0.010 100.000 200.000 1000.000 10652.664
0.042 0.058 1.489 12.342 0.010 61.585 1.000 7.000 23.318
0.042 0.058 12.342 20.368 0.010 100.000 1.000 10.000 42.667
0.042 0.058 20.368 30.519 0.010 100.000 1.000 10.000 68.416
0.042 0.058 30.519 42.099 0.010 100.000 1.000 20.000 99.165
0.042 0.058 42.099 56.236 0.010 100.000 2.000 30.000 132.016
0.042 0.058 56.236 74.675 0.010 100.000 3.000 40.000 180.296
0.042 0.058 74.675 100.169 0.010 100.000 4.000 60.000 231.955
0.042 0.058 100.169 134.891 0.010 100.000 4.000 80.000 271.955
0.042 0.058 134.891 178.971 0.010 100.000 5.000 100.000 433.489
0.042 0.058 178.971 258.285 0.010 100.000 7.000 100.000 586.674
0.042 0.058 258.285 356.507 0.010 100.000 9.000 200.000 842.094
0.042 0.058 356.507 466.954 0.010 100.000 20.000 300.000 920.354
0.042 0.058 466.954 601.018 0.010 100.000 20.000 300.000 1559.045
0.042 0.058 601.018 778.532 0.010 100.000 30.000 400.000 1981.452
0.042 0.058 778.532 1048.753 0.010 100.000 30.000 600.000 2126.790
0.042 0.058 1048.753 1410.658 0.010 100.000 50.000 700.000 3247.816
0.042 0.058 1410.658 1903.206 0.010 100.000 60.000 1000.000 3688.688
0.042 0.058 1903.206 2757.052 0.010 100.000 50.000 1000.000 6162.535
0.042 0.058 2757.052 3797.673 0.010 100.000 100.000 1000.000 8604.050
0.042 0.058 3797.673 4999.985 0.010 100.000 200.000 1000.000 9984.387
0.058 0.077 1.592 12.330 0.010 37.927 1.000 7.000 19.381
0.058 0.077 12.330 20.508 0.010 61.585 1.000 10.000 39.906
0.058 0.077 20.508 30.440 0.010 100.000 1.000 10.000 57.504
0.058 0.077 30.440 40.624 0.010 100.000 2.000 20.000 84.572
0.058 0.077 40.624 52.809 0.010 100.000 2.000 20.000 115.325
0.058 0.077 52.809 67.274 0.010 61.585 3.000 30.000 143.816
0.058 0.077 67.274 86.761 0.010 100.000 3.000 50.000 183.242
0.058 0.077 86.761 119.433 0.010 100.000 4.000 70.000 245.514
0.058 0.077 119.433 162.244 0.010 100.000 6.000 90.000 297.425
0.058 0.077 162.244 236.227 0.010 100.000 8.000 100.000 407.691
0.058 0.077 236.227 335.006 0.010 100.000 9.000 200.000 599.360
0.058 0.077 335.006 436.565 0.010 61.585 20.000 200.000 821.228
0.058 0.077 436.565 559.387 0.010 100.000 20.000 300.000 1235.824
0.058 0.077 559.387 719.312 0.010 61.585 30.000 400.000 1361.486
0.058 0.077 719.312 977.273 0.010 61.585 40.000 500.000 1750.704
0.058 0.077 977.273 1375.287 0.010 100.000 40.000 700.000 3011.669
0.058 0.077 1375.287 1931.711 0.010 100.000 60.000 1000.000 3342.811
0.058 0.077 1931.711 2847.135 0.010 100.000 60.000 1000.000 6214.337
0.058 0.077 2847.135 3829.655 0.010 61.585 200.000 1000.000 8083.817
0.058 0.077 3829.655 4999.646 0.010 100.000 200.000 1000.000 9234.155
0.077 0.100 1.546 12.975 0.010 61.585 1.000 7.000 17.216
0.077 0.100 12.975 21.849 0.010 100.000 1.000 10.000 28.366
0.077 0.100 21.849 32.224 0.010 61.585 1.000 10.000 55.838
0.077 0.100 32.224 42.979 0.010 100.000 1.000 20.000 82.941
0.077 0.100 42.979 55.780 0.010 100.000 2.000 30.000 105.358
0.077 0.100 55.780 70.503 0.010 61.585 3.000 40.000 136.637
0.077 0.100 70.503 87.452 0.010 61.585 3.000 40.000 168.234
0.077 0.100 87.452 112.179 0.010 100.000 3.000 60.000 223.973
0.077 0.100 112.179 142.197 0.010 61.585 6.000 70.000 296.299
0.077 0.100 142.197 193.771 0.010 61.585 6.000 100.000 322.263
0.077 0.100 193.771 283.783 0.010 61.585 9.000 100.000 538.474
0.077 0.100 283.783 375.359 0.010 61.585 20.000 200.000 770.510
0.077 0.100 375.359 484.068 0.010 61.585 20.000 200.000 1100.612
0.077 0.100 484.068 626.651 0.010 61.585 30.000 300.000 1275.107
0.077 0.100 626.651 828.227 0.010 100.000 40.000 500.000 1455.569
0.077 0.100 828.227 1182.547 0.010 100.000 40.000 700.000 2463.518
0.077 0.100 1182.547 1718.277 0.010 100.000 50.000 900.000 2747.261
0.077 0.100 1718.277 2653.311 0.010 100.000 70.000 1000.000 5023.340
0.077 0.100 2653.311 3731.174 0.010 100.000 70.000 1000.000 5809.566
0.077 0.100 3731.174 4999.871 0.010 61.585 200.000 1000.000 9367.862
0.100 0.127 1.472 13.527 0.010 37.927 1.000 7.000 19.827
0.100 0.127 13.527 24.186 0.010 37.927 1.000 10.000 33.878
0.100 0.127 24.186 35.606 0.010 61.585 2.000 20.000 60.752
0.100 0.127 35.606 49.005 0.010 37.927 2.000 20.000 71.940
0.100 0.127 49.005 62.876 0.010 100.000 2.000 30.000 119.105
0.100 0.127 62.876 75.838 0.010 61.585 3.000 40.000 119.496
0.100 0.127 75.838 90.133 0.010 61.585 4.000 40.000 161.480
0.100 0.127 90.133 106.729 0.010 61.585 2.000 60.000 178.187
0.100 0.127 106.729 127.039 0.010 37.927 5.000 70.000 230.528
0.100 0.127 127.039 157.232 0.010 37.927 7.000 90.000 288.966
0.100 0.127 157.232 242.633 0.010 37.927 8.000 100.000 398.258
0.100 0.127 242.633 314.032 0.010 37.927 20.000 100.000 494.773
0.100 0.127 314.032 407.121 0.010 37.927 20.000 200.000 643.902
0.100 0.127 407.121 515.694 0.010 37.927 30.000 200.000 1007.079
0.100 0.127 515.694 700.781 0.010 37.927 30.000 300.000 1091.107
0.100 0.127 700.781 992.072 0.010 100.000 40.000 500.000 1883.820
0.100 0.127 992.072 1528.877 0.010 100.000 40.000 700.000 2679.779
0.100 0.127 1528.877 2473.250 0.010 61.585 60.000 1000.000 3868.215
0.100 0.127 2473.250 3604.534 0.010 61.585 90.000 1000.000 6021.559
0.100 0.127 3604.534 4999.957 0.010 100.000 100.000 1000.000 8751.539
0.127 0.157 1.550 13.707 0.010 37.927 1.000 7.000 16.879
0.127 0.157 13.707 24.907 0.010 37.927 1.000 10.000 33.658
0.127 0.157 24.907 37.230 0.010 37.927 2.000 20.000 57.744
0.127 0.157 37.230 50.752 0.010 37.927 2.000 20.000 82.713
0.127 0.157 50.752 62.500 0.010 37.927 3.000 30.000 106.233
0.127 0.157 62.500 73.135 0.010 100.000 2.000 40.000 112.691
0.127 0.157 73.135 84.885 0.010 100.000 2.000 40.000 145.877
0.127 0.157 84.885 98.536 0.016 100.000 3.000 50.000 180.945
0.127 0.157 98.536 115.844 0.016 37.927 6.000 50.000 180.966
0.127 0.157 115.844 144.450 0.016 37.927 6.000 80.000 212.727
0.127 0.157 144.450 218.872 0.010 100.000 4.000 100.000 269.563
0.127 0.157 218.872 289.107 0.010 37.927 20.000 100.000 509.406
0.127 0.157 289.107 370.769 0.010 37.927 20.000 200.000 667.491
0.127 0.157 370.769 472.067 0.010 37.927 20.000 200.000 850.697
0.127 0.157 472.067 648.140 0.010 37.927 30.000 300.000 1099.776
0.127 0.157 648.140 911.240 0.010 100.000 40.000 500.000 1243.017
0.127 0.157 911.240 1427.774 0.010 61.585 50.000 700.000 2069.033
0.127 0.157 1427.774 2396.789 0.010 100.000 60.000 1000.000 3919.618
0.127 0.157 2396.789 3587.321 0.010 61.585 80.000 1000.000 4579.304
0.127 0.157 3587.321 4999.790 0.010 37.927 200.000 1000.000 7917.586
0.157 0.193 1.636 13.698 0.016 23.357 1.000 6.000 13.579
0.157 0.193 13.698 24.672 0.016 37.927 1.000 10.000 32.211
0.157 0.193 24.672 36.820 0.010 37.927 2.000 20.000 57.004
0.157 0.193 36.820 48.021 0.010 37.927 2.000 30.000 81.496
0.157 0.193 48.021 58.070 0.016 37.927 3.000 30.000 80.943
0.157 0.193 58.070 67.627 0.016 37.927 3.000 40.000 109.920
0.157 0.193 67.627 77.956 0.010 37.927 4.000 30.000 114.623
0.157 0.193 77.956 90.228 0.016 37.927 4.000 50.000 134.122
0.157 0.193 90.228 107.594 0.016 23.357 5.000 60.000 171.009
0.157 0.193 107.594 136.578 0.016 23.357 7.000 80.000 200.445
0.157 0.193 136.578 202.737 0.016 100.000 4.000 100.000 278.096
0.157 0.193 202.737 271.282 0.010 23.357 20.000 100.000 437.699
0.157 0.193 271.282 350.691 0.016 37.927 20.000 200.000 464.247
0.157 0.193 350.691 456.889 0.010 23.357 20.000 200.000 791.123
0.157 0.193 456.889 626.799 0.010 37.927 30.000 300.000 934.134
0.157 0.193 626.799 881.944 0.010 61.585 40.000 400.000 1294.755
0.157 0.193 881.944 1419.254 0.010 61.585 40.000 700.000 2005.407
0.157 0.193 1419.254 2410.981 0.010 61.585 70.000 1000.000 3879.882
0.157 0.193 2410.981 3580.875 0.010 100.000 80.000 1000.000 5364.403
0.157 0.193 3580.875 4999.942 0.016 23.357 200.000 1000.000 6213.755
0.193 0.235 1.608 13.779 0.016 23.357 1.000 7.000 15.547
0.193 0.235 13.779 24.971 0.016 23.357 1.000 10.000 29.833
0.193 0.235 24.971 35.690 0.016 23.357 2.000 20.000 49.267
0.193 0.235 35.690 45.330 0.016 37.927 2.000 20.000 57.171
0.193 0.235 45.330 54.191 0.016 37.927 2.000 30.000 70.545
0.193 0.235 54.191 62.771 0.016 23.357 3.000 30.000 96.031
0.193 0.235 62.771 72.178 0.016 23.357 3.000 40.000 114.069
0.193 0.235 72.178 84.255 0.016 23.357 4.000 40.000 125.854
0.193 0.235 84.255 100.419 0.026 23.357 5.000 50.000 150.460
0.193 0.235 100.419 127.835 0.026 23.357 7.000 70.000 161.047
0.193 0.235 127.835 185.905 0.016 23.357 8.000 100.000 253.214
0.193 0.235 185.905 254.682 0.016 14.384 20.000 100.000 294.349
0.193 0.235 254.682 335.901 0.016 23.357 20.000 100.000 417.669
0.193 0.235 335.901 444.412 0.016 23.357 20.000 200.000 544.745
0.193 0.235 444.412 611.322 0.010 37.927 30.000 300.000 727.147
0.193 0.235 611.322 860.143 0.010 23.357 40.000 400.000 1014.351
0.193 0.235 860.143 1390.128 0.016 100.000 40.000 700.000 1425.482
0.193 0.235 1390.128 2388.861 0.016 37.927 70.000 1000.000 2272.244
0.193 0.235 2388.861 3552.538 0.010 61.585 80.000 1000.000 3879.268
0.193 0.235 3552.538 4999.933 0.010 23.357 200.000 1000.000 5717.375
0.235 0.284 1.584 13.817 0.026 23.357 1.000 6.000 14.034
0.235 0.284 13.817 24.504 0.016 23.357 1.000 10.000 28.392
0.235 0.284 24.504 33.567 0.016 23.357 2.000 10.000 48.469
0.235 0.284 33.567 41.863 0.016 23.357 2.000 20.000 57.069
0.235 0.284 41.863 50.094 0.026 14.384 3.000 20.000 64.175
0.235 0.284 50.094 58.660 0.026 23.357 3.000 20.000 85.635
0.235 0.284 58.660 67.886 0.026 14.384 4.000 40.000 96.685
0.235 0.284 67.886 79.469 0.026 37.927 4.000 40.000 101.241
0.235 0.284 79.469 95.017 0.026 37.927 4.000 40.000 140.740
0.235 0.284 95.017 120.764 0.026 23.357 4.000 70.000 165.661
0.235 0.284 120.764 174.459 0.026 100.000 3.000 90.000 213.312
0.235 0.284 174.459 240.497 0.026 100.000 4.000 100.000 348.571
0.235 0.284 240.497 323.967 0.026 23.357 20.000 200.000 494.617
0.235 0.284 323.967 431.398 0.016 23.357 20.000 200.000 589.515
0.235 0.284 431.398 597.724 0.016 23.357 30.000 200.000 766.006
0.235 0.284 597.724 843.095 0.016 37.927 40.000 500.000 1126.940
0.235 0.284 843.095 1396.535 0.016 37.927 40.000 700.000 1790.647
0.235 0.284 1396.535 2413.788 0.026 61.585 60.000 1000.000 3486.640
0.235 0.284 2413.788 3567.482 0.016 37.927 100.000 1000.000 4608.038
0.235 0.284 3567.482 4999.758 0.016 61.585 90.000 1000.000 6756.410
0.284 0.340 1.709 12.944 0.026 14.384 1.000 7.000 11.068
0.284 0.340 12.944 22.779 0.026 14.384 1.000 10.000 26.277
0.284 0.340 22.779 30.889 0.026 37.927 1.000 10.000 42.211
0.284 0.340 30.889 38.678 0.026 14.384 2.000 20.000 43.784
0.284 0.340 38.678 46.776 0.026 23.357 2.000 20.000 53.935
0.284 0.340 46.776 55.211 0.026 37.927 2.000 20.000 64.997
0.284 0.340 55.211 64.824 0.026 23.357 2.000 30.000 89.738
0.284 0.340 64.824 76.362 0.026 61.585 2.000 40.000 98.076
0.284 0.340 76.362 92.103 0.026 23.357 4.000 30.000 126.340
0.284 0.340 92.103 117.298 0.026 23.357 6.000 70.000 131.049
0.284 0.340 117.298 173.707 0.026 37.927 4.000 100.000 203.953
0.284 0.340 173.707 240.314 0.026 14.384 20.000 100.000 253.822
0.284 0.340 240.314 325.206 0.026 14.384 20.000 100.000 403.668
0.284 0.340 325.206 438.062 0.016 14.384 20.000 200.000 461.530
0.284 0.340 438.062 605.665 0.016 14.384 30.000 300.000 784.036
0.284 0.340 605.665 846.637 0.026 23.357 40.000 400.000 1084.231
0.284 0.340 846.637 1428.879 0.016 23.357 50.000 800.000 1221.657
0.284 0.340 1428.879 2443.837 0.026 37.927 90.000 1000.000 2093.781
0.284 0.340 2443.837 3582.201 0.026 23.357 200.000 1000.000 4201.439
0.284 0.340 3582.201 4999.755 0.026 61.585 100.000 1000.000 6126.350
0.340 0.398 1.769 12.032 0.026 14.384 1.000 6.000 10.564
0.340 0.398 12.032 20.846 0.026 23.357 1.000 10.000 22.326
0.340 0.398 20.846 28.486 0.026 14.384 2.000 10.000 34.024
0.340 0.398 28.486 36.401 0.026 14.384 2.000 10.000 39.005
0.340 0.398 36.401 45.051 0.026 23.357 2.000 20.000 56.535
0.340 0.398 45.051 54.494 0.026 14.384 3.000 20.000 68.019
0.340 0.398 54.494 65.416 0.026 14.384 4.000 30.000 71.714
0.340 0.398 65.416 78.862 0.026 14.384 4.000 30.000 103.936
0.340 0.398 78.862 97.366 0.026 14.384 5.000 50.000 117.658
0.340 0.398 97.366 137.088 0.026 37.927 4.000 70.000 158.595
0.340 0.398 137.088 202.866 0.026 14.384 9.000 100.000 231.107
0.340 0.398 202.866 272.937 0.026 14.384 20.000 100.000 340.287
0.340 0.398 272.937 363.268 0.026 14.384 20.000 100.000 417.899
0.340 0.398 363.268 489.253 0.026 23.357 30.000 200.000 647.528
0.340 0.398 489.253 665.955 0.026 14.384 30.000 300.000 660.726
0.340 0.398 665.955 960.511 0.026 23.357 40.000 500.000 883.788
0.340 0.398 960.511 1685.904 0.026 37.927 50.000 800.000 1759.885
0.340 0.398 1685.904 2604.221 0.026 37.927 90.000 1000.000 2372.980
0.340 0.398 2604.221 3658.911 0.026 100.000 40.000 1000.000 4443.038
0.340 0.398 3658.911 4999.992 0.026 23.357 200.000 1000.000 4829.019
0.398 0.450 1.635 10.392 0.043 8.859 1.000 5.000 7.908
0.398 0.450 10.392 18.025 0.043 23.357 1.000 10.000 17.011
0.398 0.450 18.025 25.846 0.026 23.357 1.000 10.000 28.824
0.398 0.450 25.846 34.307 0.043 23.357 2.000 10.000 39.988
0.398 0.450 34.307 44.925 0.026 23.357 2.000 10.000 44.740
0.398 0.450 44.925 56.779 0.026 37.927 3.000 30.000 67.462
0.398 0.450 56.779 70.211 0.026 14.384 3.000 30.000 70.494
0.398 0.450 70.211 89.265 0.043 100.000 2.000 40.000 108.026
0.398 0.450 89.265 129.486 0.043 37.927 4.000 60.000 139.866
0.398 0.450 129.486 201.124 0.026 14.384 9.000 90.000 177.082
0.398 0.450 201.124 270.725 0.043 14.384 20.000 100.000 263.536
0.398 0.450 270.725 351.950 0.026 14.384 20.000 100.000 433.583
0.398 0.450 351.950 459.210 0.016 14.384 30.000 200.000 453.619
0.398 0.450 459.210 603.224 0.026 14.384 40.000 300.000 731.180
0.398 0.450 603.224 824.024 0.043 23.357 40.000 400.000 768.977
0.398 0.450 824.024 1314.345 0.026 37.927 40.000 600.000 1405.410
0.398 0.450 1314.345 2062.497 0.043 23.357 70.000 1000.000 2269.166
0.398 0.450 2062.497 2868.833 0.026 100.000 40.000 1000.000 3623.648
0.398 0.450 2868.833 3810.562 0.043 100.000 90.000 1000.000 4131.828
0.398 0.450 3810.562 4999.599 0.026 37.927 200.000 1000.000 4969.203
0.450 0.495 1.667 9.437 0.043 8.859 1.000 4.000 9.686
0.450 0.495 9.437 16.637 0.070 14.384 1.000 7.000 15.587
0.450 0.495 16.637 24.116 0.026 8.859 2.000 10.000 30.061
0.450 0.495 24.116 33.274 0.043 8.859 2.000 10.000 30.205
0.450 0.495 33.274 45.756 0.043 100.000 1.000 20.000 52.389
0.450 0.495 45.756 60.522 0.026 14.384 4.000 30.000 64.347
0.450 0.495 60.522 80.956 0.043 100.000 2.000 30.000 75.300
0.450 0.495 80.956 122.822 0.043 23.357 4.000 60.000 123.432
0.450 0.495 122.822 201.053 0.026 14.384 9.000 100.000 209.688
0.450 0.495 201.053 272.774 0.043 100.000 4.000 100.000 329.354
0.450 0.495 272.774 350.804 0.043 8.859 30.000 200.000 415.108
0.450 0.495 350.804 447.456 0.043 14.384 30.000 200.000 445.175
0.450 0.495 447.456 561.647 0.026 14.384 40.000 200.000 658.809
0.450 0.495 561.647 719.444 0.043 23.357 40.000 400.000 836.512
0.450 0.495 719.444 1005.749 0.043 37.927 50.000 500.000 1050.982
0.450 0.495 1005.749 1648.888 0.043 23.357 70.000 900.000 1663.146
0.450 0.495 1648.888 2326.778 0.043 37.927 70.000 1000.000 2373.877
0.450 0.495 2326.778 3054.588 0.026 14.384 200.000 1000.000 2956.536
0.450 0.495 3054.588 3947.057 0.043 14.384 200.000 1000.000 3808.737
0.450 0.495 3947.057 4999.954 0.026 37.927 200.000 1000.000 5528.138
0.495 0.535 1.719 9.184 0.043 8.859 1.000 4.000 7.914
0.495 0.535 9.184 16.080 0.043 14.384 1.000 9.000 13.948
0.495 0.535 16.080 23.207 0.070 8.859 2.000 10.000 23.914
0.495 0.535 23.207 32.608 0.043 14.384 2.000 10.000 28.810
0.495 0.535 32.608 46.562 0.043 14.384 2.000 20.000 40.293
0.495 0.535 46.562 66.215 0.043 14.384 4.000 30.000 70.665
0.495 0.535 66.215 98.245 0.043 14.384 6.000 50.000 81.110
0.495 0.535 98.245 183.224 0.043 8.859 8.000 90.000 168.000
0.495 0.535 183.224 259.907 0.043 14.384 20.000 100.000 296.803
0.495 0.535 259.907 337.727 0.043 14.384 20.000 100.000 368.512
0.495 0.535 337.727 423.290 0.043 8.859 30.000 200.000 531.846
0.495 0.535 423.290 522.235 0.043 8.859 30.000 200.000 516.845
0.495 0.535 522.235 643.035 0.043 23.357 40.000 300.000 645.459
0.495 0.535 643.035 808.512 0.043 23.357 40.000 400.000 925.147
0.495 0.535 808.512 1199.351 0.043 23.357 50.000 600.000 1152.814
0.495 0.535 1199.351 1830.973 0.043 23.357 60.000 900.000 2021.783
0.495 0.535 1830.973 2488.161 0.043 8.859 200.000 1000.000 2635.907
0.495 0.535 2488.161 3193.542 0.043 37.927 100.000 1000.000 3046.822
0.495 0.535 3193.542 4028.770 0.070 8.859 300.000 1000.000 3840.315
0.495 0.535 4028.770 4999.882 0.043 14.384 300.000 1000.000 4792.883
0.535 0.572 1.749 9.180 0.043 5.456 1.000 4.000 7.958
0.535 0.572 9.180 15.997 0.070 14.384 1.000 8.000 14.153
0.535 0.572 15.997 22.843 0.043 14.384 1.000 10.000 25.013
0.535 0.572 22.843 32.493 0.070 14.384 2.000 10.000 27.089
0.535 0.572 32.493 48.002 0.043 23.357 2.000 20.000 50.042
0.535 0.572 48.002 71.296 0.043 14.384 3.000 30.000 69.957
0.535 0.572 71.296 133.024 0.043 37.927 4.000 70.000 117.110
0.535 0.572 133.024 228.428 0.043 100.000 4.000 100.000 227.922
0.535 0.572 228.428 310.373 0.043 8.859 20.000 100.000 278.476
0.535 0.572 310.373 386.934 0.070 14.384 30.000 200.000 413.852
0.535 0.572 386.934 471.430 0.043 8.859 30.000 200.000 527.108
0.535 0.572 471.430 568.039 0.043 14.384 40.000 200.000 620.495
0.535 0.572 568.039 687.001 0.026 14.384 40.000 300.000 679.982
0.535 0.572 687.001 857.702 0.043 14.384 50.000 400.000 815.589
0.535 0.572 857.702 1336.082 0.043 37.927 50.000 600.000 1248.551
0.535 0.572 1336.082 1951.718 0.070 23.357 90.000 1000.000 2163.440
0.535 0.572 1951.718 2606.033 0.070 8.859 200.000 1000.000 2661.782
0.535 0.572 2606.033 3325.925 0.043 14.384 200.000 1000.000 3717.402
0.535 0.572 3325.925 4109.893 0.043 100.000 60.000 1000.000 4490.386
0.535 0.572 4109.893 4999.966 0.043 23.357 300.000 1000.000 5447.595
0.572 0.610 1.779 9.135 0.043 8.859 1.000 4.000 7.690
0.572 0.610 9.135 16.106 0.043 8.859 1.000 8.000 15.023
0.572 0.610 16.106 22.943 0.070 14.384 1.000 10.000 21.765
0.572 0.610 22.943 32.084 0.043 14.384 2.000 10.000 27.096
0.572 0.610 32.084 48.795 0.043 14.384 3.000 20.000 44.106
0.572 0.610 48.795 78.233 0.043 14.384 4.000 30.000 73.694
0.572 0.610 78.233 176.596 0.043 8.859 7.000 90.000 93.594
0.572 0.610 176.596 273.796 0.043 8.859 20.000 100.000 270.969
0.572 0.610 273.796 350.429 0.043 8.859 30.000 100.000 389.400
0.572 0.610 350.429 426.479 0.043 8.859 30.000 200.000 405.234
0.572 0.610 426.479 508.629 0.043 8.859 40.000 200.000 485.757
0.572 0.610 508.629 605.859 0.070 8.859 40.000 300.000 590.391
0.572 0.610 605.859 720.120 0.070 14.384 40.000 300.000 714.296
0.572 0.610 720.120 904.277 0.070 14.384 50.000 400.000 993.742
0.572 0.610 904.277 1482.910 0.070 23.357 80.000 700.000 1308.268
0.572 0.610 1482.910 2066.077 0.070 23.357 70.000 900.000 2070.221
0.572 0.610 2066.077 2726.587 0.070 8.859 200.000 1000.000 2853.450
0.572 0.610 2726.587 3437.421 0.043 61.585 70.000 1000.000 3646.197
0.572 0.610 3437.421 4188.157 0.070 14.384 300.000 1000.000 4449.357
0.572 0.610 4188.157 4999.755 0.070 14.384 300.000 1000.000 5460.254
0.610 0.652 1.753 9.151 0.070 5.456 1.000 4.000 7.430
0.610 0.652 9.151 16.192 0.070 8.859 1.000 7.000 14.676
0.610 0.652 16.192 23.109 0.070 14.384 1.000 10.000 23.183
0.610 0.652 23.109 32.062 0.070 8.859 2.000 10.000 30.581
0.610 0.652 32.062 48.706 0.043 8.859 3.000 20.000 45.218
0.610 0.652 48.706 85.752 0.043 37.927 3.000 40.000 58.202
0.610 0.652 85.752 213.665 0.043 8.859 6.000 100.000 145.515
0.610 0.652 213.665 305.003 0.070 8.859 20.000 100.000 306.677
0.610 0.652 305.003 376.364 0.070 8.859 30.000 200.000 353.735
0.610 0.652 376.364 449.166 0.070 8.859 30.000 200.000 428.002
0.610 0.652 449.166 531.271 0.043 8.859 40.000 200.000 578.818
0.610 0.652 531.271 624.040 0.070 14.384 40.000 300.000 694.306
0.610 0.652 624.040 738.228 0.070 8.859 50.000 300.000 816.789
0.610 0.652 738.228 922.519 0.043 14.384 60.000 400.000 837.811
0.610 0.652 922.519 1549.727 0.043 23.357 50.000 700.000 1361.457
0.610 0.652 1549.727 2144.778 0.043 14.384 100.000 900.000 2038.719
0.610 0.652 2144.778 2800.340 0.070 14.384 200.000 1000.000 2994.465
0.610 0.652 2800.340 3472.696 0.043 14.384 200.000 1000.000 3754.102
0.610 0.652 3472.696 4198.866 0.070 8.859 300.000 1000.000 3898.731
0.610 0.652 4198.866 4999.985 0.043 14.384 300.000 1000.000 4751.984
0.652 0.707 1.792 9.156 0.043 8.859 1.000 4.000 8.430
0.652 0.707 9.156 16.218 0.070 8.859 1.000 7.000 12.910
0.652 0.707 16.218 23.027 0.070 8.859 2.000 10.000 18.427
0.652 0.707 23.027 31.364 0.070 8.859 2.000 9.000 26.268
0.652 0.707 31.364 48.321 0.043 37.927 2.000 20.000 35.428
0.652 0.707 48.321 98.495 0.043 14.384 4.000 40.000 69.804
0.652 0.707 98.495 248.480 0.043 37.927 3.000 100.000 244.118
0.652 0.707 248.480 331.097 0.070 8.859 20.000 100.000 336.980
0.652 0.707 331.097 398.920 0.070 8.859 30.000 100.000 474.871
0.652 0.707 398.920 471.442 0.070 14.384 40.000 200.000 447.375
0.652 0.707 471.442 552.188 0.070 8.859 40.000 200.000 522.721
0.652 0.707 552.188 643.165 0.070 14.384 50.000 200.000 610.758
0.652 0.707 643.165 756.003 0.043 8.859 60.000 300.000 716.765
0.652 0.707 756.003 949.802 0.043 8.859 60.000 400.000 832.291
0.652 0.707 949.802 1603.359 0.070 8.859 70.000 800.000 1318.831
0.652 0.707 1603.359 2220.500 0.070 14.384 90.000 1000.000 1832.263
0.652 0.707 2220.500 2856.873 0.070 61.585 70.000 1000.000 2533.784
0.652 0.707 2856.873 3543.600 0.070 8.859 300.000 1000.000 3230.209
0.652 0.707 3543.600 4259.175 0.070 8.859 300.000 1000.000 3978.632
0.652 0.707 4259.175 4999.898 0.043 8.859 300.000 1000.000 5213.474
0.707 0.965 1.710 9.069 0.070 8.859 1.000 4.000 7.869
0.707 0.965 9.069 16.011 0.043 8.859 1.000 8.000 13.311
0.707 0.965 16.011 22.534 0.070 5.456 2.000 10.000 19.941
0.707 0.965 22.534 30.083 0.070 8.859 2.000 10.000 28.916
0.707 0.965 30.083 46.160 0.070 8.859 3.000 20.000 40.406
0.707 0.965 46.160 119.312 0.043 14.384 3.000 60.000 73.257
0.707 0.965 119.312 273.554 0.070 8.859 10.000 100.000 236.178
0.707 0.965 273.554 347.769 0.070 8.859 30.000 100.000 300.295
0.707 0.965 347.769 418.028 0.070 8.859 30.000 100.000 379.071
0.707 0.965 418.028 489.677 0.070 5.456 40.000 100.000 451.277
0.707 0.965 489.677 567.773 0.070 8.859 40.000 200.000 529.419
0.707 0.965 567.773 657.198 0.043 8.859 50.000 300.000 618.798
0.707 0.965 657.198 764.855 0.026 8.859 60.000 300.000 824.879
0.707 0.965 764.855 953.648 0.070 8.859 60.000 500.000 948.130
0.707 0.965 953.648 1631.679 0.070 14.384 70.000 600.000 1402.234
0.707 0.965 1631.679 2279.315 0.070 8.859 200.000 800.000 2082.194
0.707 0.965 2279.315 2918.405 0.070 8.859 200.000 1000.000 2497.949
0.707 0.965 2918.405 3591.220 0.113 5.456 300.000 1000.000 3146.092
0.707 0.965 3591.220 4268.814 0.070 8.859 300.000 1000.000 3962.389
0.707 0.965 4268.814 4999.994 0.070 8.859 400.000 1000.000 5178.095
