	1	2	3	4	5	6	7	8	9	10	20	30	40	50	60	70	80	90	100	200	300	400	500	600	700	800	900	1000
0.01	7.130623966006626	14.442159301337268	21.887992218039948	28.857615597551472	36.57906832856845	43.047944668793825	50.500424895623716	57.45807091056147	65.89225940873222	71.87392304202807	144.62814778170738	218.11758607929656	292.83760634207096	363.74630781801505	432.32371278152465	507.5364128648471	572.4037508630581	659.068740387524	717.8453547754712	1428.546166683047	2159.0550975797423	2875.196583719795	3570.380249373711	4392.58003886051	5083.9857378317765	5672.336962116419	6614.138329632898	7193.071724925306
0.016237767391887217	6.191795081774628	12.232604812187988	18.897166470600723	25.10059866670811	31.294354777538	36.53996042365042	42.60924285425348	48.322220563360474	55.45905355497597	61.37539112605868	124.1440591621128	182.55915759190003	245.8524059897443	309.7072032773653	374.4055110622959	425.2325504680494	492.98993992551505	552.4042639161064	614.6852378085439	1267.9049940302423	1881.380323298329	2438.51424655787	3036.159943810629	3706.1798665382744	4391.20282925833	4883.49570386818	5531.6240665791875	6196.481030680934
0.026366508987303583	5.269075368131834	10.541274561531347	15.798291175766506	20.722391420200765	26.12482347672396	31.93338489187864	37.49542166231867	41.61492678453889	47.12938689445778	52.19138587533419	103.54585288152246	158.892287009394	210.19132624734786	265.8524100955713	318.05890842108613	370.0060508515585	414.2214263068309	479.8449400035848	528.0717071664675	1056.4823989619874	1526.783880554114	2082.942989770095	2617.8350850584393	3113.9166753553627	3738.613584852315	4167.392746876141	4730.78936046126	5276.700700535344
0.04281332398719394	4.269807228791701	8.758573498337695	12.959570016377699	17.25433184223037	21.837534060159065	25.95383929000584	31.188013888731962	34.80301218622381	39.78395512354743	42.80366684493255	87.46431357040353	130.45566642558956	174.79665459359506	217.6764993872729	264.5583065327557	303.5441277233723	346.85762665033224	392.89265287968846	434.9904006853416	879.2027507667268	1316.898977687701	1762.093062564676	2155.930337412884	2666.4221388757283	3053.34495397501	3472.0684097798503	3920.5849066796177	4370.987514623517
0.06951927961775606	3.779857503984154	7.465258835477802	10.985036474358942	15.012713950932959	18.751903688630897	22.193011248181886	25.95982967496524	29.73311545322512	34.602683723975574	37.89054714871985	74.45257349831851	111.03761081195414	152.4748136023922	183.9132183680348	230.71935678921776	268.649554768663	300.4206609974861	342.28658202515714	371.89823497709756	745.7532425789414	1117.9989058485578	1483.1226706606951	1873.1646429608622	2231.9619098528883	2578.192956643143	3009.2045505394244	3357.2705642306782	3740.5609735033845
0.11288378916846889	3.150825271134328	6.411677825762559	9.576131323301187	12.719213350435245	16.34505788385275	19.62076515799964	23.071416544572816	25.513521164516845	28.628046934182976	32.10706225087457	65.19683494733378	95.25447555925672	129.3370260989396	161.53105275607936	191.6182408019853	226.8433951736224	255.93541060088887	284.74672301846573	324.97012884896156	640.8828404319446	987.577083832555	1289.857204546856	1620.568853644006	1887.7714608019637	2271.787668033104	2624.0713461645637	2899.032442115843	3254.6084996765103
0.18329807108324356	2.831486888042663	5.597857773604724	8.582190727533478	11.348013445104685	14.01187054123939	17.078999479876924	19.554736186217163	22.235404327169256	25.916454758549047	28.146639110717068	57.831161416748195	84.68317525906474	114.5609903763438	143.26585604808128	168.13704703143767	191.15120180132928	222.5953231953907	253.60560487334436	287.833165130659	564.6001337509946	873.2696759077473	1125.9611125274816	1414.3895510123502	1691.085417260536	1967.9666909681455	2270.7086747995236	2602.0852006071254	2829.5358739671583
0.29763514416313175	2.6622760882712706	5.365384827825812	8.248985553981258	10.769343664976287	13.229643886821082	16.130513118486775	18.53317482151169	21.456759973238043	24.05609610568631	26.9668024970023	52.85503721603164	79.58756869830655	108.0680699313675	134.51721871990978	161.62497446308967	188.68817848903603	210.4401548011298	247.85828076176938	263.96780360543494	535.0623533354063	831.8336776674763	1087.5616980419045	1336.7597244243368	1580.633513564568	1879.3402450112899	2133.2739816756634	2443.8976335020175	2672.7441083292542
0.4832930238571752	2.8567941173180618	5.704938394092541	8.490709588653393	11.337566161004833	14.428181817177308	17.02827646666934	20.15703903647908	23.01321936324887	25.659635382993976	28.61478889110182	56.82501602791712	85.586938476637	115.4466029992264	143.1175992860661	172.96513721188674	200.5420983657087	228.92127500534068	258.4679942360231	285.8436632666801	568.1579254039406	862.1123191730866	1137.16799277485	1414.8662149102913	1713.394714097124	1986.1564763865163	2297.968474656274	2586.6247286183607	2828.6083201597335
0.7847599703514611	2.844459273467139	5.653733544329826	8.4718899267323	11.380748749266981	14.164476314949486	16.963345727093827	19.747426388710533	22.605975698980767	25.527354690205808	28.4316014671495	57.07486504615228	85.15610766018307	113.26317656956859	141.66828501893914	169.87553616318723	198.11356910752062	225.86666961330573	253.4813932245724	285.236205974199	569.8173977505039	843.1905871970322	1131.1545719896792	1420.0544542657146	1704.290752191239	1969.5921159189995	2260.0734309348204	2550.4429828499583	2831.8997215670765
1.2742749857031335	2.6809283288360692	5.46338820003474	8.180705043020284	10.906061058225504	13.715325510763762	16.37339562459589	18.903900852791743	21.89798869774712	24.41494333398618	27.29849569898718	53.98942833524486	81.32052446104673	108.01911007120317	136.00822217467356	164.11249304052546	192.2753469962738	218.53813047176155	242.71508306690347	272.4921731387273	544.4588007013845	818.9781268613143	1096.822936208077	1364.192920485699	1651.3084133219602	1909.2924884492816	2172.4217380532195	2436.67862249394	2716.1550356488647
2.06913808111479	2.8513493832739654	5.803584717118524	8.711720311137745	11.626250530932367	14.565044565641816	17.4158740607483	20.557202837868232	23.053455681032155	26.002783512779057	28.984328593213174	58.2732956482161	86.90455351132489	116.50007793492641	145.7020550264074	174.4804799296795	203.30778080467843	234.0333743098248	262.75448332233475	289.63957019480836	585.389367860995	864.0503233531716	1151.876030813966	1442.6566739293885	1737.2203355302358	2025.7707900428757	2340.316611291452	2607.3868769979767	2879.163869130317
3.359818286283781	3.7729800114454526	7.558453597299045	11.325157044475288	14.9298672637098	18.84818277238401	22.31330703319514	26.198824488314237	29.967774299512755	33.59697211874408	38.31905038577417	74.8397225471927	112.84987523376611	150.65504840268753	188.77852561982857	228.01446797980282	264.2262246580988	299.58614785878126	339.0937814839951	372.3837257674268	755.3199276293857	1128.4447336588287	1507.1130093609693	1871.087321974939	2280.05682320428	2632.740394825953	3019.7268245017917	3359.8500870031435	3748.432654712455
5.455594781168514	5.185503531086153	10.374317016714489	15.439443871175355	20.71108852124783	25.802563579075677	31.108329948655353	35.86013687593022	41.533009076155196	46.40979522676124	51.74537314100714	102.80446825523127	153.4599014196047	206.6761746008089	259.2594267769859	310.6456393350977	360.265483279172	411.4517958766169	455.1200594094279	511.1105690934058	1037.2648210140735	1541.1837520962245	2078.3713738083916	2544.3709204253673	3113.1270881162263	3634.3559169182877	4159.3397264835285	4653.657338839463	5213.836218221034
8.858667904100823	7.111116819506111	14.378145755172222	21.59051522896531	28.385905792629373	35.764435989003104	42.595729837972314	50.27361947904911	57.1150792328021	64.11357552470822	72.19732964322836	143.60209579862482	212.01657257514017	288.50113655851743	353.8873325187399	424.6316691960419	501.3210986616992	573.2883211513847	650.9921415742165	721.1383200371233	1439.9991782207092	2143.1952479425886	2863.441086029618	3579.7617661863437	4246.873568488909	4942.111530300008	5669.22881414304	6407.1460289751	7125.055143317538
14.38449888287663	9.892310065134101	19.513141203503967	29.42988053008806	39.69490040978914	49.50695712803399	59.710097860845835	68.79195587217535	79.53150475495283	87.74168118448603	97.83274880772282	198.19795591780473	298.4650804464399	396.5219031392497	498.0057055530111	583.8556003819065	692.5458361659059	792.4193771223788	888.982554562697	994.1844027275348	1968.6218307243164	3012.133796805066	3936.5038334820656	4918.198338706481	5929.721690437818	6860.334365757872	7933.243519385061	8907.404405372872	9848.81709898975
23.357214690901213	13.81958517566522	27.187604869537726	41.2632318434096	54.69606989258635	67.41694553799356	82.77934242296132	96.1005120960494	108.35534489191481	122.07850321471585	137.7189596739987	275.9915659531262	410.8663743230852	543.2598795218184	683.0573049578935	821.9352934527144	964.3910460879608	1093.2334202737077	1224.8078329589628	1367.2273593024383	2741.684926696325	4122.919504477186	5552.275642868454	6776.9487553924255	8152.969651156789	9669.55185418365	10934.011654405065	12331.843014948468	13734.821740612439
37.92690190732246	18.994271880321904	37.76134691933746	56.663924494864865	75.82195187655803	94.8564346730385	112.9121958849308	133.1672730817453	151.3914242717042	170.54946172992405	189.7578517015466	383.0686679816425	569.6029576091943	771.058898863517	957.3551951957156	1141.6935712737566	1326.9883774403497	1517.311967078875	1698.534692950048	1907.3894809273738	3792.7437400685576	5665.329919309883	7594.942765766302	9492.699113331817	11319.068291192907	13396.147356913745	15217.12803003638	16808.750387415726	18876.627907066304
61.584821106602604	26.263793957938216	52.19397821505656	78.25594535092142	104.52817540293032	130.67917374842696	155.64972820242758	182.82463056550202	209.58874370135499	233.98503524322211	260.69740975688205	524.3407920144598	780.0691208534514	1053.5787944961653	1303.6760439284321	1580.7612603195623	1824.056491687174	2086.9471390233953	2362.3161939617	2627.8288394491105	5248.861758907656	7876.259156282915	10507.109919003433	13072.142918505971	15684.494174864689	18235.87824757503	20961.988075895708	23344.132683425803	26395.804433036767
100.0	36.3265172078146	73.04254951947665	108.77117360616289	144.4042827337421	184.36046186783818	214.24795218734943	253.05153855875642	289.977336078092	327.51181744120134	365.22611338369313	720.456661910538	1081.7106621535033	1444.160993745332	1821.2829758062503	2168.88093323935	2512.3800089344604	2934.5702338623078	3237.1005754898983	3656.1136778840346	7190.751658806054	10909.167069522386	14442.504246913695	18135.709035857504	21677.088773519055	25235.54691236567	28776.709097569357	32200.385633802878	36197.98161878979
