	1	2	3	4	5	6	7	8	9	10	20	30	40	50	60	70	80	90	100	200	300	400	500	600	700	800	900	1000
0.01	5.704090571673937	11.393367595167573	17.11408548114086	22.84764261645962	28.536928052071815	34.201393606022144	40.02400237825958	45.611401849709154	51.426180220454775	57.050018449084	114.18241607713534	171.30386728433234	228.42467862620535	285.5427765746903	342.6240741304079	400.1470038917313	457.2348732535215	513.497274626655	570.8900991777748	1142.7491576946845	1712.9515500477078	2285.1980510431763	2854.3411630248597	3425.6483113715094	3997.2745514465555	4563.367145081958	5135.542941303445	5718.197239022208
0.016237767391887217	4.85770880064449	9.715564772340405	14.571206889265053	19.424700583256225	24.295921012717468	29.11210772667867	33.96886597692167	38.862399494985866	43.6221181726403	48.491126208280065	97.21683102787534	145.4050037338245	194.164025151364	242.7142713559422	291.3732935076236	339.9859133575517	389.0988102284861	437.23416730860134	485.306053471238	972.0786122434231	1456.318074775184	1942.1307983837048	2424.8243092544485	2913.253588605981	3399.04776190105	3875.8210657050026	4381.718669312223	4863.333532957075
0.026366508987303583	4.125125857400731	8.27017633107042	12.38307368067104	16.54969018930615	20.686132334452896	24.781017010338015	28.914919404358823	33.03051443282634	37.121832242498265	41.33210254782958	82.78757505097444	123.97128946109386	165.4741292169662	206.8025597870092	248.07635326688077	288.94915668484987	330.6698860923977	372.0617176636269	413.66863909296717	825.6220058741852	1237.9547780192358	1649.7817691356338	2065.414494605024	2477.6320289065593	2888.6863443207476	3307.4619215235343	3723.380149818895	4120.234024189408
0.04281332398719394	3.5076879248075103	7.032943390482158	10.535638554685045	14.065470533708135	17.58671567687694	21.082039901855907	24.614098472319125	28.14535640819138	31.569769185508072	35.132678548201724	70.32500204747194	105.42453253050417	140.66096948958474	175.60530491787864	211.06375196311174	245.97035863161608	280.91880579802233	316.6841174877619	351.4095868862793	702.8520670731209	1053.7401765455415	1406.9061620442162	1756.8677989770267	2109.614485171573	2461.112797166752	2812.113787663948	3164.131103452191	3516.185219938225
0.06951927961775606	2.9917745420374264	5.9830081115970275	8.962120713221736	11.962730626535864	14.959002031845445	17.95260733018289	20.91588635547422	23.889989942349906	26.934325133511464	29.91146073328356	59.77483241301851	89.56775378572618	119.4539620682748	149.3989886448163	179.52392499522324	209.3895829139439	239.09432303736259	269.0398017855396	299.16272482457725	598.6890032606855	896.4440455139389	1195.8309194496246	1495.7953090270378	1795.3332544849297	2094.286257442489	2390.929061402538	2694.5310268811313	2991.501520655201
0.11288378916846889	2.543419112432548	5.090766543353043	7.642812290153907	10.183570569284157	12.747591458588353	15.271892324749127	17.78562402621102	20.366554116066993	22.913079820694644	25.47852794231258	50.858509049899205	76.25294056098205	101.79545926230186	127.02489209615293	152.54171617141222	177.76111684903202	203.3595253677896	228.92019391407683	254.44004818574015	508.35561546069675	761.8717596141836	1015.8467982250612	1271.3713689936912	1527.1456366782193	1780.1435793447374	2036.2791851340871	2290.6491977507458	2545.836049287712
0.18329807108324356	2.1683579597744984	4.33495104935635	6.502304116864714	8.65866358827792	10.840129888679638	13.00817588663027	15.185163451126654	17.33386890515627	21.4717588819731	21.65366686645731	43.38097139123025	70.90435024689405	86.56283738645078	108.3208629670582	130.1501232699299	151.66697771816789	173.5229260293964	213.034314210501	216.776647464032	432.8015352495167	650.3848305169523	865.6981461117817	1083.1760850565397	1299.7725885695604	1512.450749681149	1733.3441238418052	1949.1743178724998	2166.6189951138776
0.29763514416313175	2.4631392767209386	4.933516299648412	7.492305880645206	9.203435944994563	12.40855598088306	15.010319763252065	16.96887269340285	18.43873906380695	22.10311071446533	24.884309913156798	49.32474095357495	72.43291648999653	99.65461828132452	114.81512150354331	151.6798462772759	174.39962657019692	181.27385591622354	222.1474498770006	243.4240104202895	458.1304681651398	752.223601431288	928.5923977805159	1225.4868865398735	1460.1530781313318	1721.8078830591144	1975.4043546504147	2210.7951566124775	2448.763289720588
0.4832930238571752	2.844823692959678	5.753707373339992	8.423636808722224	11.272796486296432	14.351500761833602	17.191270950878287	19.92517503750001	22.944665371599072	25.443720006043442	28.28002140476478	56.73068468033473	84.68621518408351	114.4386836629989	144.17058629795554	174.33053531849347	200.4813771086918	224.7355877078466	255.23351269583057	284.31895519201623	573.2956334771786	849.5382162773124	1145.8975686919628	1433.1692807582867	1719.924116631567	1968.6418571929953	2268.5291666514477	2578.725174528393	2818.982532912567
0.7847599703514611	2.7927820094434868	5.619235737672955	8.371244460770717	11.368289428919386	14.220410145281775	16.8955534905386	19.846286325368993	22.464300531764522	25.529359991298236	28.3586338540011	56.53535674235788	84.53209867329352	112.32052001704136	142.0698618634201	169.2626841122756	198.52223372656152	227.8568686427007	251.13495188543058	282.78539927974003	569.4379289381417	848.6659415176566	1122.6144329944518	1416.573793925761	1692.788407681856	1959.751257953373	2263.313889027575	2538.434532004169	2831.7666020960746
1.2742749857031335	2.630692840757794	5.338966597695051	8.11346445873967	10.335208177008688	13.313574048642737	15.523829175426746	18.5568899109225	20.759939390985572	23.940521729209237	26.426165541416935	51.73994223038374	79.5856768310235	103.60159115287347	133.45079578319405	154.47295163413855	186.28011522936407	214.277779537922	239.16729092627048	266.6277731747849	539.7637100282805	810.1757704742162	1075.3282106316553	1305.6769294502885	1602.1389164272077	1861.4291872840643	2151.527460968105	2346.24056836188	2624.509419285865
2.06913808111479	2.6711828824641093	5.326462768715661	7.918937286479446	10.722193228449441	13.493454835297664	15.827759568811189	18.695656635473277	21.339066312842625	24.129686202641945	26.374198576479937	52.327953766777235	79.81322735883549	105.2276510923225	133.21801036467392	159.34628056338275	186.47910358391638	215.53477035394752	238.7811734089228	254.38074634596995	533.868026689716	800.8819800195249	1068.3426973274682	1318.474137995109	1596.1551404839404	1865.9055673291125	2142.6882384285173	2390.596530931508	2699.6133614447385
3.359818286283781	3.6301405832381524	7.310109434896135	11.232935451804579	14.035543388949558	17.841189209469356	21.361735258382595	24.724040840403337	29.090704862795093	32.550642637582186	37.73053052732641	70.56106194741727	103.79011307863378	143.81574781183218	179.75753387777667	216.49172148903682	252.48960748262488	287.3964894350858	320.5333031661484	369.17494767306493	741.3354790215958	1059.9097807457017	1434.2116672971765	1756.4848958772384	2150.077701481877	2582.8187402001477	2899.961614455049	3160.5027176246995	3587.0814615144077
5.455594781168514	5.188122471236105	10.316627108177133	15.25642565583426	20.615017985188715	24.396510225619625	30.64988652566896	35.63330066314752	39.03343234407112	45.70436619546965	48.635392066755536	97.09962715822027	146.46996271016187	194.79539827639564	258.39382886860676	310.89284090242313	356.6752836829148	399.91071012655317	446.749825272106	480.98306900831244	996.9841066404048	1455.755545350959	2057.275521325502	2400.348579623375	2924.977590951318	3618.5068948078338	3944.6509072835615	4616.127901768479	4992.976916082441
8.858667904100823	6.777773606579851	14.181062331012182	20.51424630796711	28.48453340397287	35.39035937584269	40.20718917849918	49.61757822485989	56.40079614304394	60.410431430008146	68.0072539340746	141.24596823548234	201.57695120626715	285.160561145885	338.93243041418805	419.8266326399234	472.1134996412622	572.0595098768072	614.7811847706558	712.3107313989697	1365.2978124547562	2014.9811206606375	2873.682367254376	3551.2645426525455	4114.235498001357	4747.655393611	5582.5473795457365	6397.437313576627	6919.250859811694
14.38449888287663	9.366245327757204	19.519530196014124	28.0033527728528	37.80265323803795	49.08867515840308	59.23529102725494	66.56814166810356	75.97958576631785	87.06019228239886	93.63142262464751	194.28841023360025	282.1893134075633	373.26697323839426	495.73503308222405	579.267352867957	680.6199547376254	768.148233566121	872.6368460985674	989.7295236402492	1918.3202940434608	2843.211500435641	3894.982042622757	4874.34589301248	5970.218780084754	6594.59863288294	7752.9568551280845	8729.574315800653	9725.283260764594
23.357214690901213	13.15503015181379	26.204100478610748	38.85126572407953	51.688240266019385	64.6645285014395	79.27353047666668	91.68917116818496	104.10687082985442	116.24032336988112	136.94272748324278	262.6497916105515	393.71202669265847	544.3089884580543	679.4326618341248	785.6886962659628	924.340574826443	1048.7986145601983	1186.5311838446853	1279.9240589767346	2591.724281132102	4004.562957225061	5529.458755632687	6479.839856139564	8123.476278418861	9499.610963712039	10425.8781589883	12022.85005493035	13638.772314159742
37.92690190732246	18.522644065866523	37.21577237850931	54.797389350306254	73.79438134130037	90.07258451795434	107.89806097410417	127.60042810018584	142.94056164845568	163.0666686498228	182.42483362639578	368.63575044294623	540.0939036493327	753.7975031205001	933.382542961036	1129.2764794872196	1263.6216478373995	1471.056896085212	1686.0403418028927	1825.0633292067903	3565.1253942224075	5376.745216103267	7245.947293992453	9239.540216402012	10774.379370288296	12973.677018805407	14514.914646914363	16235.522442241356	17889.97658060507
61.584821106602604	25.235067493019823	50.08698756468534	77.8263131528989	104.63404353992715	124.60990157722182	154.9017257729052	182.07799038964941	200.02039096595024	232.69327346923944	258.4034182391926	498.6829882912655	779.0450951057178	1019.3914718919685	1237.5801830746325	1504.4091453037108	1750.7583662259462	1994.0941231671302	2246.3531529985903	2524.302081921032	4934.192106846778	7687.006127800387	10110.13191756132	12950.388148749456	14975.720353357952	18147.966784899218	20148.151403288994	22768.803689662564	26032.055423294907
100.0	34.896970593851044	71.98139145794161	102.66264163278854	139.50161001814388	174.04260863753092	205.1352809888665	249.75506378893525	274.7198626581606	321.42742066997994	346.16158297392076	719.8377568348117	1024.5826577874575	1372.0799491800533	1763.846337352567	2075.5715984814524	2395.3967893510894	2839.1682136955287	3213.740513193633	3469.98303264038	7031.796760610318	10586.228082194903	14390.53733147354	17587.600053974762	20922.914887436906	24365.75719914723	27971.873617169644	31167.567979499177	35603.95943001991
