	1	2	3	4	5	6	7	8	9	10	20	30	40	50	60	70	80	90	100	200	300	400	500	600	700	800	900	1000
0.01	0.3253306734199734	0.7112505640442395	1.0311373912687984	1.327357360470156	1.7221036566672057	2.0264729990612134	2.507164609292886	2.710833771903282	3.1044645296196185	3.2443237044104665	6.906576338829611	9.88518282572304	13.28670541729527	17.596076356350274	20.150649192128487	23.15893231002648	27.025747878180574	29.525510863134347	34.774522183629	65.37644368349557	98.42101202046334	135.61390730781608	172.64294437327152	197.488023639633	229.25459710185282	265.43349947334434	305.4561915859241	355.99934477593206
0.016237767391887217	0.4505917575591795	0.9035072570741821	1.2832256408651825	1.7357818961998475	2.2664846751379857	2.7391604706545425	3.0506017953999516	3.485753942589138	4.190325929424698	4.401462803999563	9.083249849827977	14.494495670026366	18.172878803689432	21.611342392144888	26.41469342751077	32.02078792754976	37.01248889148499	43.208673648131835	43.39748289447158	92.03966697303888	130.06344067281418	178.71603989426873	228.67669620775285	277.98334844801855	316.8188127327121	365.65175852774075	396.4246336065826	434.25516960775724
0.026366508987303583	0.6508979354944195	1.2356804820540357	1.9395279487458366	2.396800194160887	3.172450390229843	3.811471942485209	4.188126437378681	5.067567322262715	5.283659479208102	6.544876167009878	13.07355356395039	18.31963803027029	24.376103236659233	31.946989529563666	38.58619058025987	45.436134556056885	47.93614701449343	58.11556615988564	60.67762265025368	122.43556693254283	191.65745808423404	257.95556007476176	317.72530852903174	388.4321090868814	425.5418860183616	513.3171641326232	585.1953119742856	642.4579947219511
0.04281332398719394	1.3818569117580006	2.6134922060653825	3.883436137207407	5.192812603559357	6.491754286185836	7.878351350847435	9.128307499975842	11.009019598586987	11.846076998991514	12.933614774827637	25.837760041506364	39.288189081366255	52.136289026819355	65.13303258926373	83.12943290785823	96.36276840033979	109.95895581807241	124.02424381065784	128.90085035147595	260.8933826842578	392.2170003541783	523.8499383579662	655.5741996517496	842.0358250289224	976.5915027750473	1106.7861019571278	1242.829728018454	1311.7038553065663
0.06951927961775606	1.4051307849990087	2.7805780004527256	4.3795800365729605	5.547305559350766	7.415377113606496	8.909269980822163	10.373102104611316	11.205950941204929	12.682375462815992	13.886970418031442	30.105031130473492	42.475101802596356	58.52802582795208	74.4061827295815	88.46128561605803	102.65410357270599	117.25172073089236	132.96922138991079	138.89980644034353	299.7639710714193	438.9443375950679	595.2486095622179	741.1643975777795	833.8852288989764	1017.4116015980899	1108.1870027987175	1304.2022385678376	1406.3244686378073
0.11288378916846889	1.964194844171382	3.9396395554828083	5.923227113007082	7.853936059618237	9.887700946356592	11.9447127590369	13.096436070931329	14.95465857979249	16.64045734891458	19.80239452913979	39.337427204374755	59.315317604344706	73.30701878520235	94.72934019417939	110.10134243716503	136.00884963392284	158.43367371093177	168.50188210345664	186.616599866017	392.4718953519482	549.2066199044073	795.8444552587	929.0092137020453	1193.4132538407753	1383.6759907619448	1503.3652875127088	1669.6543468466302	1854.4708537289189
0.18329807108324356	2.749104481326081	5.472580266321673	8.207676352104919	10.854029031015926	13.648438847968016	16.632169373832816	19.36534679864723	22.995311215162843	24.716120118120145	27.646572785886125	57.07069101106355	82.65649668162027	108.91514462255012	136.7527394758529	165.0487570718222	199.31111135391117	219.4902299155534	248.49159209338177	276.9000699856045	549.2215207328225	863.8861149643009	1103.5978479442406	1380.9843186149585	1645.1388353447087	1905.4629005107688	2165.4936992796847	2460.365264446134	2852.4348654155765
0.29763514416313175	3.568323442499306	6.620571870714656	10.079203702683467	13.493437388260372	18.284234721635404	19.971995105482517	22.60877961513798	27.097474520894963	32.55336484067273	33.26285119270578	73.80498965906497	110.39930446927441	135.26698763551173	170.7538860622321	201.38874016209095	255.07526391416724	259.3826554190099	316.7288787017679	349.60097210639515	692.1435819652643	1062.680030569889	1466.5807960630223	1688.2775655392038	2021.2960770568984	2552.450230646665	2707.6490601095506	3143.0939747600787	3381.8637213864477
0.4832930238571752	3.2438280452102224	6.11709751156837	9.120358966225554	12.369284055722872	14.670696291966138	18.475060491960654	21.597965775024633	24.459312424899174	26.291243735135566	30.712800598364964	61.970720149683295	91.99553285367344	122.12373281129604	155.11887939505962	181.46201517675905	215.45352966538576	245.9741724956159	264.100231194518	320.92504039886546	616.173193640822	922.7611413479461	1248.726901071904	1463.040032755059	1838.6905429944986	2036.4069259306048	2477.395350406511	2915.717169488885	3098.4786174289065
0.7847599703514611	2.960369565169796	5.926194431071211	9.009660673505872	11.955956967830636	14.438529246167137	17.816049721909845	21.111089600858314	24.212418276924915	26.650167655750067	29.768559308177725	59.82635769473226	89.54726172271135	119.89713521214226	148.27699645503597	188.43399108242093	213.71997983894397	239.07240763772865	266.16942459792097	300.19042854348265	580.1559525123433	891.4530711678824	1202.5318470243055	1510.9877354226785	1838.7671511084386	2189.364614674343	2413.553206094907	2673.26753982832	2948.5984225308166
1.2742749857031335	3.1990405709886227	6.55929128772392	9.315258124890047	12.30705338609074	15.936079859972613	19.21118306118985	21.29026282213327	26.160335118186715	27.87509660047309	30.7753260693785	61.33646451072443	99.49855892184706	117.37048064473987	156.47057037110613	194.53521861786263	220.22003254629996	247.4575609137924	291.4210447440141	312.5315457880202	622.7949732296653	920.2307141478682	1320.5434568870958	1510.4781878483116	1960.5473604106855	2249.8976733494155	2525.9630208200065	2777.4758285327816	3332.0483892875345
2.06913808111479	3.5887704580179633	6.757159006524908	10.751258355728627	14.136881516618331	17.52021884493521	20.826563593780207	24.315016730473552	28.72287837048593	32.24838734935624	34.22932557328144	70.08551107483409	105.6100317763977	143.17014807489687	180.4676217185868	215.19252897530416	242.37492915305305	280.7043552335521	320.4898738062516	352.85312164679306	741.0893477342515	1067.4689588129436	1408.259537741506	1770.9251325862788	2083.26251276288	2515.6993711633295	2786.9023374175767	3087.6766449716642	3736.0178087390814
3.359818286283781	2.847538627593727	5.955297918122627	8.84699428829265	11.773513221156819	14.064009759347952	17.036418991941336	19.022447129581895	22.86067110454852	25.874057950213075	25.632054560330484	56.30562825005682	87.9715621431265	118.54980170614628	144.18531712093102	186.0009059338537	176.93514563456398	255.92978093426476	269.137653476192	290.9298357125908	563.9584096106705	878.8645290276042	1137.9298612816358	1445.0103123587282	1746.0695263549046	2020.8291818027153	2273.037611328477	2497.4049956884464	2906.803090936274
5.455594781168514	1.6431556960712008	4.243657695092857	6.598860295818868	8.447673569524103	10.725603214765375	12.899344184809706	15.197127483513887	16.774994753751205	19.236805331440706	21.411684101993085	43.600233623976905	66.05176673892097	61.56351809847115	106.13568847155683	128.73920024788328	138.14891439047477	176.95556371799847	192.494638481647	212.86142912752015	437.6873494279975	680.8759253570415	888.9115431617056	1079.906383623787	989.3175162915128	1060.3153976512845	1679.1031565307665	1949.0614421534797	2690.0714297815157
8.858667904100823	2.1776669151909633	2.839613950977749	6.15513079691655	5.766372088404555	10.887210820694541	12.798437598113324	10.410602162950639	17.465833403697427	13.118866585814654	13.177735514868198	29.78104856238079	41.141309896450196	52.954903925909164	112.197822162828	83.02421355288058	94.58188308924612	179.56639706535236	125.99750622585938	138.52291790975642	273.6157209995044	452.0148325183761	566.4787204944059	715.2506527334957	804.1124638840685	968.0197823593966	1126.2719395256381	1229.2763438532938	1367.718161218194
14.38449888287663	1.039647975220217	3.9109579663647764	3.0806462544413526	4.240667359586713	4.990615823785236	9.864396602637202	9.150359841594849	8.52585089364246	9.698466904185068	10.782019960026435	40.23581791398345	30.513988446093844	42.73138462244712	50.54498259110592	59.585806777139446	104.21148412216662	80.75852219843411	182.99012793409355	101.58922795791977	388.68547688821	299.0783211578763	575.1602884624191	528.6888926091077	1193.1899076638363	707.495545646514	1162.1915640765208	895.5693023651636	1068.2846155611703
23.357214690901213	1.2010965856629192	1.7163321616896616	2.4876713640315358	4.518171046258832	8.123481170341389	6.487319576396093	5.933593848297689	9.861222084752919	9.870948028514851	15.581312274460112	22.782471645529807	34.23031468967096	45.860094268115134	57.65268890405299	66.02131730361343	88.10699154939243	96.06557072077584	107.93188931205836	125.45002114989857	236.83254282656696	258.4132203594016	341.19591032411984	383.0951595351704	464.8066173947948	786.9318593102386	989.7135255660605	776.5326633565963	812.4997405039713
37.92690190732246	0.9896658868998381	1.8423729768798272	3.0665921366729547	3.924154606672386	3.561206218119348	6.186954576319874	6.978178328679918	7.786705602288566	8.536306931421084	9.893097545392393	20.605155712509497	30.432881481369215	39.028785102907456	46.561186155039024	56.14181255496037	70.80947238853605	79.3583588835302	66.12514148195088	95.33171069481975	190.9344788543833	295.73882269479526	285.81165043971765	337.6544956085859	588.0721260121445	704.1243232922736	765.2210145400412	884.7490992838752	928.6394061659953
61.584821106602604	0.8899615867330327	1.7696210277669309	2.6014273238844536	3.5813440777052343	4.496014341648264	5.446068060185954	6.292893329691953	7.018205946283963	8.712408691156003	9.228874336925765	17.61955294035674	28.42480942000817	36.64024782200197	45.56265417797426	56.613051521013965	64.19468088999945	73.63511034254064	80.17074452120953	89.25411441824536	181.89130740374281	273.2202748806284	365.53990600494916	482.3218246695869	562.9537106470655	640.0180454570047	684.9060468109949	818.6433046065137	863.3711612064751
100.0	0.6980572992690348	1.4216320891385172	1.937998380003672	3.010290917681767	3.220459246120316	4.357185739538286	5.0815775548593285	5.837779116434462	6.608354550124023	7.136233127874596	14.318833146805483	21.162475001856173	28.01335709358804	35.58175489397151	43.18573156311364	54.48090929121534	58.133076885002474	62.67775234310554	78.33868181127627	146.26199452431595	222.52052174254425	291.0827342866344	362.5171632900747	431.08628772714377	466.82495331215586	528.1898124196363	653.6719320727368	638.7541777799124
