	1	2	3	4	5	6	7	8	9	10	20	30	40	50	60	70	80	90	100	200	300	400	500	600	700	800	900	1000
0.01	12.16449598955804	23.943449333465313	37.64905961449067	49.64206030351626	60.46652174507651	75.57071943859997	85.46593893016443	95.35887554477576	109.83934890708862	123.54449998294993	246.15515792101584	373.5301035767589	491.8153443413815	622.0391421671392	741.034848216984	886.8175396720759	968.1557506189059	1096.0324267332035	1269.7711373431841	2537.6687121814593	3816.1764111475027	4913.946780405462	6182.216339753759	7550.455016126372	8854.08402901518	9784.572855723723	10867.913233058545	12416.849640571834
0.016237767391887217	10.689622726045403	20.996006277147373	32.29531145318161	42.44008870211181	53.140893722953564	63.46360635664467	75.07144733675263	85.17585072596655	97.80684395855832	105.72462441313915	209.83711949043087	315.60852912144077	423.88932567135356	536.5990809276859	635.9462794866594	746.5418830067574	863.2476918537243	973.6679742557462	1050.9174464439423	2154.08223912859	3148.332551511186	4220.143355283774	5271.217663294025	6351.110167954206	7449.751705023029	8434.748384866567	9455.98482731018	10817.472209117126
0.026366508987303583	9.20447711443997	18.42490862272159	27.54862377060058	35.672427745689106	46.967855458549415	54.32692243880183	63.64735759746368	71.8864670682018	82.82592104384267	91.36170215434568	180.29789233336794	273.7794053912671	364.1735345538117	442.07519187670204	556.4425340677958	632.5289082372561	720.5923553556671	811.0725092669982	921.1564084423175	1791.4108339394384	2770.6439985239717	3666.2376140190927	4599.429935807384	5444.923193073755	6289.576129115136	7266.747046925003	8210.762416364409	8946.34263940921
0.04281332398719394	7.976645595524292	15.678189213902249	23.56737777310948	32.096093897560316	39.893730301687334	48.32263390637266	54.51283441723367	62.61387750514894	70.72053366605397	79.39508416662147	155.33812247066572	235.66682467601	306.989826778374	394.4109169020992	478.17688646192215	550.3811846404129	613.2191240927082	708.614399109156	765.680911602068	1579.5925394642993	2306.725204467102	3119.8942035242976	3927.1142358150055	4732.8023741854095	5326.517282693914	6400.188827371207	7146.580824520634	7890.4821900120505
0.06951927961775606	6.9408738136951165	13.798827193283966	19.993374436522554	28.264635494679823	34.21684572109362	41.29051394058599	48.15259045721598	54.39788329734866	61.84083394926888	68.91777383227098	138.72041396701195	208.33889872456294	269.1060560167826	339.7203048502235	406.7098179646185	476.2287250212295	544.6944607636492	610.6902859339882	677.7770811591522	1347.145640662655	2059.9746018814176	2738.2272837373257	3350.724312348383	4160.694169817752	4786.924935460438	5541.644789070555	6203.5409934848985	6933.704435674737
0.11288378916846889	5.919769443413922	12.073033448967575	17.609843859158968	23.622411228758736	29.943594190628417	35.33068599531523	42.50276984963465	47.26246037707084	53.75454070894935	61.095620913891395	118.68436031715046	176.16918627827008	242.68696632340234	302.23165067284003	364.00900755974845	422.80971187431663	484.10575071024164	545.8947853118016	604.7283720360751	1185.3362887864896	1752.974104925664	2390.1566983598755	2961.3254729932214	3570.156179033815	4193.6938054559905	4913.442410216514	5385.541663003101	5982.517792336769
0.18329807108324356	5.294246242081775	10.675440214258428	16.021953637732363	21.08931667711131	26.957428349448175	31.8688380806629	36.95958199984677	42.24553233835952	48.59463691937437	53.68370577052564	106.6616358160095	156.3863751645536	215.77365362185233	268.2705048110936	319.33929906283015	375.82508491421555	426.5048983844315	471.8417739216148	530.2210757671858	1053.5786994004143	1584.3328020424228	2142.6145263088147	2663.6921276604958	3247.1760857571753	3727.9461449797545	4317.023259580627	4873.683060190649	5321.855866944532
0.29763514416313175	4.893744745605951	9.692641198515052	14.303632444124396	19.147353416584167	24.01904063418648	28.674083727740676	33.37318629540115	38.68296575672802	43.842603628989735	47.44588452701028	98.11782534883721	143.1342602826155	190.01644986046506	239.24248087110252	287.0211837088597	338.091624887395	388.0830743911419	429.08807575054925	489.17645886056647	956.1359305362588	1456.0293411779442	1939.4829901608343	2414.8258498786436	2932.101271393305	3300.216730734355	3827.5609621906233	4249.957095503646	4856.42162086432
0.4832930238571752	4.476368802821937	9.076860286504845	13.416073732961582	17.990514445559917	22.205489740544998	26.712034689221884	30.75802764749748	35.92520088001817	39.87851215691899	44.871973439401906	89.41282157901951	135.1503614002809	177.97161184891792	224.51683058030912	264.23665962660624	308.91144008063554	355.5656288378324	404.3452131247725	444.1999759861922	890.9471265848025	1320.8824520694313	1794.927551737309	2231.084052053913	2672.2597214424704	3076.773359031644	3517.0381335958923	3999.1255598661196	4422.1352031989145
0.7847599703514611	4.266930684146607	8.372646568266072	12.901054497079857	16.921726549309902	21.048788719053814	25.564036605257964	30.231246156891824	35.05025647737018	38.71583980742695	42.63502509802676	84.9224582838627	130.42374324244938	169.23531703807635	217.82490837582313	259.1892284547812	294.47252345361267	347.44783827217304	387.0674773517145	430.9148726230069	860.0100556682639	1282.5717892588236	1702.0035517017925	2165.0016314740355	2600.1098030043713	2993.4145966780216	3475.3098875533824	3816.364986603739	4380.339823171035
1.2742749857031335	4.3893757664663084	9.005609388529031	13.292980368786694	17.897246065903534	22.278638648914413	27.270025247408217	31.367561501516	35.91121663701012	40.245912780956736	45.579870169152734	89.76551204915319	133.25183053369778	179.3967228129827	225.6305450224367	271.89642415693993	311.3035911757166	357.61827956963936	403.0377118150667	444.21695812907205	903.8219135241835	1369.1278606587014	1834.2501631871417	2238.9021049146713	2714.679379098427	3160.9605231221262	3616.5623808410196	4029.3072387797743	4540.660093381071
2.06913808111479	5.093663527827651	10.210257558438665	15.364003358543684	20.187681973592287	25.61328791267874	30.617286504421894	36.05430585909453	41.30069995634156	45.6375258937782	51.509504801675114	103.42895919402862	152.9836859931132	202.9020201367626	259.50100734537517	303.9213835309503	353.53914343635466	418.0469606160334	464.4686780089808	521.5823396939837	1013.3846987887052	1514.028253436177	2086.356165265537	2569.580302673171	3046.1846464519817	3521.8108497039725	4090.944895819223	4635.192506247484	5153.96053560307
3.359818286283781	6.1913836722524955	12.540648545166645	18.541442227302067	25.11432472556638	30.333860084093963	38.56333710255895	44.00750675513666	49.6597165958181	55.69063803251061	62.44040187132911	123.99563401366463	188.63586920544137	244.72274930034075	309.9883884881484	380.75595915578094	441.6299563573039	497.29085350200836	561.5036454272125	624.5029657302762	1284.1670159709577	1909.7019637978954	2477.431359008461	3133.9259135760244	3794.167434232221	4448.915906957729	5023.055275671404	5662.922495925252	6166.102277163407
5.455594781168514	8.229103099095646	16.37720196697305	24.092128430530185	32.7699773345414	41.08697990917849	48.81159299362702	55.298128283799635	65.03817345113016	73.07204514239257	79.12196054432498	164.87764188460713	244.9095297296035	323.993456730609	404.19054490207037	474.8870750177183	559.0789363994256	632.1751599319417	719.0822320484741	788.1941494216142	1628.316270348371	2387.108802726491	3250.2442626275665	3967.237518443259	4834.72627170577	5694.496912644007	6411.784336733502	7372.377334629856	8123.5947144405545
8.858667904100823	10.396250641907896	21.34534115216375	32.07196740285252	43.25814528799068	53.214669872303396	64.03619596991787	75.44233009195615	85.25857208696468	97.36660851702199	106.44627028560299	211.61201025234578	327.3791387346826	428.7093709674488	533.5869723640092	645.7999997912383	765.3183913810848	864.0733786258904	954.7260367420106	1064.2359189620875	2124.72872745079	3190.709831531345	4326.706529081156	5256.763573251308	6349.000200613217	7456.842396097537	8226.36508758066	9477.765157736325	10629.60797586029
14.38449888287663	14.634287910386547	28.231999124099687	44.241667526175604	56.27747926608268	73.05878328279032	84.78089467888276	99.41415051492281	116.92759550119925	128.47422562330024	148.33374777396432	284.90596362294895	444.1100321276676	576.4053462527079	716.5517550916051	876.44131985543	1015.8875814430094	1133.2513531940194	1294.014311220308	1417.901448518336	2840.6174180336475	4383.0314859283735	5738.871236412682	7292.307177001486	8519.984514512507	10062.264843218105	11681.605575170497	12580.79557384983	14468.00044520943
23.357214690901213	19.618811330289795	38.282416996872996	58.64715041557683	76.80052725917793	97.47144199859943	116.92843136617125	137.35864886927217	155.251306165153	173.95698219427544	200.64405441392967	379.92728835371014	590.7224425676327	771.3854662179554	964.7392855637944	1199.2268096921068	1398.2045893521395	1584.5023203109918	1777.9410036755241	1953.9100242738232	3998.7721885871265	5894.684403471407	7936.353715564037	9893.752757145427	12028.681460507707	13948.62994290329	15665.97449831498	18101.807641906384	19548.22569984946
37.92690190732246	26.866985830839077	53.09157989691971	79.93383603207813	106.20200047891895	132.76876446953932	157.10800084544488	183.74267656035687	220.35971223032232	243.74335249161066	262.4243436294292	529.4951328759537	809.7982270782221	1067.831030930446	1325.469923822027	1597.4156380694828	1899.7996697835197	2163.3871323034195	2444.195198279567	2672.79273396366	5402.19620475412	8002.83858575811	10827.45692878458	13606.376759784513	16362.404757768281	18738.92317208851	20986.139947143325	23855.18154608947	26377.068023512777
61.584821106602604	36.9827532183732	75.41317966891383	108.71322836274058	145.5775292242334	188.70515954927077	222.3822248524255	257.5410726966533	295.00590571281634	333.4322619937523	361.8720111403281	748.5323798568634	1114.246295579279	1483.9020671641636	1884.539534440576	2156.6860248150506	2514.8252484421573	2951.4093150744447	3319.224358025823	3663.89101380351	7268.438237479183	11182.584814790393	14759.818584647921	18506.15119630985	21705.487674740536	25695.733027105223	28520.467830851067	33368.78717838807	36195.17816365952
100.0	51.35847418959062	102.64033707629834	151.58708906502332	202.69070532837287	248.10790940002838	307.52721801669105	352.0015690498892	412.27140265989084	454.04093838945244	513.6914710176452	1004.9194857628966	1535.3495012008857	2003.4163249335593	2522.6649229930536	3065.2059992245586	3534.508776868665	4083.7700841076967	4630.170205183552	4980.254236556329	9966.22350095917	15204.325124911113	20389.33457421142	25093.01461505819	30247.97890278126	35799.23717388912	40237.801687572064	45432.62737124519	51023.67006162893
