	1	2	3	4	5	6	7	8	9	10	20	30	40	50	60	70	80	90	100	200	300	400	500	600	700	800	900	1000
0.01	10.150653510814074	19.880261725892026	28.83861746893566	38.78065342178598	49.00432461497112	62.14397874821536	69.20671015523749	75.32045242530963	89.27252208426609	105.54272573474039	205.22286920615585	267.43573980829694	369.2907452661574	501.25120669817926	585.0799010453181	675.4598066017907	818.8651635030959	854.3568750073289	1026.4278578970716	2032.7418466376744	2845.5978366983836	4036.4717866425517	4690.407816718063	6007.2562589512145	6981.556484459525	7469.710869823166	8458.4756975743	10069.763701792484
0.016237767391887217	8.660432413557327	16.975420197319046	24.305925257171157	33.99737150783738	43.402222937736404	53.0923348575224	58.5680511455799	70.79724173275885	81.6397061878775	85.68312927847268	166.03409907965604	270.7301644791255	356.89937482647747	402.7770117229553	531.1592935881515	627.0813560993595	621.534653336046	772.9780369189073	875.2187717508815	1762.5337052862583	2508.311306631477	3311.924466922797	4508.300794652651	5458.576179487478	5904.900689474009	6454.442010334955	7429.416247560415	8644.849484448197
0.026366508987303583	7.222827426961318	14.997718133372542	21.99462734963908	30.322331462760918	37.4746368207787	40.689246986049845	47.277018897797944	58.31952270441286	69.52728741951955	72.43352536246965	145.16972134950487	206.5635655469257	297.60551131245336	346.1830904610016	429.68388537250297	515.4291781732275	583.5113622688423	635.9340313383458	697.1919484654258	1389.4996264065076	2047.7604952481101	2941.5864872676707	3770.101403218761	4159.332382460586	4680.037947001931	6013.14533498124	6763.145701985084	7310.290625001501
0.04281332398719394	5.8915397857888845	12.89925618853437	19.78908521493714	26.771463548030027	28.447561353032018	38.91558458099959	42.741466829983764	44.858999156663316	58.20841285280015	65.6348691412318	120.69815193171031	194.97248822523028	257.459666970204	329.6919087596485	398.26837506299705	459.3025495827037	495.84526195332285	595.3193316723971	566.5744278197091	1290.7588900421647	1837.2335769827444	2727.0950925113602	3226.0481222675453	3741.8110705845197	4464.539532638095	4513.822236237957	5798.9586481598935	6679.809609258308
0.06951927961775606	5.0219016646429555	11.140009305638792	15.272050271513217	22.941239101530726	26.084804716124705	31.077626515926042	38.18541530019317	42.89056813467569	45.45339483124205	54.72757141387507	113.26924694087336	155.14128419495637	200.43306529469334	277.8853750382484	337.36342500876515	365.92226794459197	415.10806745077014	456.9121622623135	504.4123135619525	1129.507603267459	1555.8875318882176	2176.418052647268	2493.3188379823096	3070.827964303606	3836.337954048112	4157.43032167964	4694.7098677232825	5143.829368691755
0.11288378916846889	4.467081376175554	9.943618434841365	13.742113252597136	19.115552337367586	23.13847095535548	26.79680033389925	33.231111487918454	36.89941257647252	41.511743978999306	45.71805503132835	83.84217295271108	134.38111372796672	189.4137719218407	228.97614414916885	289.71104036261704	307.8878097663463	379.1212653651254	432.2357880313566	493.4724346406184	906.042994817919	1375.720583633812	1789.2038835304743	2245.845304606827	2622.5343705683135	3077.4261336234467	3635.412030937872	4378.6549378722175	4461.760247578246
0.18329807108324356	3.895559250366529	8.046730835296202	12.282505909280777	15.324168050238201	20.015123799245508	23.515295652964305	28.027385110850595	32.010078469875154	36.551763296712224	40.44289801156161	79.60901976411354	120.97851522795071	155.69170001144946	215.7515072404948	228.1339981086515	297.0994353110075	313.9166332814692	345.5375643085632	407.7090971009311	832.100658484291	1141.7909202448357	1519.0726638143271	1899.9405123694935	2570.0671176763835	2863.4087762982163	3189.4872401103903	3584.9538350587954	4268.399869527193
0.29763514416313175	3.5309061474590324	7.313772353288088	11.220347814140375	13.805577195872193	17.316655108055695	20.814202748848416	24.432838099930752	27.79909311748549	31.27466102703315	33.714568338852914	69.52726390547195	104.2865129949324	134.89165847173314	189.4943241330833	225.1062838396931	239.92638908957784	296.1228011632596	311.43875479279313	377.3611534656184	687.0899539565405	1031.8825779591377	1406.9072624593746	1748.657937302442	2078.581443891852	2574.8376040821818	2894.8515071001	3124.9234661890855	3387.6467319860744
0.4832930238571752	3.17716804968213	6.518721862254468	9.129671255219623	13.129547873617142	16.343055171686384	19.048420820953854	20.818787018684535	25.805324715534507	29.860912346833672	32.363560498774035	64.68726118993364	99.85297817203866	131.64847240941978	158.12029863020203	183.1967524931805	224.89142000763252	263.90656985307714	290.8545187928778	324.3021862427519	628.5419004262197	973.6537544751274	1297.2966887218402	1748.0234497208999	1851.425675702806	2299.5338065650576	2583.9078404991596	2899.705400774691	3224.567670696128
0.7847599703514611	3.006406358203898	5.859857896580987	9.34887163727853	12.594531330019562	15.70033576929672	18.574412288111724	21.74451990282543	27.032518140273424	26.458642794748087	30.77175508006695	63.65031114960435	99.3237670683043	125.95467444988691	156.99628316332817	188.40940381075188	208.04371446431006	257.0038950129748	286.4810644972073	311.27401171320696	637.2343988360143	951.5701871708966	1321.1556623275555	1624.321927286077	1877.868363587965	2217.8154937226427	2522.3992851322278	2825.262969060749	3426.383221931003
1.2742749857031335	3.2170540444813964	7.141077017941635	10.613884915340858	13.018141003768115	16.369881094658858	19.434444229780844	22.766368692431058	25.785500108050787	31.715193690903988	32.100927158137324	65.36468997887343	96.60230624084801	132.2716292226383	160.0517033534299	211.82762423275102	220.34108816694948	261.6430254406193	316.92380786356875	343.4225637546789	645.1980548779964	1059.456693276429	1327.4839910060591	1618.9621240910344	2134.061815185597	2425.1365028628	2840.151810720272	2982.968488606936	3332.4692627030186
2.06913808111479	3.80077591675714	7.761081029256832	10.646107911624057	14.035670523011152	18.709012946687103	21.534914059247235	25.628348614891102	29.141642591711047	34.08138787974586	39.88672880024623	75.45947519900032	113.0516824438546	145.67808665495107	186.52305703326417	225.07810654143913	278.0923824751259	315.9865347178099	350.12924516164867	371.26643200885457	704.5576962473589	1081.1121079273325	1539.4088520171608	1927.455291215891	2330.178257397266	2421.0685928018465	3079.468061984506	3395.461416887032	3945.9011592828665
3.359818286283781	4.507295349580876	7.849308118236358	13.272827875877883	18.08126120819265	21.90879896872901	27.069527292303917	33.840986634586486	36.58513792230556	38.75715644616206	45.46505678629395	94.33838647204965	121.52738353992676	171.25147748839288	221.7309191452784	271.4153226394707	312.785216172671	374.19736376490937	397.5405176257011	457.1448757145233	868.9344082970186	1407.259269962873	1715.1277564309162	2287.80126395709	2705.994764763408	3014.5064787150186	3530.7335478272607	4143.9796407648555	4506.707325236957
5.455594781168514	5.401979100344266	10.999382278130684	16.539880918028206	23.867115748234042	26.325911024755058	35.18730879983162	37.98461801291981	44.7178277857457	50.36752653846216	52.67588589533019	122.48268978023555	167.36481971606145	220.61194103925234	294.77308105064793	315.9712492520604	419.181506217677	481.6797836615619	471.9097505587881	568.3004966382764	1218.6827699794262	1606.2718571441367	2219.428276934007	3072.6438393731505	3345.3696036931824	4137.531187066723	4444.415989985342	4797.85300636887	5456.283251507604
8.858667904100823	7.216905614328236	14.29665141337163	21.715901679761973	27.896908808684152	34.474510009042504	40.66160232768431	49.17695693863645	62.44868611937973	66.63005992308146	69.33400501407272	141.24714148092608	241.86183193020963	306.08386885939126	390.253424758267	466.0840805836303	502.2515823390705	565.1214554205862	703.5090662406666	689.2827797492163	1559.4381061574622	2375.41916549834	2675.181987935229	3800.5754595737267	4610.450454162688	5433.317632864465	6292.055855559696	6109.174937386948	6784.829599075676
14.38449888287663	10.488168835536275	19.36638661110247	29.20930859657509	36.30627715811241	52.696349506935974	58.0788267676949	70.19362867985475	83.10371620120674	82.22445402917913	101.31999952044981	202.61312036408864	302.34044412712745	378.7980445805463	442.4823491304713	600.6191695608027	701.0621984475174	822.5958933371529	857.7615818390354	987.2340314942762	2002.6329255536461	2803.6173820390804	4067.667005614333	4974.252351337214	6186.882062983036	7387.762541719348	8296.183702461572	8245.981702262772	9021.555823418856
23.357214690901213	11.545355903866916	26.398809026796485	42.9497199793362	48.10844746746882	69.49282549600561	77.33204754579073	84.50753385181525	96.16266512832058	119.52640531144569	148.38550583187896	269.46439935649704	365.0340008566068	534.5282529594443	676.7518313209187	761.5212316232981	961.4744013397567	973.6870592588034	1148.6656622458006	1239.6542387937995	2569.2529728039135	4177.736053733958	5563.018865578091	6986.062906356031	8614.85502895256	8346.1473662147	10799.036891264846	11252.5275841482	12251.869047737284
37.92690190732246	18.70369476149296	37.72587034823648	54.11527608029506	75.02110340056512	79.72306378587751	105.42797022464217	130.1725580859047	146.63377968733573	172.48198219350093	177.28431970203536	381.71572002774013	484.801948229279	768.5540306709688	911.2797913315528	1153.4292348971267	1346.6578018033376	1584.932768389273	1738.1201446882135	1925.8904617378453	3860.866074975405	5534.295825315861	7189.250600586089	8921.52755732763	11413.192540486332	13471.324398705887	14753.844978421832	16658.50910018041	17693.06252442346
61.584821106602604	25.515802391875646	51.21465188620436	79.73777005107594	90.02323953889581	133.3389129884241	156.6594193673124	171.003288038395	206.6716799277409	229.3787740423141	218.7968882693491	510.1528632097873	773.4636336853065	987.6337293382205	1156.444459057669	1487.4652698700902	1590.8991453039173	1767.7483260146314	1987.4310924082897	2582.964200631407	5267.550948861908	7596.297403029466	9858.413927793625	13080.860671554265	13765.044846590088	17402.48300204571	20106.38119081076	23087.609415564653	25922.769595967562
100.0	33.25522772408215	69.61966553107203	104.76979961273636	121.92477718605346	148.37529418637922	212.22093165466293	232.47090337910518	276.33164973868116	323.08546033086515	314.96937217862046	621.0538469854582	1065.9194117426127	1212.4344044529753	1669.8832327455652	2232.508270015261	2401.3906065770707	2772.7962776439767	3327.206100986557	3082.7526184590124	6917.43673956838	10296.734059349776	14756.904725478053	17497.885431440995	19121.695552687408	22146.47082052167	24137.810991158927	28168.46674223906	35111.93779790911
