	1	2	3	4	5	6	7	8	9	10	20	30	40	50	60	70	80	90	100	200	300	400	500	600	700	800	900	1000
0.01	-0.0014786312838678956	-0.003012755072432649	-0.0018304851978028641	-0.002595143934100985	-0.002689615058427436	-0.0015019179049414189	-0.0015742941883435113	-0.0020230257580926697	-0.0016497823172036408	-0.0018868516346329522	-0.00207817781175626	-0.00255293685108772	-0.0026937690611578136	-0.002087474107112672	-0.0015007941496269633	-0.0014167780618381393	-0.001630298048427764	-0.002714238530526575	-0.002108636344948525	-0.0022693595485216156	-0.002292818325140583	-0.0025739152169570456	-0.0020597672287160085	-0.00154949135645098	-0.0012194312456441092	-0.0017079120843306872	-0.0020109545580678373	-0.0023127012932408902
0.016237767391887217	-0.0017013023355225004	-0.0015220912209306103	-0.0019949506801347633	-0.0019828539702390346	-0.0019298557975604147	-0.0018893033638877343	-0.002452570428898987	-0.002273684057554029	-0.0016610534786571235	-0.0013843504532239925	-0.0027241488494749028	-0.0017778595924063112	-0.002413330968618385	-0.002357960267360376	-0.0017571718231198796	-0.0024408802437747568	-0.0015390869289143294	-0.002238699824445453	-0.0021828877981014544	-0.0009606945269065581	-0.0013158630704896424	-0.0027249856359479463	-0.0023563266478554834	-0.001770921900914102	-0.001837492362060461	-0.002106296812737357	-0.0024456297079105543	-0.0027779228506730202
0.026366508987303583	-0.0023525671573729756	-0.0026802458526314354	-0.0018513791189725542	-0.0020673238022046597	-0.0023846615955647327	-0.0018986643558717847	-0.0023860809995810417	-0.001570172336949907	-0.0024328969435677417	-0.0021612715102321545	-0.001930130803551658	-0.0014503639911311872	-0.0015927942767865744	-0.0021538031580088934	-0.0019654989192767897	-0.002127907740046814	-0.0023610564124445788	-0.0024802012191253164	-0.0023102430478276065	-0.0016668862369710324	-0.002374387122383345	-0.0019755289524703012	-0.0014705116411313224	-0.002842445973733315	-0.0018046246329326	-0.0025738969402810397	-0.0013241258736785416	-0.0028409138243694065
0.04281332398719394	-0.08105569405340332	-0.07877721035580385	-0.07521892825597908	-0.08940864924240922	-0.07087859990065351	-0.07581458471476674	-0.08715236551025579	-0.07854193379985988	-0.07533561368565195	-0.07469754731977402	-0.07995362738663199	-0.08145227461862355	-0.07746905746716937	-0.08243069228831928	-0.08080256854775558	-0.08391820434652689	-0.08549695924471187	-0.08011698620419612	-0.07867008126537275	-0.07930258282875688	-0.0739846862313543	-0.08522010033893468	-0.07979836448408476	-0.08390086257324468	-0.08682349403287601	-0.07887002690891802	-0.08105333784900393	-0.07506453807084199
0.06951927961775606	-0.06882826026107294	-0.07306388640934912	-0.06438803498079958	-0.06850862120905683	-0.06969808546738326	-0.06739790292560695	-0.06640212736309989	-0.0735032674998235	-0.06652227698432586	-0.07367944202259702	-0.07213683443776367	-0.07189660936243794	-0.06719808803341726	-0.07406558317179876	-0.07092312001966583	-0.06522558440764335	-0.07129076536635919	-0.07275978552942561	-0.06651244770465528	-0.07335715155528667	-0.0680051167267555	-0.06651439814315274	-0.07246063494390784	-0.07141057148702247	-0.0726630431662463	-0.07113025219839342	-0.06435554576906558	-0.06890031424265493
0.11288378916846889	-0.043399564505783896	-0.07297682052980238	-0.07585967666953827	-0.07317450507952242	-0.04298084144681158	-0.04221687014839518	-0.03550644180218982	-0.07448951332945074	-0.0738587910324784	-0.037603276193864145	-0.042700926451108547	-0.07231592277748138	-0.0598843140653014	-0.06419171148884283	-0.01643294556913008	-0.032748429820683045	-0.033492750355168216	-0.06857463259768562	-0.06727640405932139	-0.023087769252771284	-0.03318656943912817	-0.07366831040247168	-0.05537113765776652	-0.04592535494876158	-0.043679132462519636	-0.07058573838687579	-0.043605228842561634	-0.06722656339106703
0.18329807108324356	-0.06941468156796983	-0.06204437289513193	-0.07328326787987781	-0.07036020587576086	-0.06718696989999533	-0.07479439511738165	-0.07130301681799119	-0.06554902802560841	-0.06953809836590406	-0.06796406980423192	-0.06981212228395028	-0.06324830049271299	-0.06538686933363477	-0.07302245055773234	-0.07305363434985748	-0.06570680480915851	-0.07087005619387535	-0.06496142885965403	-0.0709623447627406	-0.06546407864915608	-0.07403115367609779	-0.0716835029859444	-0.07126125201316111	-0.07108643099228105	-0.07214133405206025	-0.07009285916120037	-0.06287009281505795	-0.05866008165380472
0.29763514416313175	-0.07206263872068491	-0.07365329824649341	-0.06471933901686348	-0.06604070685930677	-0.07264207775533851	-0.07066472731957366	-0.0713289133864165	-0.07014293461230961	-0.07224456711440774	-0.07091846782181618	-0.07118654274595076	-0.06378598200150701	-0.06233864977437514	-0.07300073442225188	-0.07192010042715585	-0.06392102799482698	-0.07180522207724088	-0.07248691384468825	-0.07148114100137687	-0.07112909171073437	-0.06495703312676783	-0.07111736388541015	-0.07137395223834236	-0.07382831066698706	-0.07085477532623022	-0.07280778292347936	-0.07138791442874862	-0.06835460120231947
0.4832930238571752	-0.07201029644223633	-0.071449685407972	-0.0723819669358165	-0.07174148581039938	-0.07169840962084068	-0.06218956193197748	-0.07217114567572014	-0.0723134215425878	-0.07218851318047487	-0.07216720970308901	-0.07207185204367161	-0.07176418985066182	-0.07206576311279589	-0.07141483152460282	-0.07238549125207752	-0.0718416054573153	-0.07183302041078993	-0.07201921665934963	-0.0723458734812733	-0.07230358597766876	-0.07278871504022633	-0.07208797997359553	-0.0709277184104472	-0.0717072786452444	-0.0701801439298218	-0.07089818450074156	-0.07223681754875827	-0.07163607573893471
0.7847599703514611	-0.07194968140172334	-0.07257658333529898	-0.06347264553177176	-0.05351747896393996	-0.06098574198680333	-0.07339145872119002	-0.07196593693234463	-0.06098682200588192	-0.05489215016384905	-0.07090684093087776	-0.07408921259404116	-0.06631530370320192	-0.06312372992549993	-0.07392344180570756	-0.0685758861789601	-0.06363143629277737	-0.06182601749438359	-0.07315070979662347	-0.06412340817541083	-0.07239271767537717	-0.07203971120385994	-0.06274578430338484	-0.0529228330115266	-0.07123140209838608	-0.0721109791974788	-0.06655671632599941	-0.06761787488688754	-0.07181507535453735
1.2742749857031335	-0.0793434603741694	-0.0763904952245073	-0.07738787422130856	-0.07550150609095294	-0.0661218453318883	-0.06803547045908266	-0.07994011340369556	-0.07634699102129144	-0.06916852757642435	-0.06776667058862032	-0.07659394584273069	-0.07549762928932979	-0.06707879143180023	-0.06946815471062778	-0.07037336253676568	-0.0676510486141618	-0.0770322285417983	-0.07912940145468002	-0.07002133830151058	-0.06799715667130973	-0.059298283885892665	-0.07929453256234038	-0.05611450010539633	-0.07623084351684264	-0.07579462550502505	-0.07783716835138207	-0.06459572970798848	-0.07723252624320748
2.06913808111479	-0.11615283367598694	-0.11726632224035347	-0.11861228186132317	-0.11711977483942722	-0.11765974404485394	-0.11851334141134932	-0.11521426242245092	-0.11403517833195931	-0.11627798657464401	-0.11462461320608933	-0.11803679831917872	-0.11563603700163304	-0.11830515726375683	-0.11375504322262439	-0.10905161603850909	-0.1124942596261316	-0.1176899859064264	-0.11659786423678628	-0.11614095954234946	-0.1180682467989522	-0.11445876037021636	-0.11486922704051516	-0.116114230708674	-0.11693051747685379	-0.11704375990511423	-0.11443994504401739	-0.11313260270303907	-0.11625523157197443
3.359818286283781	-0.16125574964372166	-0.1618287232109195	-0.16093637129712293	-0.16113208638048498	-0.1612480853276489	-0.1609450314403023	-0.16015875466392632	-0.1596549972711815	-0.15876091268493378	-0.15916655261938364	-0.15928819301798836	-0.15831884269494273	-0.16205898344154634	-0.1597007643588504	-0.1614866416279175	-0.16015006577647617	-0.16221184546068593	-0.15642925369963853	-0.15860344206183244	-0.15961989746564614	-0.157157840945624	-0.1611832885740355	-0.16100567483155576	-0.15901164506791643	-0.15746523597995613	-0.1632835275339638	-0.1616199467252045	-0.159604255607616
5.455594781168514	-0.19264843107223872	-0.19410963574721568	-0.19357726309482529	-0.18332656541264722	-0.1943910766702841	-0.19297993617749448	-0.18553616424367447	-0.19474937116902175	-0.1939617598182214	-0.19348509835256128	-0.1944690859660901	-0.19335836651082824	-0.19455798628915338	-0.19562875026421764	-0.19426195890197676	-0.19494075597614904	-0.19410748213722118	-0.18416153157142712	-0.19647884248335917	-0.18495925663517224	-0.19370918912713964	-0.19372698623533802	-0.1941004485396508	-0.19161552474654264	-0.19373492600710143	-0.18796566834392917	-0.1754109278463165	-0.1934505670110595
8.858667904100823	-0.19957455222692164	-0.20050511471523524	-0.19926098307932058	-0.19966454242039638	-0.2099389305262616	-0.2004212280998324	-0.2016126137880423	-0.20966102863610586	-0.2008804373389424	-0.21005013998558336	-0.20086451420380294	-0.20040938468118186	-0.21080702956386926	-0.21052976387558817	-0.19971263646081724	-0.2102993343372083	-0.20996995661148574	-0.20977049649453253	-0.2116264176068801	-0.20189009824630705	-0.21065403361023402	-0.2097925354892707	-0.19990012393147386	-0.20057995099956	-0.20081297144695617	-0.20990726192452303	-0.20997322411160002	-0.2004487155517784
14.38449888287663	-0.22108731953379182	-0.22080463842041054	-0.22141367226175068	-0.22114006258169733	-0.21144494422797597	-0.21984888149974857	-0.22113729880837077	-0.2213954273018459	-0.22190910895100083	-0.22056886929687666	-0.2213345406198089	-0.2212517881734305	-0.2210814536461129	-0.22063700143817683	-0.2205924635535666	-0.22128771399039285	-0.22190425339491968	-0.22086927685462832	-0.22003760367661257	-0.2212102007439047	-0.22091856148002403	-0.2204422516572232	-0.22181181960272134	-0.22145634315384263	-0.2206204082804516	-0.22109625548639328	-0.22060855571027865	-0.22120508421267793
23.357214690901213	-0.22821617818346912	-0.2275443095807415	-0.2280738609667453	-0.22778583168581398	-0.22727492974987493	-0.22783126088377037	-0.22767454131231207	-0.22766193155667286	-0.2274589834718656	-0.2281442565012074	-0.22768948454954346	-0.22783336008589553	-0.22808885745961902	-0.2275456968536238	-0.22828803141440251	-0.22744159821520804	-0.22781081034301962	-0.22754874410165485	-0.2275676459153049	-0.22808444809733133	-0.22744714823625217	-0.22775299018703374	-0.227589540057851	-0.22734848913447753	-0.22792712268160695	-0.2276045879925445	-0.22757943058023022	-0.228338729576687
37.92690190732246	-0.23239796178119607	-0.23209500665806496	-0.23200143402147544	-0.23168565776044442	-0.23187439304439664	-0.23205688974324537	-0.23191542343119656	-0.2317932044540894	-0.2316948198119403	-0.23187569341761927	-0.23208039833072874	-0.2316507132277032	-0.23193046054671437	-0.23210354873433345	-0.23191820882919054	-0.23209005145031594	-0.23180470303716438	-0.23136713964033978	-0.23190194858699714	-0.23167526261381538	-0.2320892966498585	-0.2317223264015622	-0.23185559180430054	-0.23190701549266482	-0.23235127667333122	-0.23179263836849434	-0.2320501954997773	-0.23181501457452508
61.584821106602604	-0.23445279010108946	-0.23450385933560272	-0.23433100451635971	-0.23455324059346058	-0.23458161004641825	-0.23444624644301096	-0.23458698002379394	-0.23468362028127074	-0.2345047074019449	-0.23445599837402703	-0.23444572918265083	-0.23459329903878412	-0.23430836902620092	-0.23435522204376963	-0.23449900233937365	-0.23444804295446214	-0.23439758905391417	-0.23440065523863066	-0.2346973738420589	-0.23451170606214514	-0.23451152878893064	-0.2343234109966979	-0.2347711523967916	-0.23445103719729668	-0.23451531454374933	-0.23473001824076645	-0.23458355234244754	-0.2344782339708223
100.0	-0.23604770526317584	-0.23620048062079224	-0.2361356645555143	-0.23615944747148326	-0.23618064671631175	-0.23604507395366436	-0.2361210108113248	-0.23617599032268088	-0.23621312451203247	-0.23609064228635693	-0.23614508903069845	-0.23620128258059112	-0.23617633975672525	-0.23610676182930498	-0.23616964365407422	-0.23616177146763942	-0.23608849703881346	-0.23607916366513274	-0.23612921482952845	-0.23621213753035158	-0.23612577232790743	-0.23621378387823203	-0.2360900346755815	-0.23619348428129616	-0.23620446983972754	-0.23616558960467557	-0.23621213686350892	-0.23613218692978333
