	1	2	3	4	5	6	7	8	9	10	20	30	40	50	60	70	80	90	100	200	300	400	500	600	700	800	900	1000
0.01	8.663707095467457	18.456126710383735	27.61561589214369	34.993215272900784	46.342620373857784	53.450166267580926	64.01936763291963	74.0054140882252	81.90534958798534	93.45971501141754	179.85665518241157	258.2622842637587	369.38437820354824	464.09215070417747	529.4550688457676	641.0775348732809	711.5695036237989	835.0439709221638	929.2471426346972	1783.4314947525354	2787.4508745678463	3507.305841099545	4539.557740009953	5591.6233767914355	6393.795448388714	7392.172656856708	8341.577335800861	9097.637040631189
0.016237767391887217	7.446968456067024	15.114539871479401	23.676962115648216	31.37715618911703	39.23256791073251	46.757192920055445	55.396748941305475	63.16377030256772	72.23936395264803	79.17749061697577	159.0979761754885	238.98809364491186	316.66334299213685	374.5027760849009	477.9553017967648	559.3672286303224	636.7880653919638	707.5072800272578	784.494052462402	1574.8845564704784	2355.868235954578	3033.999484615219	3904.010139561822	4743.570109585509	5445.655366790354	6339.638781189435	7166.673364733022	7817.993906482784
0.026366508987303583	6.6256335099409585	13.432830354311443	20.408857286038476	26.793370636099176	31.347251354477834	40.41156375822136	47.356035774409	54.809265402721216	60.982847195117195	67.2971979662824	129.4019412629509	196.39130737496993	265.92858562185086	322.8097712546578	386.01947290028306	466.5354464880591	526.689612784157	600.1614952313467	666.1941553539134	1269.3687290714497	2024.9078045189667	2557.8754922489916	3361.729844999485	4037.5643466623305	4759.49477698189	5295.578404318401	6110.1868744560325	6840.137866228124
0.04281332398719394	5.785292374354424	11.556206561098517	17.278728899863033	22.153665287997747	28.289371226148045	34.25651942213696	39.96719119441577	43.9406348678948	51.88181439190359	56.948527906996134	114.81119395771252	166.12599409501135	216.0609825367574	272.31706097036215	349.88728097780154	409.04757253212824	436.4389834513931	492.668217408938	548.121730424294	1100.872301232147	1732.0623336105145	2233.922263162625	2904.694664225118	3450.903649754764	4013.594022050672	4587.95660082391	5015.695674964317	5730.449415908641
0.06951927961775606	4.727203361795167	9.807867576340882	14.9302038313132	19.659453840043057	25.06152089114867	29.767512492536852	33.103530051839215	39.150741864543406	43.95714760615894	49.42451403363869	94.80986542027347	141.5175754492924	197.44902604490758	249.75359168990192	299.4078876340962	342.4647524199461	390.9128097324302	446.86012220147427	491.83661729314093	985.0169260357976	1399.5907092719617	1955.557335053506	2396.592451427348	2929.2951778285164	3331.1155206486756	3786.4300969689043	4400.695993929833	4697.3342025772645
0.11288378916846889	4.136265514628361	8.670750762437923	12.856736373224921	16.64119992467564	21.102033990887964	25.35142031571059	28.409516868871734	34.04751464716639	38.356799132527975	42.35223352229054	84.7007321816509	127.17820105760434	170.52570028903887	212.69866669035545	245.85539889024386	298.0052431063271	341.6527403832613	368.28367124540307	416.2884046884854	834.3866649418063	1218.83458271267	1695.4003895133305	2012.5138707759015	2560.4419280722886	2955.806799653423	3393.722406571175	3818.230852348387	4068.316358983036
0.18329807108324356	3.6766167363788447	7.122513131348301	11.142455836507866	14.218949404931848	18.26817584196101	22.35090116181364	25.785160694667518	29.87403059639051	33.25179164070124	36.221461368580115	72.0624391893875	107.37833966128139	146.65472290985076	183.4216265615269	222.92875314276904	260.4998230153682	293.5481835216286	332.5297252806673	370.0082666618071	738.2250938438708	1083.5339603920854	1462.5192627568315	1765.2497942849982	2195.9889647845594	2585.7939103929248	2964.1563733027406	3347.662494012269	3543.075806939485
0.29763514416313175	3.229859468019908	6.425239519368772	9.793892492550034	13.002643364257793	16.42646536279515	19.327912546004562	22.743003826456512	26.207381234549548	28.651965746832346	31.645153930437893	65.34085460749996	97.18242509148067	130.4759353624878	161.7555062377687	195.4650878134167	222.30933582591308	261.37422307679884	287.03868894809216	319.0544201592779	648.1570781785972	971.690812991879	1292.2531147098923	1608.3354457619594	1938.0983513950487	2203.7050297338837	2522.1683637873402	2949.729834936924	3294.40165932566
0.4832930238571752	2.9017787564073174	5.971972863523929	8.889222374875345	11.847595744025735	14.879076975516622	17.75777759709179	20.770943449390494	23.644263388693606	26.679648592475708	29.77947281982472	59.727559629669265	89.38951981842627	118.70388065994722	149.52262149195911	175.85360769406782	209.09961929578867	239.52431925877852	265.8711997705897	298.5065416872129	600.7083995611251	881.8988966926386	1183.542125074945	1484.1811139630736	1761.2821733252988	2087.3845544178266	2377.7429019790934	2693.287661755973	2965.6551428148186
0.7847599703514611	2.7989391338016967	5.655413358252606	8.492829161829672	11.189485798349736	13.970591655839439	16.785746634197917	19.969335742622818	22.747672396171254	25.213923714476827	28.32208548475928	56.50117072047763	83.6587861342015	114.36400080206013	141.45015750681833	168.98751617528083	194.25535124566684	225.75432132045285	253.5821373716185	278.308689951057	566.8367407377677	836.0436537992084	1117.905828120699	1415.327808102537	1392.0005436431188	1968.8353314296496	2255.772548441673	2533.296211689268	2825.4210016303477
1.2742749857031335	2.970777466772599	5.959999043433045	9.005261746787738	11.894404308833717	14.726601727071355	18.34140513989622	20.875447982353876	23.912096202301967	27.40074357348958	29.43712611130755	59.58518386350936	87.71523988652132	117.17740040520154	147.377859051876	178.48773577896367	207.85623891858796	234.0436034124176	269.9404195245638	300.34322545677276	589.8782858206962	899.9631022887606	1199.734315164082	1476.634695163007	1864.5751759233867	2079.9366139125223	2423.193014086087	2653.9587592796215	3040.1845201931396
2.06913808111479	3.177159400998009	6.761542058633176	9.534707416215458	12.467775896592205	17.10010697551604	18.967847965735615	23.188527925277654	25.865112837279923	28.65096500742277	31.45587186967667	64.9188021128999	96.55668255352111	132.53106505735883	160.7656578538834	189.0500023322073	231.19982295166417	264.43306216133806	284.6536961443332	337.40411946268284	662.9171471428947	973.4745054044644	1279.3276715825737	1625.8901300098946	2022.60506850703	2184.9572315546907	2659.9768023443435	2859.0873298354622	3387.3516148580898
3.359818286283781	4.027534416559739	8.063892658123093	12.136587414358186	14.965664379075221	19.400798552083938	22.48536369546768	28.364988774879787	32.31686922855872	33.92840567163995	40.685148705849116	74.63196776789765	121.46874388869819	161.00760440597298	195.02562075882415	227.10643548769917	267.1212270557021	299.979013544907	365.1737876986672	406.17971554191496	807.2435991573433	1269.2116876785162	1633.9456467455482	2000.2991077553152	2443.6773332551143	2872.35406164368	3200.444903824059	3419.2736249479167	4162.287499205186
5.455594781168514	5.375796203705518	10.234731024201785	14.998285258662497	20.307689231027794	26.787004277574574	32.10595740485859	35.442063250901825	40.895066969496355	45.69795784136437	50.726129082634245	102.53120417576494	153.6699004920671	200.7954739045352	270.13133434098125	326.30011717958064	352.6627128343265	439.9144824806568	480.4525844956816	544.952693395661	1003.288173727726	1525.7166313245407	2175.9725967676345	2527.3593244029853	3037.8411549006023	3580.8058353053066	4368.763525036191	4560.720270716308	5382.143897630579
8.858667904100823	6.797314568815375	13.93890566376659	20.93625472964098	27.967105252485425	35.13817413086306	41.5436976237102	47.8085882025547	55.773559931638545	64.81549859601519	70.21672527997907	137.04871296810975	218.41286394453726	272.0320253710103	358.88131229766566	416.0413955525212	498.1178236966977	550.4559602811844	625.3543790552808	709.6568035699211	1353.3021664489543	2153.90135915433	2759.295467156383	3486.960060575483	4200.529665890139	4928.755373800919	5464.4598201323415	5910.727213660767	7197.445493596602
14.38449888287663	9.398835688304391	18.99483531916255	28.289959493298785	37.85680055880886	47.48064804577733	59.9774908867618	65.39094789338156	75.04225751643536	84.29996485055112	94.24039050799179	190.18333409907524	282.3172992527627	373.14428376173885	492.5135646249362	566.5483176796226	652.6791692756331	766.9900996858056	865.3231625203573	949.6548222203427	1914.6572207284357	2866.30272909145	3701.160205430409	4766.348298532042	5629.072580383063	6733.7324872116	8090.992444579418	8469.009773273672	9575.456790937329
23.357214690901213	13.18254275265362	25.527123903184112	39.462893361933155	50.940445855907655	64.05951570868429	79.60753295471021	93.4663875424134	104.20203411156973	114.64546042661996	129.31512309483057	263.7457630321343	391.0036641929091	552.5105119549388	653.1240305629182	774.701621301361	922.9571454562075	1034.46725675308	1180.3854967256548	1278.2486186801925	2578.9001730984373	3916.744857679916	5192.647452302119	6476.012578250436	7735.6574606868835	9148.179480479728	10423.090236636737	11465.583304886224	12812.298098670728
37.92690190732246	18.879409996264226	36.109095834313834	53.262170793466915	71.24987320978022	90.76071283316449	107.88413927578316	124.90964527438373	144.56245560237483	160.60251657180584	180.49512854673029	353.8881302341052	530.1006311490368	709.7892594820412	901.2974025418476	1072.7121305359074	1244.4067033136232	1399.404227234013	1586.7771921848966	1801.220272915975	3533.0560940249798	5210.739542097053	7186.0316880129285	8825.792881979385	10840.536290050391	12300.967083158048	14520.941011626199	16343.136499605394	17771.71376056792
61.584821106602604	24.869581450276524	50.16444742575992	72.60979513359409	98.4007681249215	124.57721729675771	148.96258973787266	172.1713833561634	196.18015240469907	221.45066965246195	243.57775654223002	489.8619889080186	739.4855298343539	965.46761138547	1234.3473558154303	1459.7794053349821	1723.7897897259609	1938.5473616044005	2204.717694410793	2492.418620279615	4951.663121883284	7429.375543251945	9760.517450531997	12859.266788647505	15068.744306773318	18308.595540555252	19501.6697691874	22229.087950155816	25989.809644947825
100.0	33.183627337141246	66.9719124221944	101.8079743680091	137.20504583414345	167.62550494417047	204.0978029024541	240.82669403739948	271.01070077065174	302.6952220070877	345.45394213250995	712.1298186858023	1016.147171605784	1343.4385531319108	1695.5727287608788	2058.4077561191907	2455.460809691379	2715.698262293064	3026.576332387164	3331.907190837515	6792.313045652022	10116.102381353283	13685.99475713114	17308.869848782564	20285.76395856979	23790.283577750586	28306.732660792088	31038.052946134783	32077.87291638337
