	1	2	3	4	5	6	7	8	9	10	20	30	40	50	60	70	80	90	100	200	300	400	500	600	700	800	900	1000
0.01	9.026014883345283	18.253667547786414	27.25464709528253	36.38094921370021	46.234507454479356	55.0278450792051	64.0545968413573	74.2733032126511	83.19403254453805	92.45059036021111	183.12109727144198	269.30312920775805	363.59742771895424	458.23741677388205	548.4214121775082	649.2482717875463	735.663767027734	832.9241499942341	917.63384110399	1841.716385594197	2745.829837488279	3630.1898582622052	4552.979281038046	5514.35683167968	6406.691908248219	7264.543073907409	8325.102151607223	9156.008437037292
0.016237767391887217	7.747267864795332	15.66698683066374	23.352065446260156	31.19244628757778	38.85632054836843	46.18648753037563	54.46046405031301	63.320583052663984	71.38860063699761	78.92685861369786	156.67320905980822	233.99219675056332	311.41051408586173	387.1847449431014	467.93489292947174	551.0239277708798	627.7441052105581	706.0644758315723	791.2230207268715	1574.4077268654248	2354.504525172739	3109.4552662619303	3888.9723367654715	4681.202888619366	5476.5353887091715	6230.507636416038	7089.1903990674155	7787.402980704717
0.026366508987303583	6.682215265477635	13.403146177958487	20.04737732569413	26.612364618201806	32.47419673364731	40.0843997267868	47.03177014607851	54.07343702192388	60.1634820996436	65.96875543816498	132.59868835123686	197.8068321745367	264.36880690608984	334.6993651304068	400.18313710980084	468.6864422545452	533.2623408435148	597.2130121794096	665.6518229833697	1321.2283330398336	1984.9719913957326	2640.10098247603	3320.12863582347	4059.5278110056847	4667.229685664122	5261.420855757119	6072.494581197782	6717.170301994401
0.04281332398719394	5.801057723946108	11.487680520548142	17.157723375602725	22.797594585207655	28.403840225094267	34.18457075231203	39.87830664387489	45.477942687418455	51.29297772847639	57.374131587034746	114.81774792007505	171.1417807577441	223.36219933977168	280.78654125744373	344.6184326786431	401.6818267108763	452.51406035262465	508.8511695762883	569.1295971990677	1139.5090478503714	1698.2204124015377	2296.100940340969	2865.5714220075424	3402.666631437481	3985.3541819576135	4546.240025445164	5172.822014716482	5687.882342576869
0.06951927961775606	4.86581834769911	9.745515565351539	14.66995752057998	19.523568667913842	24.646937286617117	29.931074162408443	34.27366648118962	39.38916415309302	44.242292877771646	48.506218832522336	97.73891585962691	146.40491055158438	197.13310781027047	244.22877213245854	294.5053155658769	341.2494978008037	389.5880700009277	438.44630227500835	491.5985578960074	975.4595437509068	1448.681606229041	1940.636768012352	2449.0018051375446	2896.483160247524	3420.290348926803	3872.5414542400904	4349.025761212222	4841.860017216162
0.11288378916846889	4.275002114137816	8.53998082899735	12.584348143100327	16.869402468729852	21.2636444670202	25.225726244543935	29.36069510258632	33.62328724142456	38.16232248164474	42.05483247776738	84.26501829243979	127.2095220280759	168.78689414922462	210.2540378743174	251.82437248162177	294.22112274149185	335.42018039625276	375.83450826969175	420.8067573918852	842.7338555083704	1264.0696412135233	1688.0061600449646	2086.700305452754	2544.952318698647	2921.5272931728764	3404.2272178927556	3766.492278421854	4193.54825314521
0.18329807108324356	3.6528989943547288	7.349545714349946	11.114676368200556	14.624338379368519	18.353530181609937	22.103084083211026	25.761186018051653	29.817711300349192	32.62490286763209	36.37561172986737	73.27009369589933	109.7296222946281	145.93337465119959	182.2793692914411	219.60920074281677	257.33101284062315	290.2390814566203	333.47399373181617	364.4697486591749	730.171061766768	1116.8427010694297	1446.8303091172827	1820.1728964022402	2185.695182798349	2566.447316169583	2921.598144868921	3306.027012792489	3663.232428810907
0.29763514416313175	3.257059028306289	6.482843078351624	9.638627895674503	12.92040098606924	16.32932337197115	19.30465083380456	22.70709010341537	26.174504479119307	29.112430113622285	32.3101985295217	65.22417516415018	97.48488880182383	129.27585384504724	160.9780054937192	195.84373905531433	227.31707253280095	257.4394276602729	288.7305854305973	322.90270372417046	642.0628831346238	968.5404205843649	1294.9001795510696	1636.892642219809	1955.1798606285636	2259.640770762276	2569.881296132142	2913.6480586026337	3255.4757469988117
0.4832930238571752	2.947568846752766	5.9576408619409715	8.853203353281694	11.856699270704945	14.78869345696168	17.728328505439436	20.588483172493696	23.66238325350126	26.76715803034855	29.47907634074726	59.08409522125132	89.27631935635624	118.69367054480641	148.76559270122527	175.4038148454786	206.51391449402013	237.45085515145496	266.07053214475326	294.85411564248676	592.8358468371441	896.934733199809	1178.0008567491984	1478.1457226463308	1780.4596512442076	2089.240312270699	2354.9090188800146	2675.7299174845707	2971.0326095805044
0.7847599703514611	2.8353777743492246	5.625153676166094	8.447982557088306	11.276862467831188	14.074315270692818	16.942803401553206	19.786739221980977	22.581452820655084	25.43668062923503	28.29386045484823	56.29658736819756	84.54711923408163	113.5939075592987	141.40375575206446	169.46039372781516	197.1974879160096	225.63402329441786	253.71363161651158	281.9647801059015	566.867336733159	850.1425402801614	1134.6667892868895	1414.1378244364712	1707.3954606928185	1975.4138885140082	2266.5664050029022	2551.4620487695443	2812.701263289707
1.2742749857031335	2.994569986818681	5.972740862948095	9.022565022323727	12.053420225574158	14.951027281532541	18.101213688745734	20.963221599316363	24.231880171794046	27.031050250425096	29.950892267966893	60.12431826451481	89.70260017323608	119.84030754718843	150.24966603952376	180.9507726257647	209.7436257808813	237.31502337631892	272.6470161685414	300.6994087494068	598.4957776781441	899.5044291387071	1201.5981553689865	1509.8938149762914	1829.1300734619995	2108.102853210765	2408.7436621141774	2705.841583865765	3025.7089582076273
2.06913808111479	3.4419143041896234	6.8483829535958245	10.274319423107388	13.650784413827278	17.449659125989683	20.455252553769718	23.803709280119495	27.958070010699416	31.112987765809372	34.29631603278389	67.84414477050358	102.94145943440358	138.02923500478911	169.09015609471052	205.81548916624808	238.55321162807502	275.2994463888546	307.73055258057417	344.0693167172549	681.0359236479925	1045.5346475431634	1370.4102809185717	1696.2513995658394	2052.317921327296	2403.186887782347	2736.689623549073	3152.8754752221544	3505.126514471893
3.359818286283781	4.3471621818303285	8.718768428138304	12.897823448706209	17.237954488171887	21.22385769211902	25.725441679498754	30.315289001281755	34.76610462877947	38.871859299511804	43.97063703548714	87.2346982849795	130.96050941634152	172.34741664061718	218.2207531172161	260.46026208372484	305.5224485191222	342.72812055600224	388.65516144567766	438.08460954295003	864.6207336942392	1296.2944197535896	1764.2051556991453	2165.7927952889354	2653.452387377604	3059.389512208117	3497.1187761806264	3916.635197636838	4425.73459015002
5.455594781168514	5.764234450806656	11.672376943599662	17.151240128493384	23.180191241355022	28.63654994392595	34.41642177590951	40.41522091845233	45.89219508058271	51.202644594944914	57.56559138660823	114.81670560708703	173.72817915388453	229.1098835204289	293.0936147705305	345.65450920151847	402.9632038991812	466.27310987110644	516.1449983957143	584.7210980260072	1153.7380724000445	1718.161715602742	2304.4781318188707	2841.170980271581	3434.3120938678317	4057.0361928383923	4631.576229564958	5235.327524123416	5762.220241954674
8.858667904100823	7.725704449899538	15.361895116312404	23.63185316425122	30.94137360872857	38.700486922817724	47.1466974223026	54.13424928950299	61.47428061614778	69.89869155157437	79.04085090333105	155.0088399286751	231.71133842098448	309.5209292491368	384.6520314805412	465.85518881606146	553.1751792191931	628.9236102750518	702.0894401602384	771.2093290164025	1552.661265341927	2326.6516965302612	3087.000983475607	3932.913738044572	4656.080103515265	5421.01713788941	6220.7101047669985	6966.370309976384	7750.1227554424295
14.38449888287663	10.665942991176983	21.264469346620565	31.499308342492665	42.94744243929249	53.057771762437206	64.05879684057857	73.70073569510929	84.36082571664188	96.85818801889376	106.90811323602423	212.42081592454701	318.51102323124036	417.6020393273015	530.2919492863139	637.4776638021258	730.5182011164001	850.383348973028	951.4110580318495	1074.139751094992	2111.773615772593	3217.092850390177	4163.958251093327	5270.219422806641	6312.517577180684	7437.928760718659	8601.581832732127	9412.956739997175	10511.305605537706
23.357214690901213	14.398539409005066	29.014798853478787	44.36874711636985	56.967290905760656	72.65229370091758	88.03556572444009	104.35913054367428	114.13398189355338	129.5606153419102	145.06999448839372	291.2296477996242	439.73890923987375	583.7880461125376	730.1861030042452	899.4315216190203	1022.1017434526993	1169.9678604389026	1316.7309064194562	1423.6448594281767	2893.3001767705246	4309.806971453251	5778.036508233753	7270.910950618756	8715.361674456843	10153.347339012698	11749.743629803936	12976.120374842141	14305.568653328597
37.92690190732246	19.907196291176543	39.79075265801947	59.003339356179126	79.10971094086429	98.15496736831938	118.653826825019	140.33521957558403	160.36893529328484	179.22612449805814	195.057245961198	393.79580945937585	598.751726171095	807.0939411268645	987.6986693053227	1202.9786510200806	1410.8504008531281	1575.2305907712953	1759.3681082209278	1990.3931624516033	3944.0275474285545	5918.010708159941	7900.6540355537145	9902.86719123748	12134.74649004171	13918.522832280278	16010.665063191183	17943.748390181743	19904.51748788576
61.584821106602604	27.040020826803577	54.811175485892754	81.83319107220021	109.4582724332055	137.1972391474399	164.66169808338094	191.91531175223378	215.32728880266248	243.98313345967674	269.8551364231322	550.3724809604644	820.8192531820816	1096.3616303906445	1349.070728447136	1615.3469577568103	1930.2953539750467	2147.2830022371845	2445.069575640039	2722.2420281219606	5473.363768951264	8327.739145652795	10868.835250458727	13610.776561247292	16624.472805708538	19289.53639489451	21863.932175087903	24646.851129887353	27114.42425832554
100.0	37.279199203608925	75.07451256415978	114.18918919348786	151.73498305223433	186.46085051965352	222.79286452542965	261.3612989666043	303.2345477355211	342.2691276824097	373.9236669721469	745.7684438544464	1120.3609557608013	1502.2519397739152	1863.5312101855366	2259.350126218255	2597.4056270301535	3011.208703607387	3352.6422025626293	3712.4531215579364	7515.702777764382	11239.057278299777	15055.902738092156	18825.306711290774	22428.22220141072	25884.54439838875	30085.051876684043	33703.28802073247	37368.97881741904
