	1	2	3	4	5	6	7	8	9	10	20	30	40	50	60	70	80	90	100	200	300	400	500	600	700	800	900	1000
0.01	10.254461529332108	20.318422900987084	30.793032900068358	41.16409243661131	51.60882329986343	61.48812795673671	70.48662947207792	81.38095452516579	92.16934434200775	100.4567019526207	203.49490676233123	308.9920350694284	409.9743094744201	506.7133353481815	607.8035039654051	714.2206937336115	816.533404673838	923.6748385177895	1025.0044175339026	2026.4751357516434	3082.287237446722	4067.2533035921824	5133.037489710769	6081.193120073243	7103.333834396136	8155.524760182208	9168.835012834017	9421.844807794809
0.016237767391887217	8.59723216699305	17.055299341515486	26.23686810525759	34.20523137013855	43.22450342880209	51.99995366217162	61.236856572663456	68.83382765742245	77.08030164096411	86.52550236010579	174.09462905793922	255.89204241916588	342.1480404312005	431.6269888667449	520.8405721723686	613.4304423865218	693.8980866751564	764.5886060572709	874.7462602835976	1708.2038482532364	2607.130006243133	3474.0190169650623	4353.617851479675	5221.177802054452	6051.249049913303	6932.744341300683	7863.8026612806225	8631.49341843035
0.026366508987303583	7.412497530556461	14.634225837728307	21.608263915980366	29.47054042404549	34.192183587428474	44.21234674796847	51.13918934071382	58.464047548325766	66.60384730254175	73.96733741120248	147.93918909151057	219.61362163516696	290.632564827826	368.1385172805752	441.2450160434742	520.3465699585618	582.3407464828995	669.4102722385926	739.8716474449371	1470.1890049686106	2199.6973850059226	2926.24059204802	3706.510033342879	4447.060059231522	5187.923275177175	5925.41261952858	6729.900875455774	7339.914973817063
0.04281332398719394	5.671948594335687	12.134763946530608	17.0754062299824	22.537247993561003	28.334631523641498	36.07334064140306	42.79559187364846	48.58577253186619	50.607082044504835	60.69568138386016	123.29300154515744	168.62570751178077	245.26138040344145	302.85537985957075	369.76640842927515	429.20949901760935	452.6482191207996	508.19535254256357	612.3397028726077	1123.0712405140234	1694.753264409695	2418.6060210233263	3099.314052254801	3656.2984757565296	4281.706634644761	4870.557045323037	5485.267586573311	6150.272073360913
0.06951927961775606	5.283439268015226	10.613244970963454	14.55826083676669	20.98880424382668	26.54291380574786	29.106156247404975	33.8737013322503	38.65719525507282	43.652828855049414	52.67971240582743	98.05535664914287	145.77556240723496	210.60169492399478	244.72530905114508	293.8472811244457	363.88572067827675	425.2784286467329	476.14424219102807	528.9156992012336	1052.9142728150864	1569.434101092914	2115.5072477103686	2650.6243245763226	3147.62852321646	3730.6095448084443	4253.0035566872575	4701.319306621027	5266.55149362288
0.11288378916846889	4.493217106920624	8.984788563579073	13.666111785129008	18.262538516035747	22.73916253304143	26.89770134619531	31.806584857406932	35.94753363909892	37.173247911086136	41.3984066630165	90.42631194910166	136.5111565687348	180.8385547893288	225.35817909914414	266.4507751570075	314.51257266257414	357.165012093002	405.0736049974774	415.8829913648984	908.212031781709	1349.9834233225465	1794.9942866689582	2234.1638264805456	2704.9854450363514	3190.774770230268	3316.4213972667844	4037.2042844376297	4506.206324523413
0.18329807108324356	3.8221166364749686	7.817244855436658	11.706519546169375	15.478607892043147	19.36462013695197	23.15011859391586	27.23113322144087	31.24985418596814	34.90118953214818	39.25472343165323	77.11832557512405	115.19634374325882	155.3771989716718	177.9144924218551	229.6010847921097	271.34683446458814	312.0340131204897	349.28366543244016	386.43334009941253	770.0211075952499	1160.9801474506185	1560.4791856528705	1926.6972123949643	2336.674073311015	2727.054272718136	2839.4177388846047	3470.2999658740578	3908.192760106135
0.29763514416313175	3.9751464083316046	7.273227382377366	11.867175489669316	14.445437957778138	20.22585519739549	21.736570259798697	27.962458311070936	34.02979224409333	35.87877695305201	36.475153293674325	92.51372157901962	128.49535326981592	146.03256211135812	212.99628272260156	219.45909661655014	299.29891955556275	288.9228073219168	394.7935159576976	367.6748546917519	730.3914731939128	1300.9327106371343	1486.9355272832834	2155.2024268957293	2582.106332974517	2981.634177266197	3607.919952891726	3306.1440576077403	4518.183647601885
0.4832930238571752	3.6453139986811234	7.323071894739899	10.525674354938156	14.888025154059676	18.37337678540208	21.964719936622718	25.851073730853088	29.69602077234274	32.84824770609244	36.463677817351005	73.69679350327196	107.16013765062434	146.68438207207683	183.28894874506685	212.20953526328805	247.66083841334043	296.53752297412836	329.0751712231881	365.8588637471826	731.2704991015682	1118.1445713636638	1474.1708058577256	1816.6883485539129	2098.917392435835	2448.671545634119	2943.2337284917553	3310.3271492052127	3667.564203663719
0.7847599703514611	3.2354323150344446	6.429873963271512	10.440201950373464	13.423262524342395	16.20642768362442	19.436343592091053	23.67595135869702	26.769019746831844	29.391378258674564	33.27678323704454	64.26542665093527	102.64717167672227	133.41490946211655	167.879293181148	200.3577071881526	236.4928465731693	266.9558998555325	300.7386697910803	340.26317251324355	674.1369417989129	1008.2243311219655	1355.2321742192448	1610.2087458351048	2001.080992905423	2310.754326224135	2584.2330681092153	3026.357745606977	3316.611648907262
1.2742749857031335	3.1523660597291365	6.305627918788373	9.574854060347029	12.710637343566844	17.232111557540517	20.726267684439154	22.158848370133807	27.759258704433165	30.772804766430443	31.16809430605949	63.896368777241	102.78277255378077	126.2676192334145	171.31775298929523	205.69946129774488	222.60324221439168	252.70593759471242	285.26736234985856	341.40352038073956	638.7244108001266	955.7731205166559	1351.93033141528	1724.2419751090854	1898.91238809768	2239.1703186538894	2715.4731808134875	3094.6912215522275	3430.5503807022255
2.06913808111479	4.034761188644271	8.041321660902046	12.277060654790368	16.380650672021517	20.492120693324313	24.551505384880883	28.600561294737773	32.202537975760734	37.272962420613105	41.04962971804473	83.63331511440538	124.04352134627416	164.10092916196928	202.7632662418356	230.56071995254757	287.8293854456196	329.68499903566357	365.55166087811267	399.41811763245767	761.3711455842902	1230.281900619349	1639.3278264875878	1909.0626436103514	2476.710219605922	2861.713963994539	3304.904623191147	3585.0171988525035	4221.332305229953
3.359818286283781	5.19639215027656	10.230957447946636	15.738843529873101	20.21622210467424	25.264919677110335	30.61700189395636	34.632085721324835	43.68748592534298	44.96344557791001	50.530430817046344	99.18369529256049	148.60688446165545	198.2895643944285	268.00404549282797	324.70995661662977	368.14668931071867	429.30360060322676	477.80691502924867	498.17935533117526	1049.5652928312625	1523.2282979682716	2097.881435516112	2487.5528347884665	3234.040719850351	3756.4144537822367	4060.102759552498	4368.751571807377	5309.047045806476
5.455594781168514	7.14238400099116	13.131667531611932	20.277318837182207	26.095184143802292	33.17894745911016	40.431670667748634	49.470668651206324	52.782205796569635	59.93184668219516	70.66867910188273	140.16836333715173	214.88969004432457	275.3872028441201	337.8650090207698	430.66779667668743	476.14843058846	557.0364986965678	628.8761499631244	681.6686212273767	1364.8048411245181	2000.6682574168476	2778.015174350593	3538.341518508194	4359.906948692364	4795.247439803516	5558.238327917539	6064.946899818881	6855.664985139685
8.858667904100823	8.797740285948336	18.256485285502663	26.777052048764023	33.881944276844706	45.425228454367286	52.35800449533785	62.38435888364549	73.75899244684372	75.60144532608874	91.85771647932565	183.19140370950203	278.3627633594953	361.8925104600189	453.62319319953684	541.3884644912723	637.9672622420496	746.3642243450064	834.9547657266145	849.1264044773744	1729.3782230911802	2664.7305223160793	3823.579306394485	4585.572528158236	5305.665882821857	6313.028673784198	7032.963801333557	8232.356973221387	8753.037795708016
14.38449888287663	12.567405629665206	23.357945450049105	36.51098259547467	49.17566565656399	59.62236356669994	70.68133570275283	83.24002189695629	95.5372715296277	110.63105974137986	120.87151925394856	236.51629334216125	370.27966882254725	499.17414921962217	587.2095203874194	790.0554160655513	853.1178314791599	968.8866719701736	1091.3047533610065	1166.5717001176263	2387.6679758484224	3597.5159348807956	4784.0883031747335	6024.195642058013	7125.308433136147	8726.198238523573	9819.624548185442	11123.843889282583	11481.281640473228
23.357214690901213	16.11432837221389	33.32755713514364	48.45025123572189	62.21744008920344	80.89171120935754	93.74365965830305	126.62970990387542	125.13966196349563	152.07826508095792	167.18786711679286	311.7383508471647	475.4362486582256	627.7596549311924	821.4919745166397	1010.3276374065324	1113.0036803589642	1255.233527565126	1481.6952178666925	1561.4237715760232	3462.010960270136	4970.453098550501	6159.929931266532	8060.84073612799	9364.201050788939	12067.251364281008	12751.530342053375	15034.909170954486	16988.663337640217
37.92690190732246	20.213058154355476	42.983028559813874	64.22690090141026	87.2627973016031	115.79795064516384	135.28302815509795	165.49290169350468	172.89102512012605	215.65794963518792	220.15044062764093	461.2607163854123	664.1638402022663	878.2652365099977	1129.9151313755592	1328.3956897175476	1489.0145937849509	1857.2684376391471	2037.8847093199752	2105.0790065602587	1200.2179861379009	1914.1731448245914	8906.28436474068	11220.296733181978	12605.839129484702	15821.74723174643	18564.044433680618	20459.239778352032	22711.841640321632
61.584821106602604	31.31610665348787	58.632061186681405	89.67663547992012	125.29346208355709	164.80836418436775	181.17057303143156	217.65741808428206	250.74356366551382	277.55977189273824	314.8582200726115	597.884048476294	905.7993370236978	1208.0952033382775	1526.6674618232416	1782.941649959234	2294.2632924356944	624.7316066558263	2657.6600231483726	3034.713382995931	5936.335161180153	9253.029863617558	12472.517329010425	5454.44661250138	18071.429446819566	21342.713005162168	24683.759146877986	27281.648019588923	30551.193285746194
100.0	40.89202765781246	82.560100741606	126.41254633411253	172.49607331138967	217.5817269606249	244.40984665480806	302.6855730404537	338.7904384878512	392.11541483176364	391.67491595306626	796.4972740355106	1255.6903911851173	1649.0987560491692	2061.9936152298046	2491.0244976458753	2803.6404604767968	3285.5370710412967	3758.7077686082794	4212.76433929497	8200.14608700074	12626.422255894717	16417.808301791792	20444.02030330783	26101.27520547654	30599.583167533317	32562.57082869523	38428.35627606628	38331.95545620573
