Agg-Agg collection for the flat orientation.
Characteristic values taken from the peak of a fit
gamma distribution from 300 aggregates.
Minor axis taken as the smallest axis from the fit-ellipsoid
Ranges are taken from the aggregates being pulled from the db,
not the bin edges (maximum range)
Order: agg phi min, agg phi max, agg r min, agg r max, value
0.007 0.027 1.758 27.113 1.146
0.008 0.027 27.214 58.235 1.983
0.007 0.027 58.351 95.489 3.231
0.008 0.027 95.656 150.949 5.172
0.008 0.027 151.055 285.682 6.803
0.006 0.027 287.341 588.003 8.945
0.006 0.027 588.923 917.680 10.510
0.008 0.027 917.988 1391.976 13.509
0.007 0.027 1393.760 2268.130 19.020
0.007 0.027 2277.107 4996.112 22.335
0.027 0.039 1.697 24.812 35.766
0.027 0.039 24.882 54.271 53.025
0.027 0.039 54.467 97.017 65.962
0.027 0.039 97.101 149.571 84.609
0.027 0.039 149.927 253.763 103.592
0.027 0.039 254.000 515.541 121.525
0.027 0.039 516.730 901.076 167.453
0.027 0.039 904.045 1429.897 206.599
0.027 0.039 1432.281 2383.616 273.803
0.027 0.039 2404.060 4995.186 457.597
0.039 0.054 1.666 20.579 1.343
0.039 0.054 20.667 42.776 2.780
0.039 0.054 42.963 77.419 4.250
0.039 0.054 77.534 137.226 6.128
0.039 0.054 137.337 255.954 8.446
0.039 0.054 256.209 468.514 11.442
0.039 0.054 470.732 795.954 15.329
0.039 0.054 796.781 1409.355 17.968
0.039 0.054 1410.349 2690.072 23.438
0.039 0.054 2706.635 4995.965 29.615
0.054 0.072 1.591 20.219 44.885
0.054 0.072 20.333 40.410 60.419
0.054 0.072 40.504 67.823 74.196
0.054 0.072 67.932 122.029 111.005
0.054 0.072 122.119 242.576 141.860
0.054 0.072 244.022 442.788 182.420
0.054 0.072 444.901 729.252 211.068
0.054 0.072 730.370 1384.710 265.052
0.054 0.072 1387.688 2842.709 401.958
0.054 0.072 2848.764 4989.069 576.470
0.072 0.095 1.772 21.395 1.550
0.072 0.095 21.503 42.070 2.981
0.072 0.095 42.242 68.803 4.210
0.072 0.095 69.019 113.143 6.372
0.072 0.095 113.325 205.897 8.461
0.072 0.095 206.363 393.247 11.153
0.072 0.095 395.209 655.137 16.494
0.072 0.095 657.381 1250.190 20.067
0.072 0.095 1250.590 2715.311 26.218
0.072 0.095 2722.389 4995.175 34.956
0.095 0.121 1.715 23.615 57.059
0.095 0.121 23.754 47.744 70.020
0.095 0.121 47.789 75.396 91.432
0.095 0.121 75.435 108.581 126.326
0.095 0.121 108.827 163.001 159.259
0.095 0.121 163.647 323.944 206.380
0.095 0.121 324.693 537.746 265.822
0.095 0.121 539.038 1018.498 401.237
0.095 0.121 1031.990 2500.560 550.970
0.095 0.121 2507.996 4997.872 708.295
0.121 0.151 1.830 24.859 1.572
0.121 0.151 24.946 50.914 3.363
0.121 0.151 51.012 74.031 5.065
0.121 0.151 74.137 100.295 7.487
0.121 0.151 100.436 145.737 10.411
0.121 0.151 146.327 292.000 12.678
0.121 0.151 292.448 479.681 16.184
0.121 0.151 480.174 919.565 21.233
0.121 0.151 924.427 2404.906 31.636
0.121 0.151 2409.655 4997.916 44.011
0.151 0.187 1.785 24.645 60.765
0.151 0.187 24.742 48.533 79.076
0.151 0.187 48.581 68.635 104.239
0.151 0.186 68.683 91.618 136.576
0.151 0.187 91.709 137.992 177.403
0.151 0.187 138.100 274.780 249.096
0.151 0.187 275.558 459.492 380.835
0.151 0.187 460.054 886.188 564.510
0.151 0.187 888.063 2403.354 706.269
0.151 0.187 2405.248 4993.660 890.055
0.187 0.229 1.865 24.886 2.315
0.187 0.229 24.991 45.780 4.278
0.187 0.229 45.838 63.467 7.464
0.187 0.229 63.535 85.202 9.309
0.187 0.229 85.223 128.815 12.590
0.187 0.229 128.902 256.106 16.772
0.187 0.229 256.310 444.482 20.619
0.187 0.229 444.820 861.741 25.103
0.187 0.229 862.849 2394.082 38.455
0.187 0.229 2394.831 4998.543 44.238
0.229 0.279 1.618 24.542 45.749
0.229 0.279 24.583 42.227 99.154
0.229 0.279 42.271 59.068 117.200
0.229 0.279 59.075 79.817 155.294
0.229 0.279 79.864 121.061 184.361
0.229 0.279 121.222 241.761 289.929
0.229 0.279 242.073 431.262 379.222
0.229 0.279 431.982 843.065 646.896
0.229 0.279 845.625 2404.713 878.542
0.229 0.279 2405.542 4995.426 1205.638
0.279 0.337 1.738 22.995 2.578
0.279 0.337 23.010 38.969 5.932
0.279 0.337 38.983 55.375 8.747
0.279 0.337 55.451 76.535 12.815
0.279 0.337 76.643 117.552 17.747
0.279 0.337 117.825 240.034 22.873
0.279 0.337 240.317 438.253 27.399
0.279 0.337 438.468 844.981 30.500
0.279 0.337 847.827 2442.174 35.988
0.279 0.337 2444.491 4985.571 44.160
0.338 0.398 2.317 20.901 70.039
0.337 0.398 20.927 36.433 88.603
0.338 0.398 36.445 54.469 127.026
0.338 0.398 54.491 78.586 140.676
0.337 0.398 78.695 135.503 196.241
0.337 0.398 135.580 270.767 272.901
0.338 0.398 271.621 486.367 406.999
0.338 0.398 487.080 952.452 624.887
0.337 0.398 954.460 2597.670 961.534
0.337 0.398 2602.833 4995.178 1244.807
0.398 0.452 1.973 17.980 3.409
0.398 0.452 18.007 34.211 7.006
0.398 0.452 34.272 56.763 11.817
0.398 0.452 56.787 89.550 17.014
0.398 0.452 89.608 202.449 20.855
0.398 0.452 202.567 353.222 26.614
0.398 0.452 353.678 604.505 27.997
0.398 0.452 606.227 1318.435 32.604
0.398 0.452 1320.730 2871.657 38.544
0.398 0.452 2873.540 4998.056 46.669
0.452 0.498 2.144 16.520 64.543
0.452 0.498 16.540 33.008 94.251
0.452 0.498 33.234 60.804 122.584
0.452 0.498 60.865 126.647 157.963
0.452 0.498 127.125 276.286 199.129
0.452 0.498 276.566 452.330 297.490
0.452 0.498 452.347 725.986 457.748
0.452 0.498 726.945 1662.283 668.589
0.452 0.498 1664.046 3063.335 1141.745
0.452 0.498 3068.170 4994.168 1562.231
0.498 0.538 1.950 16.010 3.771
0.498 0.538 16.096 32.477 8.705
0.498 0.538 32.633 66.406 13.779
0.498 0.538 66.514 185.641 19.084
0.498 0.538 186.115 341.893 22.495
0.498 0.538 342.428 526.416 27.038
0.498 0.538 526.655 807.664 30.818
0.498 0.538 811.808 1836.346 34.937
0.498 0.538 1838.222 3197.629 40.522
0.498 0.538 3200.867 4998.494 51.149
0.538 0.576 2.153 15.947 73.200
0.538 0.575 16.005 32.452 101.709
0.538 0.576 32.588 71.982 133.891
0.538 0.576 72.337 232.765 182.628
0.538 0.576 233.325 390.655 244.827
0.538 0.576 391.537 570.741 313.966
0.538 0.576 571.703 861.579 510.434
0.538 0.575 862.035 1964.666 858.127
0.538 0.576 1967.076 3338.334 1286.023
0.538 0.576 3344.844 4999.162 1953.450
0.576 0.613 2.051 16.117 4.527
0.576 0.613 16.147 32.057 9.422
0.576 0.613 32.131 78.370 15.708
0.576 0.613 78.537 275.850 20.350
0.576 0.613 276.416 428.533 24.756
0.576 0.613 429.248 607.684 30.328
0.576 0.613 608.065 906.515 35.314
0.576 0.613 907.821 2076.535 37.798
0.576 0.613 2079.750 3439.069 45.105
0.576 0.613 3444.624 4996.635 55.237
0.614 0.655 2.200 16.143 83.240
0.614 0.655 16.200 32.103 108.067
0.614 0.655 32.135 87.359 155.223
0.614 0.655 87.462 307.635 190.630
0.614 0.655 308.127 451.112 258.564
0.613 0.655 451.596 626.235 358.478
0.614 0.655 627.317 926.765 580.375
0.614 0.655 930.049 2143.083 977.619
0.614 0.655 2151.680 3477.592 1506.448
0.614 0.655 3480.449 4999.624 2032.992
0.655 0.710 2.038 16.233 5.036
0.655 0.710 16.267 31.291 12.494
0.655 0.709 31.313 98.038 18.175
0.655 0.709 98.258 331.396 23.169
0.655 0.710 331.884 471.544 27.634
0.655 0.710 472.295 643.359 30.904
0.655 0.710 643.412 948.207 36.188
0.655 0.709 949.548 2221.491 45.068
0.655 0.710 2224.559 3541.177 50.080
0.656 0.710 3545.756 4999.531 60.874
0.710 0.931 1.773 15.982 91.436
0.710 0.916 16.021 29.976 131.607
0.710 0.918 30.128 118.494 175.198
0.710 0.931 120.486 348.061 222.999
0.710 0.929 348.612 489.794 318.723
0.710 0.943 490.141 656.777 429.962
0.710 0.925 658.492 953.026 640.026
0.710 0.940 954.840 2275.581 1126.724
0.710 0.933 2280.318 3585.066 1759.505
0.710 0.921 3589.333 4997.754 2324.781
0.007 0.027 1.639 27.057 5.840
0.007 0.027 27.162 58.234 12.538
0.008 0.027 58.251 95.470 18.678
0.008 0.027 95.751 151.012 24.556
0.007 0.027 151.188 285.530 29.234
0.006 0.027 286.980 587.564 35.561
0.007 0.027 589.109 916.996 41.405
0.008 0.027 917.863 1390.963 48.103
0.006 0.027 1394.187 2269.659 52.636
0.006 0.027 2275.741 4993.467 72.534
0.027 0.039 1.776 24.789 95.557
0.027 0.039 24.831 54.308 136.433
0.027 0.039 54.517 97.046 193.718
0.027 0.039 97.084 149.658 283.678
0.027 0.039 149.903 253.765 341.642
0.027 0.039 254.298 515.541 508.060
0.027 0.039 516.685 901.567 728.542
0.027 0.039 903.933 1429.625 1362.995
0.027 0.039 1431.335 2398.879 2009.741
0.027 0.039 2405.218 4991.673 2825.026
0.039 0.054 1.797 20.617 5.931
0.039 0.054 20.651 42.945 14.013
0.039 0.054 42.957 77.453 20.269
0.039 0.054 77.525 137.105 26.586
0.039 0.054 137.299 255.557 32.774
0.039 0.054 256.165 467.971 37.233
0.039 0.054 469.861 796.137 46.721
0.039 0.054 796.781 1407.681 54.840
0.039 0.054 1412.744 2694.682 69.266
0.039 0.054 2697.604 4992.848 89.735
0.054 0.072 1.655 20.127 138.260
0.054 0.072 20.323 40.454 207.189
0.054 0.072 40.512 67.760 264.665
0.054 0.072 67.956 122.094 341.162
0.054 0.072 122.110 243.817 467.673
0.054 0.072 244.022 442.742 609.950
0.054 0.072 443.522 729.108 1041.422
0.054 0.072 729.756 1385.596 1765.406
0.054 0.072 1387.268 2845.950 2603.153
0.054 0.072 2848.764 4998.108 3563.388
0.072 0.095 2.093 21.372 6.358
0.072 0.095 21.450 42.172 13.200
0.072 0.095 42.287 68.951 18.436
0.072 0.095 69.053 112.994 25.339
0.072 0.095 113.344 206.063 32.629
0.072 0.095 206.477 393.445 46.004
0.072 0.094 393.796 654.572 52.594
0.072 0.095 657.367 1250.294 70.821
0.072 0.095 1252.553 2704.019 90.524
0.072 0.095 2723.558 4987.844 154.929
0.095 0.121 1.916 23.620 204.420
0.095 0.121 23.768 47.750 258.540
0.095 0.121 47.827 75.364 352.072
0.095 0.121 75.454 108.610 478.627
0.095 0.121 108.778 162.996 615.629
0.095 0.121 163.588 323.690 889.461
0.095 0.121 324.019 537.881 1460.178
0.095 0.121 538.230 1024.171 2221.403
0.095 0.121 1030.077 2499.317 3020.342
0.095 0.121 2508.936 4993.170 4099.807
0.121 0.151 1.761 24.891 5.734
0.121 0.151 25.035 50.895 11.470
0.121 0.151 50.996 74.026 18.332
0.121 0.151 74.066 100.358 24.863
0.121 0.151 100.437 145.795 35.072
0.121 0.151 146.354 292.028 47.405
0.121 0.151 292.943 479.109 64.165
0.121 0.151 480.060 918.530 87.545
0.121 0.151 923.245 2400.638 147.331
0.121 0.151 2408.962 4995.392 230.556
0.151 0.187 1.696 24.640 293.540
0.151 0.187 24.683 48.548 375.881
0.151 0.187 48.597 68.623 463.926
0.151 0.187 68.694 91.572 591.006
0.151 0.187 91.693 137.864 732.794
0.151 0.187 138.074 274.992 1224.981
0.151 0.187 275.420 459.083 1789.045
0.151 0.187 460.176 885.561 2424.521
0.151 0.187 887.034 2404.061 3340.651
0.151 0.187 2408.542 4984.385 4190.160
0.187 0.229 1.768 24.947 6.165
0.187 0.229 24.961 45.806 12.100
0.187 0.229 45.870 63.509 17.424
0.187 0.229 63.564 85.193 25.140
0.187 0.229 85.241 128.639 35.725
0.187 0.229 128.978 256.067 50.989
0.187 0.229 256.318 444.537 71.682
0.187 0.228 446.204 860.983 137.476
0.187 0.229 863.001 2387.087 202.131
0.187 0.229 2405.489 4998.064 272.787
0.229 0.279 1.934 24.501 367.007
0.229 0.279 24.581 42.169 433.144
0.229 0.279 42.256 59.028 552.277
0.229 0.279 59.071 79.849 681.518
0.229 0.279 79.863 121.045 837.816
0.229 0.279 121.233 241.930 1455.753
0.229 0.279 242.344 431.823 2044.868
0.229 0.279 431.883 841.897 2584.117
0.229 0.279 844.903 2404.713 3298.360
0.229 0.279 2405.460 4997.713 3898.494
0.279 0.337 1.772 22.988 6.217
0.279 0.337 23.004 38.979 11.743
0.279 0.337 38.986 55.427 17.807
0.279 0.337 55.479 76.584 25.019
0.279 0.337 76.729 117.478 35.644
0.279 0.337 117.812 239.198 55.170
0.279 0.337 240.306 438.213 84.248
0.279 0.337 438.734 844.828 177.150
0.279 0.337 847.069 2442.445 260.793
0.279 0.337 2448.521 4998.343 332.761
0.338 0.398 2.243 20.864 410.504
0.337 0.398 20.927 36.388 479.181
0.337 0.398 36.490 54.454 601.340
0.338 0.398 54.499 78.585 703.955
0.338 0.398 78.685 135.345 933.732
0.337 0.398 135.597 270.995 1551.178
0.337 0.398 271.291 485.913 2222.055
0.337 0.398 486.967 953.969 2769.392
0.337 0.398 954.640 2594.481 3601.670
0.337 0.398 2600.412 4991.744 4148.156
0.398 0.452 2.134 17.980 6.504
0.398 0.452 17.999 34.230 11.512
0.398 0.452 34.255 56.623 17.834
0.398 0.452 56.795 89.506 25.142
0.398 0.452 89.560 202.292 35.352
0.398 0.452 202.657 353.237 57.302
0.398 0.452 353.646 604.640 121.875
0.398 0.452 605.114 1317.778 210.051
0.398 0.452 1320.458 2868.914 293.742
0.398 0.452 2873.696 4999.320 379.730
0.452 0.498 1.896 16.530 454.535
0.452 0.498 16.553 33.199 516.615
0.452 0.498 33.355 60.839 637.715
0.452 0.498 60.931 126.799 742.612
0.452 0.498 127.380 276.544 1099.210
0.452 0.498 276.590 452.242 1622.013
0.452 0.498 452.864 725.986 2286.503
0.452 0.498 726.409 1659.569 2960.808
0.452 0.498 1665.600 3063.160 3659.019
0.452 0.498 3068.818 4996.789 4344.540
0.498 0.538 1.737 16.084 6.850
0.498 0.538 16.103 32.567 12.314
0.498 0.538 32.615 66.261 19.023
0.498 0.538 66.486 184.843 25.808
0.498 0.538 185.991 341.953 36.765
0.498 0.538 342.255 526.064 57.846
0.498 0.538 526.530 809.679 151.481
0.498 0.538 812.034 1836.291 245.175
0.498 0.538 1836.583 3196.894 321.364
0.498 0.538 3199.078 4995.635 389.464
0.538 0.576 1.798 15.958 470.130
0.538 0.576 16.006 32.378 552.166
0.538 0.576 32.470 72.131 658.982
0.538 0.576 72.195 232.537 784.189
0.538 0.576 232.950 390.954 1119.585
0.538 0.576 391.753 571.026 1709.696
0.538 0.576 571.713 860.819 2408.956
0.538 0.576 861.967 1965.453 3005.398
0.538 0.576 1967.343 3340.824 3679.680
0.538 0.576 3346.423 4996.119 4469.554
0.576 0.613 1.954 16.118 7.042
0.576 0.613 16.152 32.038 12.722
0.576 0.613 32.159 78.477 18.315
0.576 0.613 79.029 275.288 26.200
0.576 0.613 276.525 428.681 36.058
0.576 0.613 429.451 606.820 64.745
0.576 0.613 608.090 906.308 177.881
0.576 0.613 906.946 2075.286 284.209
0.576 0.613 2077.471 3441.348 348.317
0.576 0.613 3447.103 4991.711 418.858
0.614 0.655 1.936 16.179 489.645
0.614 0.655 16.195 32.040 579.742
0.614 0.655 32.123 87.270 654.382
0.613 0.655 87.456 307.454 792.538
0.613 0.655 308.459 451.125 1276.658
0.614 0.655 451.224 625.831 1820.388
0.614 0.655 627.257 926.815 2417.940
0.614 0.655 928.867 2148.502 3150.389
0.614 0.655 2149.389 3476.249 3679.523
0.614 0.655 3479.657 4993.521 4480.845
0.655 0.710 1.828 16.218 7.040
0.655 0.710 16.289 31.239 12.866
0.655 0.709 31.330 97.522 18.451
0.655 0.709 98.585 331.696 25.377
0.655 0.709 331.824 471.800 35.272
0.655 0.710 471.910 642.371 64.803
0.655 0.710 643.727 947.488 217.303
0.655 0.710 948.341 2221.491 309.883
0.655 0.710 2224.608 3541.197 377.114
0.655 0.709 3551.712 4999.472 447.574
0.710 0.921 1.816 15.995 523.219
0.710 0.948 15.998 30.037 587.498
0.710 0.907 30.045 119.843 704.595
0.710 0.925 120.190 348.103 820.092
0.710 0.944 348.483 489.829 1293.665
0.710 0.943 490.093 657.125 1888.336
0.710 0.939 657.962 952.994 2503.135
0.710 0.904 954.487 2277.012 3184.892
0.710 0.900 2280.161 3585.568 3880.332
0.710 0.922 3589.536 4998.198 4522.630
