Agg-Agg collection for the random orientation. 
Characteristic values taken from the peak of a fit 
gamma distribution from 300 aggregates. 
Ranges are taken from the bin edges (maximum range) 
Order: agg phi min, agg phi max, agg r min, agg r max, value 
0.005 0.269 2.032 13.744 20.100 
0.005 0.269 13.744 23.402 42.199 
0.005 0.269 23.402 33.433 65.278 
0.005 0.269 33.433 45.658 92.569 
0.005 0.269 45.658 62.414 123.526 
0.005 0.269 62.414 84.706 167.661 
0.005 0.269 84.706 116.526 216.546 
0.005 0.269 116.526 158.997 329.047 
0.005 0.269 158.997 213.585 388.627 
0.005 0.269 213.585 281.543 552.919 
0.005 0.269 281.543 368.432 787.000 
0.005 0.269 368.432 483.570 1034.185 
0.005 0.269 483.570 645.412 1277.428 
0.005 0.269 645.412 870.675 1513.615 
0.005 0.269 870.675 1187.765 2328.946 
0.005 0.269 1187.765 1630.783 2946.373 
0.005 0.269 1630.783 2208.687 4299.469 
0.005 0.269 2208.687 2914.323 5583.952 
0.005 0.269 2914.323 3818.244 7581.824 
0.005 0.269 3818.244 4999.616 8692.168 
0.269 0.325 2.317 16.459 20.461 
0.269 0.325 16.459 28.049 46.156 
0.269 0.325 28.049 40.398 66.601 
0.269 0.325 40.398 55.953 96.067 
0.269 0.325 55.953 75.788 133.988 
0.269 0.325 75.788 101.372 179.469 
0.269 0.325 101.372 136.840 223.460 
0.269 0.325 136.840 184.466 307.944 
0.269 0.325 184.466 244.069 437.115 
0.269 0.325 244.069 319.131 563.961 
0.269 0.325 319.131 411.598 700.473 
0.269 0.325 411.598 530.714 889.385 
0.269 0.325 530.714 691.840 1234.882 
0.269 0.325 691.840 916.048 1506.537 
0.269 0.325 916.048 1238.510 2037.122 
0.269 0.325 1238.510 1677.387 2968.710 
0.269 0.325 1677.387 2237.071 3473.489 
0.269 0.325 2237.071 2943.684 4761.470 
0.269 0.325 2943.684 3867.483 6373.487 
0.269 0.325 3867.483 4999.992 8452.308 
0.325 0.358 2.245 16.416 22.576 
0.325 0.358 16.416 28.093 43.036 
0.325 0.358 28.093 40.456 69.411 
0.325 0.358 40.456 54.697 88.196 
0.325 0.358 54.697 72.571 116.923 
0.325 0.358 72.571 96.379 174.138 
0.325 0.358 96.379 131.003 217.006 
0.325 0.358 131.003 178.684 306.852 
0.325 0.358 178.684 242.100 392.898 
0.325 0.358 242.100 318.835 552.937 
0.325 0.358 318.835 412.905 672.327 
0.325 0.358 412.905 529.357 925.933 
0.325 0.358 529.357 683.736 1180.000 
0.325 0.358 683.736 891.895 1485.909 
0.325 0.358 891.895 1192.679 1900.425 
0.325 0.358 1192.679 1616.217 2610.090 
0.325 0.358 1616.217 2189.903 3767.754 
0.325 0.358 2189.903 2929.253 4904.913 
0.325 0.358 2929.253 3851.653 6646.344 
0.325 0.358 3851.653 4999.905 8154.255 
0.358 0.383 2.107 16.172 19.617 
0.358 0.383 16.172 27.752 41.104 
0.358 0.383 27.752 40.001 66.514 
0.358 0.383 40.001 54.260 87.924 
0.358 0.383 54.260 71.546 123.293 
0.358 0.383 71.546 94.809 165.601 
0.358 0.383 94.809 128.017 205.545 
0.358 0.383 128.017 174.064 294.093 
0.358 0.383 174.064 235.355 396.575 
0.358 0.383 235.355 314.280 545.578 
0.358 0.383 314.280 409.976 673.512 
0.358 0.383 409.976 527.907 862.732 
0.358 0.383 527.907 681.902 1173.099 
0.358 0.383 681.902 892.521 1509.357 
0.358 0.383 892.521 1191.197 2048.669 
0.358 0.383 1191.197 1620.781 2748.282 
0.358 0.383 1620.781 2205.276 3519.237 
0.358 0.383 2205.276 2952.717 5049.760 
0.358 0.383 2952.717 3868.543 6242.532 
0.358 0.383 3868.543 4999.849 8527.110 
0.383 0.404 2.095 15.903 19.144 
0.383 0.404 15.903 27.108 40.870 
0.383 0.404 27.108 39.291 63.070 
0.383 0.404 39.291 53.272 90.283 
0.383 0.404 53.272 70.589 119.671 
0.383 0.404 70.589 93.429 157.207 
0.383 0.404 93.429 125.385 209.023 
0.383 0.404 125.385 171.820 285.822 
0.383 0.404 171.820 232.652 390.299 
0.383 0.404 232.652 310.746 535.758 
0.383 0.404 310.746 408.728 699.955 
0.383 0.404 408.728 528.704 915.402 
0.383 0.404 528.704 682.857 1164.709 
0.383 0.404 682.857 885.900 1509.432 
0.383 0.404 885.900 1174.215 1977.726 
0.383 0.404 1174.215 1602.367 2679.274 
0.383 0.404 1602.367 2174.903 3848.673 
0.383 0.404 2174.903 2929.521 4771.695 
0.383 0.404 2929.521 3850.135 6206.278 
0.383 0.404 3850.135 4999.840 8765.900 
0.404 0.423 2.121 16.050 18.768 
0.404 0.423 16.050 27.084 43.087 
0.404 0.423 27.084 39.191 64.353 
0.404 0.423 39.191 53.257 88.484 
0.404 0.423 53.257 70.078 119.707 
0.404 0.423 70.078 91.908 157.510 
0.404 0.423 91.908 124.450 202.506 
0.404 0.423 124.450 170.540 271.876 
0.404 0.423 170.540 233.399 394.415 
0.404 0.423 233.399 312.799 536.112 
0.404 0.423 312.799 410.592 697.303 
0.404 0.423 410.592 531.943 902.971 
0.404 0.423 531.943 682.277 1221.158 
0.404 0.423 682.277 877.275 1481.617 
0.404 0.423 877.275 1155.482 1987.648 
0.404 0.423 1155.482 1571.027 2445.934 
0.404 0.423 1571.027 2141.398 3551.784 
0.404 0.423 2141.398 2867.821 4783.797 
0.404 0.423 2867.821 3819.701 6365.099 
0.404 0.423 3819.701 4999.925 8074.991 
0.423 0.441 2.163 15.812 18.110 
0.423 0.441 15.812 26.684 41.073 
0.423 0.441 26.684 38.697 59.088 
0.423 0.441 38.697 52.428 86.875 
0.423 0.441 52.428 68.874 114.658 
0.423 0.441 68.874 89.649 147.599 
0.423 0.441 89.649 119.662 199.729 
0.423 0.441 119.662 164.552 270.821 
0.423 0.441 164.552 224.612 364.132 
0.423 0.441 224.612 303.661 508.631 
0.423 0.441 303.661 402.697 673.192 
0.423 0.441 402.697 520.427 871.507 
0.423 0.441 520.427 666.785 1129.292 
0.423 0.441 666.785 858.128 1373.455 
0.423 0.441 858.128 1138.328 1874.533 
0.423 0.441 1138.328 1539.928 2518.015 
0.423 0.441 1539.928 2109.175 3441.828 
0.423 0.441 2109.175 2877.029 4791.786 
0.423 0.441 2877.029 3845.983 6433.201 
0.423 0.441 3845.983 4999.556 8317.736 
0.441 0.457 2.073 15.603 20.554 
0.441 0.457 15.603 26.597 40.356 
0.441 0.457 26.597 38.567 63.794 
0.441 0.457 38.567 52.348 89.076 
0.441 0.457 52.348 68.617 113.906 
0.441 0.457 68.617 88.968 150.634 
0.441 0.457 88.968 118.724 181.981 
0.441 0.457 118.724 162.375 264.054 
0.441 0.457 162.375 223.601 364.330 
0.441 0.457 223.601 304.133 500.043 
0.441 0.457 304.133 404.692 666.031 
0.441 0.457 404.692 524.039 873.007 
0.441 0.457 524.039 670.243 1130.373 
0.441 0.457 670.243 858.085 1483.179 
0.441 0.457 858.085 1128.769 1954.472 
0.441 0.457 1128.769 1541.200 2522.816 
0.441 0.457 1541.200 2114.324 3652.515 
0.441 0.457 2114.324 2871.485 4485.724 
0.441 0.457 2871.485 3835.182 6324.489 
0.441 0.457 3835.182 4999.915 8308.089 
0.457 0.473 2.065 15.823 18.426 
0.457 0.473 15.823 26.658 40.714 
0.457 0.473 26.658 38.879 58.866 
0.457 0.473 38.879 52.501 90.546 
0.457 0.473 52.501 68.327 119.453 
0.457 0.473 68.327 88.614 149.379 
0.457 0.473 88.614 117.263 190.224 
0.457 0.473 117.263 160.078 256.371 
0.457 0.473 160.078 220.967 376.410 
0.457 0.473 220.967 299.748 507.179 
0.457 0.473 299.748 403.075 703.828 
0.457 0.473 403.075 520.772 878.688 
0.457 0.473 520.772 665.458 1122.076 
0.457 0.473 665.458 850.521 1457.325 
0.457 0.473 850.521 1111.418 1824.026 
0.457 0.473 1111.418 1520.858 2448.597 
0.457 0.473 1520.858 2083.577 3389.233 
0.457 0.473 2083.577 2865.357 4611.398 
0.457 0.473 2865.357 3822.818 6376.236 
0.457 0.473 3822.818 4999.951 8431.706 
0.473 0.489 2.128 15.734 19.032 
0.473 0.489 15.734 26.499 41.018 
0.473 0.489 26.499 39.000 62.052 
0.473 0.489 39.000 52.782 87.356 
0.473 0.489 52.782 68.854 113.934 
0.473 0.489 68.854 88.258 148.645 
0.473 0.489 88.258 115.900 198.772 
0.473 0.489 115.900 158.736 244.076 
0.473 0.489 158.736 217.855 353.090 
0.473 0.489 217.855 298.485 474.380 
0.473 0.489 298.485 399.766 671.492 
0.473 0.489 399.766 518.525 861.548 
0.473 0.489 518.525 662.692 1157.359 
0.473 0.489 662.692 840.755 1391.275 
0.473 0.489 840.755 1097.569 1785.501 
0.473 0.489 1097.569 1494.319 2368.240 
0.473 0.489 1494.319 2050.646 3502.771 
0.473 0.489 2050.646 2814.843 4602.917 
0.473 0.489 2814.843 3804.285 6094.373 
0.473 0.489 3804.285 4999.515 8205.917 
0.489 0.505 2.133 15.601 18.339 
0.489 0.505 15.601 26.631 39.264 
0.489 0.505 26.631 39.064 63.688 
0.489 0.505 39.064 52.671 85.637 
0.489 0.505 52.671 68.569 115.396 
0.489 0.505 68.569 88.110 147.079 
0.489 0.505 88.110 115.670 188.730 
0.489 0.505 115.670 158.121 255.241 
0.489 0.505 158.121 216.661 368.960 
0.489 0.505 216.661 298.244 476.348 
0.489 0.505 298.244 401.098 661.095 
0.489 0.505 401.098 520.265 917.391 
0.489 0.505 520.265 664.727 1160.203 
0.489 0.505 664.727 845.402 1416.625 
0.489 0.505 845.402 1109.888 1850.245 
0.489 0.505 1109.888 1512.244 2379.384 
0.489 0.505 1512.244 2067.710 3518.959 
0.489 0.505 2067.710 2816.416 4593.060 
0.489 0.505 2816.416 3795.783 6113.099 
0.489 0.505 3795.783 4999.953 8094.239 
0.505 0.521 2.068 15.835 19.501 
0.505 0.521 15.835 26.585 39.438 
0.505 0.521 26.585 39.090 60.472 
0.505 0.521 39.090 52.800 87.228 
0.505 0.521 52.800 68.596 118.553 
0.505 0.521 68.596 87.730 143.828 
0.505 0.521 87.730 113.886 185.250 
0.505 0.521 113.886 155.714 250.696 
0.505 0.521 155.714 215.604 344.864 
0.505 0.521 215.604 297.321 479.852 
0.505 0.521 297.321 404.333 645.855 
0.505 0.521 404.333 525.386 917.213 
0.505 0.521 525.386 666.415 1140.582 
0.505 0.521 666.415 844.112 1403.045 
0.505 0.521 844.112 1100.703 1904.943 
0.505 0.521 1100.703 1490.122 2401.432 
0.505 0.521 1490.122 2045.064 3513.971 
0.505 0.521 2045.064 2804.524 4383.021 
0.505 0.521 2804.524 3820.658 6514.607 
0.505 0.521 3820.658 4999.709 8784.312 
0.521 0.538 2.011 15.784 19.822 
0.521 0.538 15.784 26.827 38.871 
0.521 0.538 26.827 39.060 61.218 
0.521 0.538 39.060 52.576 89.699 
0.521 0.538 52.576 68.224 117.745 
0.521 0.538 68.224 87.160 141.390 
0.521 0.538 87.160 114.282 189.884 
0.521 0.538 114.282 155.163 254.391 
0.521 0.538 155.163 213.714 333.338 
0.521 0.538 213.714 296.611 483.633 
0.521 0.538 296.611 402.073 643.365 
0.521 0.538 402.073 520.124 842.353 
0.521 0.538 520.124 660.516 1132.447 
0.521 0.538 660.516 837.053 1375.051 
0.521 0.538 837.053 1085.873 1778.282 
0.521 0.538 1085.873 1479.356 2368.338 
0.521 0.538 1479.356 2027.642 3189.785 
0.521 0.538 2027.642 2800.954 4467.450 
0.521 0.538 2800.954 3824.158 6507.062 
0.521 0.538 3824.158 4999.731 8692.040 
0.538 0.556 1.959 16.035 18.504 
0.538 0.556 16.035 27.261 40.242 
0.538 0.556 27.261 39.707 61.448 
0.538 0.556 39.707 53.309 90.990 
0.538 0.556 53.309 68.910 112.796 
0.538 0.556 68.910 87.528 142.454 
0.538 0.556 87.528 113.734 185.566 
0.538 0.556 113.734 154.443 266.182 
0.538 0.556 154.443 210.985 326.965 
0.538 0.556 210.985 296.495 496.026 
0.538 0.556 296.495 401.600 678.809 
0.538 0.556 401.600 521.571 859.002 
0.538 0.556 521.571 661.582 1175.119 
0.538 0.556 661.582 833.752 1434.399 
0.538 0.556 833.752 1081.348 1783.586 
0.538 0.556 1081.348 1468.501 2359.089 
0.538 0.556 1468.501 2015.895 3290.594 
0.538 0.556 2015.895 2794.352 4514.283 
0.538 0.556 2794.352 3825.022 6183.249 
0.538 0.556 3825.022 4999.915 8073.219 
0.556 0.576 2.057 16.235 19.843 
0.556 0.576 16.235 27.663 40.381 
0.556 0.576 27.663 40.170 65.058 
0.556 0.576 40.170 53.725 88.767 
0.556 0.576 53.725 69.260 120.406 
0.556 0.576 69.260 88.182 145.057 
0.556 0.576 88.182 114.177 197.467 
0.556 0.576 114.177 155.669 245.597 
0.556 0.576 155.669 214.206 359.060 
0.556 0.576 214.206 299.457 496.131 
0.556 0.576 299.457 406.963 695.137 
0.556 0.576 406.963 528.749 924.693 
0.556 0.576 528.749 667.432 1111.968 
0.556 0.576 667.432 836.908 1428.884 
0.556 0.576 836.908 1078.523 1721.528 
0.556 0.576 1078.523 1459.752 2357.677 
0.556 0.576 1459.752 2008.696 3123.356 
0.556 0.576 2008.696 2800.368 4466.797 
0.556 0.576 2800.368 3830.092 6436.112 
0.556 0.576 3830.092 4999.994 8358.064 
0.576 0.597 1.885 16.800 19.712 
0.576 0.597 16.800 28.381 41.320 
0.576 0.597 28.381 40.803 65.730 
0.576 0.597 40.803 54.480 91.564 
0.576 0.597 54.480 70.035 123.496 
0.576 0.597 70.035 88.211 152.290 
0.576 0.597 88.211 114.662 194.257 
0.576 0.597 114.662 156.848 260.386 
0.576 0.597 156.848 216.230 338.314 
0.576 0.597 216.230 303.278 512.989 
0.576 0.597 303.278 407.621 677.995 
0.576 0.597 407.621 529.669 915.659 
0.576 0.597 529.669 668.721 1099.623 
0.576 0.597 668.721 842.355 1462.317 
0.576 0.597 842.355 1077.889 1778.874 
0.576 0.597 1077.889 1459.790 2442.431 
0.576 0.597 1459.790 2017.562 3175.269 
0.576 0.597 2017.562 2812.517 4580.276 
0.576 0.597 2812.517 3848.488 5936.589 
0.576 0.597 3848.488 4999.894 8312.997 
0.597 0.623 2.016 17.091 20.993 
0.597 0.623 17.091 28.629 43.310 
0.597 0.623 28.629 41.181 67.022 
0.597 0.623 41.181 54.658 86.459 
0.597 0.623 54.658 69.598 120.661 
0.597 0.623 69.598 87.530 149.437 
0.597 0.623 87.530 113.603 194.519 
0.597 0.623 113.603 156.064 246.085 
0.597 0.623 156.064 215.776 339.025 
0.597 0.623 215.776 301.167 476.342 
0.597 0.623 301.167 406.565 682.903 
0.597 0.623 406.565 525.619 858.699 
0.597 0.623 525.619 661.810 1149.437 
0.597 0.623 661.810 829.542 1386.994 
0.597 0.623 829.542 1058.257 1830.819 
0.597 0.623 1058.257 1434.368 2283.020 
0.597 0.623 1434.368 2001.650 3098.723 
0.597 0.623 2001.650 2827.656 4421.755 
0.597 0.623 2827.656 3837.685 6484.253 
0.597 0.623 3837.685 4999.871 8681.209 
0.623 0.654 1.941 17.263 19.615 
0.623 0.654 17.263 29.172 43.078 
0.623 0.654 29.172 41.906 68.391 
0.623 0.654 41.906 55.148 90.222 
0.623 0.654 55.148 69.527 115.879 
0.623 0.654 69.527 87.203 151.915 
0.623 0.654 87.203 112.969 188.668 
0.623 0.654 112.969 154.913 248.932 
0.623 0.654 154.913 216.686 365.545 
0.623 0.654 216.686 305.762 490.926 
0.623 0.654 305.762 413.938 694.369 
0.623 0.654 413.938 531.909 901.768 
0.623 0.654 531.909 671.510 1173.025 
0.623 0.654 671.510 839.122 1462.432 
0.623 0.654 839.122 1071.754 1798.062 
0.623 0.654 1071.754 1450.233 2410.822 
0.623 0.654 1450.233 2023.995 3229.864 
0.623 0.654 2023.995 2832.324 4758.301 
0.623 0.654 2832.324 3859.876 6228.197 
0.623 0.654 3859.876 4999.766 8112.714 
0.654 0.701 1.728 17.397 21.254 
0.654 0.701 17.397 29.316 42.674 
0.654 0.701 29.316 41.780 66.067 
0.654 0.701 41.780 54.858 93.613 
0.654 0.701 54.858 69.791 120.682 
0.654 0.701 69.791 87.176 149.361 
0.654 0.701 87.176 113.293 191.590 
0.654 0.701 113.293 155.795 248.624 
0.654 0.701 155.795 217.189 367.266 
0.654 0.701 217.189 307.899 493.103 
0.654 0.701 307.899 415.476 711.326 
0.654 0.701 415.476 533.665 895.489 
0.654 0.701 533.665 669.692 1160.557 
0.654 0.701 669.692 829.054 1469.861 
0.654 0.701 829.054 1050.558 1783.766 
0.654 0.701 1050.558 1422.824 2222.117 
0.654 0.701 1422.824 1999.265 3262.702 
0.654 0.701 1999.265 2826.120 4619.136 
0.654 0.701 2826.120 3850.650 6166.391 
0.654 0.701 3850.650 4999.985 8499.981 
0.701 0.973 1.813 17.547 19.918 
0.701 0.973 17.547 29.485 44.013 
0.701 0.973 29.485 42.070 70.616 
0.701 0.973 42.070 54.693 91.365 
0.701 0.973 54.693 68.856 117.942 
0.701 0.973 68.856 86.432 152.203 
0.701 0.973 86.432 110.708 191.756 
0.701 0.973 110.708 153.548 243.301 
0.701 0.973 153.548 215.082 346.474 
0.701 0.973 215.082 303.130 499.120 
0.701 0.973 303.130 410.670 687.244 
0.701 0.973 410.670 528.127 921.732 
0.701 0.973 528.127 657.337 1120.853 
0.701 0.973 657.337 817.302 1398.725 
0.701 0.973 817.302 1043.059 1800.520 
0.701 0.973 1043.059 1418.950 2324.860 
0.701 0.973 1418.950 1984.089 3276.650 
0.701 0.973 1984.089 2823.800 4629.786 
0.701 0.973 2823.800 3877.075 6522.375 
0.701 0.973 3877.075 4999.971 8466.862 
