Agg-Agg collection for the flat orientation.
Characteristic values taken from the peak of a fit
gamma distribution from 300 aggregates.
Ranges are taken from the aggregates being pulled from the db,
not the bin edges (maximum range)
Order: agg phi min, agg phi max, agg r min, agg r max, value
0.007 0.027 1.758 27.113 47.172
0.008 0.027 27.214 58.235 94.900
0.007 0.027 58.351 95.489 153.109
0.008 0.027 95.656 150.949 215.237
0.008 0.027 151.055 285.682 286.091
0.006 0.027 287.341 588.003 376.517
0.006 0.027 588.923 917.680 472.813
0.008 0.027 917.988 1391.976 554.138
0.007 0.027 1393.760 2268.130 756.347
0.007 0.027 2277.107 4996.112 1025.212
0.027 0.039 1.697 24.812 1551.553
0.027 0.039 24.882 54.271 2283.311
0.027 0.039 54.467 97.017 2892.051
0.027 0.039 97.101 149.571 3601.640
0.027 0.039 149.927 253.763 4353.542
0.027 0.039 254.000 515.541 5611.101
0.027 0.039 516.730 901.076 6888.151
0.027 0.039 904.045 1429.897 8963.012
0.027 0.039 1432.281 2383.616 12294.372
0.027 0.039 2404.060 4995.186 18648.787
0.039 0.054 1.666 20.579 40.240
0.039 0.054 20.667 42.776 74.113
0.039 0.054 42.963 77.419 114.959
0.039 0.054 77.534 137.226 173.709
0.039 0.054 137.337 255.954 233.359
0.039 0.054 256.209 468.514 320.170
0.039 0.054 470.732 795.954 386.747
0.039 0.054 796.781 1409.355 488.113
0.039 0.054 1410.349 2690.072 597.389
0.039 0.054 2706.635 4995.965 818.238
0.054 0.072 1.591 20.219 1213.285
0.054 0.072 20.333 40.410 1704.723
0.054 0.072 40.504 67.823 2136.844
0.054 0.072 67.932 122.029 2828.331
0.054 0.072 122.119 242.576 3696.211
0.054 0.072 244.022 442.788 4909.144
0.054 0.072 444.901 729.252 5723.132
0.054 0.072 730.370 1384.710 7429.713
0.054 0.072 1387.688 2842.709 11082.906
0.054 0.072 2848.764 4989.069 14978.120
0.072 0.095 1.772 21.395 29.326
0.072 0.095 21.503 42.070 56.598
0.072 0.095 42.242 68.803 85.303
0.072 0.095 69.019 113.143 122.836
0.072 0.095 113.325 205.897 161.435
0.072 0.095 206.363 393.247 211.766
0.072 0.095 395.209 655.137 284.531
0.072 0.095 657.381 1250.190 385.956
0.072 0.095 1250.590 2715.311 526.058
0.072 0.095 2722.389 4995.175 716.543
0.095 0.121 1.715 23.615 979.949
0.095 0.121 23.754 47.744 1380.335
0.095 0.121 47.789 75.396 1744.543
0.095 0.121 75.435 108.581 2212.474
0.095 0.121 108.827 163.001 3075.621
0.095 0.121 163.647 323.944 4146.973
0.095 0.121 324.693 537.746 5266.861
0.095 0.121 539.038 1018.498 7577.687
0.095 0.121 1031.990 2500.560 11081.131
0.095 0.121 2507.996 4997.872 13563.392
0.121 0.151 1.830 24.859 25.132
0.121 0.151 24.946 50.914 50.280
0.121 0.151 51.012 74.031 75.645
0.121 0.151 74.137 100.295 105.566
0.121 0.151 100.436 145.737 138.904
0.121 0.151 146.327 292.000 174.413
0.121 0.151 292.448 479.681 240.393
0.121 0.151 480.174 919.565 318.100
0.121 0.151 924.427 2404.906 430.089
0.121 0.151 2409.655 4997.916 571.285
0.151 0.187 1.785 24.645 833.317
0.151 0.187 24.742 48.533 1153.707
0.151 0.187 48.581 68.635 1526.789
0.151 0.186 68.683 91.618 1931.199
0.151 0.187 91.709 137.992 2438.704
0.151 0.187 138.100 274.780 3633.788
0.151 0.187 275.558 459.492 4643.826
0.151 0.187 460.054 886.188 7138.793
0.151 0.187 888.063 2403.354 10416.475
0.151 0.187 2405.248 4993.660 13341.652
0.187 0.229 1.865 24.886 25.733
0.187 0.229 24.991 45.780 46.776
0.187 0.229 45.838 63.467 73.036
0.187 0.229 63.535 85.202 97.743
0.187 0.229 85.223 128.815 136.095
0.187 0.229 128.902 256.106 172.325
0.187 0.229 256.310 444.482 201.945
0.187 0.229 444.820 861.741 256.347
0.187 0.229 862.849 2394.082 326.690
0.187 0.229 2394.831 4998.543 439.362
0.229 0.279 1.618 24.542 657.031
0.229 0.279 24.583 42.227 915.879
0.229 0.279 42.271 59.068 1184.189
0.229 0.279 59.075 79.817 1536.158
0.229 0.279 79.864 121.061 1989.540
0.229 0.279 121.222 241.761 2749.338
0.229 0.279 242.073 431.262 4252.004
0.229 0.279 431.982 843.065 6331.977
0.229 0.279 845.625 2404.713 8314.764
0.229 0.279 2405.542 4995.426 11182.274
0.279 0.337 1.738 22.995 22.652
0.279 0.337 23.010 38.969 47.625
0.279 0.337 38.983 55.375 69.080
0.279 0.337 55.451 76.535 100.010
0.279 0.337 76.643 117.552 129.503
0.279 0.337 117.825 240.034 160.393
0.279 0.337 240.317 438.253 191.671
0.279 0.337 438.468 844.981 227.612
0.279 0.337 847.827 2442.174 273.575
0.279 0.337 2444.491 4985.571 346.561
0.338 0.398 2.317 20.901 519.345
0.337 0.398 20.927 36.433 672.634
0.338 0.398 36.445 54.469 868.280
0.338 0.398 54.491 78.586 1117.703
0.337 0.398 78.695 135.503 1534.324
0.337 0.398 135.580 270.767 2082.970
0.338 0.398 271.621 486.367 3252.003
0.338 0.398 487.080 952.452 5083.821
0.337 0.398 954.460 2597.670 7882.204
0.337 0.398 2602.833 4995.178 10775.361
0.398 0.452 1.973 17.980 21.058
0.398 0.452 18.007 34.211 46.567
0.398 0.452 34.272 56.763 72.758
0.398 0.452 56.787 89.550 96.751
0.398 0.452 89.608 202.449 129.537
0.398 0.452 202.567 353.222 145.260
0.398 0.452 353.678 604.505 181.102
0.398 0.452 606.227 1318.435 203.201
0.398 0.452 1320.730 2871.657 232.203
0.398 0.452 2873.540 4998.056 280.139
0.452 0.498 2.144 16.520 423.666
0.452 0.498 16.540 33.008 562.979
0.452 0.498 33.234 60.804 715.301
0.452 0.498 60.865 126.647 943.681
0.452 0.498 127.125 276.286 1364.872
0.452 0.498 276.566 452.330 1846.806
0.452 0.498 452.347 725.986 2816.132
0.452 0.498 726.945 1662.283 4474.078
0.452 0.498 1664.046 3063.335 6969.932
0.452 0.498 3068.170 4994.168 9447.186
0.498 0.538 1.950 16.010 21.771
0.498 0.538 16.096 32.477 40.693
0.498 0.538 32.633 66.406 65.882
0.498 0.538 66.514 185.641 88.964
0.498 0.538 186.115 341.893 107.208
0.498 0.538 342.428 526.416 129.713
0.498 0.538 526.655 807.664 151.325
0.498 0.538 811.808 1836.346 170.850
0.498 0.538 1838.222 3197.629 210.863
0.498 0.538 3200.867 4998.494 240.947
0.538 0.576 2.153 15.947 336.021
0.538 0.575 16.005 32.452 520.651
0.538 0.576 32.588 71.982 650.053
0.538 0.576 72.337 232.765 814.099
0.538 0.576 233.325 390.655 1099.348
0.538 0.576 391.537 570.741 1668.175
0.538 0.576 571.703 861.579 2405.836
0.538 0.575 862.035 1964.666 4141.174
0.538 0.576 1967.076 3338.334 6512.075
0.538 0.576 3344.844 4999.162 9245.245
0.576 0.613 2.051 16.117 20.688
0.576 0.613 16.147 32.057 41.828
0.576 0.613 32.131 78.370 62.683
0.576 0.613 78.537 275.850 80.014
0.576 0.613 276.416 428.533 96.487
0.576 0.613 429.248 607.684 113.172
0.576 0.613 608.065 906.515 130.574
0.576 0.613 907.821 2076.535 150.488
0.576 0.613 2079.750 3439.069 171.437
0.576 0.613 3444.624 4996.635 214.506
0.614 0.655 2.200 16.143 291.340
0.614 0.655 16.200 32.103 443.539
0.614 0.655 32.135 87.359 595.515
0.614 0.655 87.462 307.635 740.518
0.614 0.655 308.127 451.112 1007.493
0.613 0.655 451.596 626.235 1484.213
0.614 0.655 627.317 926.765 2095.411
0.614 0.655 930.049 2143.083 3785.799
0.614 0.655 2151.680 3477.592 6103.573
0.614 0.655 3480.449 4999.624 8175.941
0.655 0.710 2.038 16.233 19.488
0.655 0.710 16.267 31.291 38.219
0.655 0.709 31.313 98.038 54.054
0.655 0.709 98.258 331.396 67.985
0.655 0.710 331.884 471.544 82.779
0.655 0.710 472.295 643.359 98.011
0.655 0.710 643.412 948.207 113.708
0.655 0.709 949.548 2221.491 136.598
0.655 0.710 2224.559 3541.177 153.009
0.656 0.710 3545.756 4999.531 184.880
0.710 0.931 1.773 15.982 252.401
0.710 0.916 16.021 29.976 385.050
0.710 0.918 30.128 118.494 497.813
0.710 0.931 120.486 348.061 662.238
0.710 0.929 348.612 489.794 972.032
0.710 0.943 490.141 656.777 1280.116
0.710 0.925 658.492 953.026 2122.219
0.710 0.940 954.840 2275.581 3589.505
0.710 0.933 2280.318 3585.066 5313.092
0.710 0.921 3589.333 4997.754 8186.733
0.007 0.027 1.639 27.057 15.733
0.007 0.027 27.162 58.234 31.759
0.008 0.027 58.251 95.470 47.932
0.008 0.027 95.751 151.012 61.440
0.007 0.027 151.188 285.530 76.512
0.006 0.027 286.980 587.564 90.466
0.007 0.027 589.109 916.996 101.103
0.008 0.027 917.863 1390.963 117.458
0.006 0.027 1394.187 2269.659 148.415
0.006 0.027 2275.741 4993.467 169.263
0.027 0.039 1.776 24.789 252.607
0.027 0.039 24.831 54.308 367.797
0.027 0.039 54.517 97.046 468.829
0.027 0.039 97.084 149.658 665.265
0.027 0.039 149.903 253.765 871.142
0.027 0.039 254.298 515.541 1292.804
0.027 0.039 516.685 901.567 1906.446
0.027 0.039 903.933 1429.625 3633.756
0.027 0.039 1431.335 2398.879 5448.765
0.027 0.039 2405.218 4991.673 7490.415
0.039 0.054 1.797 20.617 13.934
0.039 0.054 20.651 42.945 29.789
0.039 0.054 42.957 77.453 42.169
0.039 0.054 77.525 137.105 56.208
0.039 0.054 137.299 255.557 64.892
0.039 0.054 256.165 467.971 85.333
0.039 0.054 469.861 796.137 93.907
0.039 0.054 796.781 1407.681 114.090
0.039 0.054 1412.744 2694.682 147.186
0.039 0.054 2697.604 4992.848 194.183
0.054 0.072 1.655 20.127 280.562
0.054 0.072 20.323 40.454 404.705
0.054 0.072 40.512 67.760 542.838
0.054 0.072 67.956 122.094 735.699
0.054 0.072 122.110 243.817 948.527
0.054 0.072 244.022 442.742 1330.052
0.054 0.072 443.522 729.108 2167.804
0.054 0.072 729.756 1385.596 3719.941
0.054 0.072 1387.268 2845.950 5247.024
0.054 0.072 2848.764 4998.108 6832.889
0.072 0.095 2.093 21.372 11.384
0.072 0.095 21.450 42.172 24.934
0.072 0.095 42.287 68.951 36.572
0.072 0.095 69.053 112.994 49.437
0.072 0.095 113.344 206.063 64.266
0.072 0.095 206.477 393.445 83.570
0.072 0.094 393.796 654.572 104.414
0.072 0.095 657.367 1250.294 131.264
0.072 0.095 1252.553 2704.019 176.262
0.072 0.095 2723.558 4987.844 293.529
0.095 0.121 1.916 23.620 383.465
0.095 0.121 23.768 47.750 533.273
0.095 0.121 47.827 75.364 677.795
0.095 0.121 75.454 108.610 901.383
0.095 0.121 108.778 162.996 1151.683
0.095 0.121 163.588 323.690 1821.487
0.095 0.121 324.019 537.881 2813.262
0.095 0.121 538.230 1024.171 4318.400
0.095 0.121 1030.077 2499.317 5603.995
0.095 0.121 2508.936 4993.170 7333.559
0.121 0.151 1.761 24.891 11.898
0.121 0.151 25.035 50.895 23.011
0.121 0.151 50.996 74.026 35.389
0.121 0.151 74.066 100.358 46.388
0.121 0.151 100.437 145.795 64.010
0.121 0.151 146.354 292.028 91.389
0.121 0.151 292.943 479.109 122.642
0.121 0.151 480.060 918.530 171.069
0.121 0.151 923.245 2400.638 279.201
0.121 0.151 2408.962 4995.392 426.682
0.151 0.187 1.696 24.640 558.182
0.151 0.187 24.683 48.548 664.480
0.151 0.187 48.597 68.623 844.066
0.151 0.187 68.694 91.572 1090.653
0.151 0.187 91.693 137.864 1381.359
0.151 0.187 138.074 274.992 2289.076
0.151 0.187 275.420 459.083 3306.702
0.151 0.187 460.176 885.561 4797.268
0.151 0.187 887.034 2404.061 6146.131
0.151 0.187 2408.542 4984.385 7561.603
0.187 0.229 1.768 24.947 11.942
0.187 0.229 24.961 45.806 21.812
0.187 0.229 45.870 63.509 34.209
0.187 0.229 63.564 85.193 45.891
0.187 0.229 85.241 128.639 68.749
0.187 0.229 128.978 256.067 94.873
0.187 0.229 256.318 444.537 136.204
0.187 0.228 446.204 860.983 253.978
0.187 0.229 863.001 2387.087 399.460
0.187 0.229 2405.489 4998.064 529.714
0.229 0.279 1.934 24.501 670.875
0.229 0.279 24.581 42.169 821.436
0.229 0.279 42.256 59.028 1012.814
0.229 0.279 59.071 79.849 1288.606
0.229 0.279 79.863 121.045 1697.908
0.229 0.279 121.233 241.930 2784.645
0.229 0.279 242.344 431.823 3860.580
0.229 0.279 431.883 841.897 5305.422
0.229 0.279 844.903 2404.713 6072.748
0.229 0.279 2405.460 4997.713 7505.376
0.279 0.337 1.772 22.988 12.038
0.279 0.337 23.004 38.979 21.935
0.279 0.337 38.986 55.427 32.891
0.279 0.337 55.479 76.584 48.036
0.279 0.337 76.729 117.478 68.466
0.279 0.337 117.812 239.198 109.506
0.279 0.337 240.306 438.213 166.010
0.279 0.337 438.734 844.828 328.302
0.279 0.337 847.069 2442.445 482.355
0.279 0.337 2448.521 4998.343 621.184
0.338 0.398 2.243 20.864 775.256
0.337 0.398 20.927 36.388 931.043
0.337 0.398 36.490 54.454 1130.782
0.338 0.398 54.499 78.585 1417.212
0.338 0.398 78.685 135.345 1732.455
0.337 0.398 135.597 270.995 3005.373
0.337 0.398 271.291 485.913 4146.237
0.337 0.398 486.967 953.969 5242.226
0.337 0.398 954.640 2594.481 6639.180
0.337 0.398 2600.412 4991.744 7705.562
0.398 0.452 2.134 17.980 11.804
0.398 0.452 17.999 34.230 21.501
0.398 0.452 34.255 56.623 34.231
0.398 0.452 56.795 89.506 50.377
0.398 0.452 89.560 202.292 67.233
0.398 0.452 202.657 353.237 113.820
0.398 0.452 353.646 604.640 214.028
0.398 0.452 605.114 1317.778 402.941
0.398 0.452 1320.458 2868.914 571.412
0.398 0.452 2873.696 4999.320 702.987
0.452 0.498 1.896 16.530 893.638
0.452 0.498 16.553 33.199 1004.011
0.452 0.498 33.355 60.839 1213.560
0.452 0.498 60.931 126.799 1471.375
0.452 0.498 127.380 276.544 2024.476
0.452 0.498 276.590 452.242 3326.059
0.452 0.498 452.864 725.986 4329.055
0.452 0.498 726.409 1659.569 5493.122
0.452 0.498 1665.600 3063.160 6873.847
0.452 0.498 3068.818 4996.789 8749.367
0.498 0.538 1.737 16.084 12.199
0.498 0.538 16.103 32.567 22.772
0.498 0.538 32.615 66.261 35.101
0.498 0.538 66.486 184.843 50.459
0.498 0.538 185.991 341.953 71.178
0.498 0.538 342.255 526.064 115.645
0.498 0.538 526.530 809.679 261.224
0.498 0.538 812.034 1836.291 489.191
0.498 0.538 1836.583 3196.894 640.783
0.498 0.538 3199.078 4995.635 764.471
0.538 0.576 1.798 15.958 928.319
0.538 0.576 16.006 32.378 1092.835
0.538 0.576 32.470 72.131 1244.246
0.538 0.576 72.195 232.537 1521.879
0.538 0.576 232.950 390.954 2092.151
0.538 0.576 391.753 571.026 3314.021
0.538 0.576 571.713 860.819 4413.512
0.538 0.576 861.967 1965.453 5973.032
0.538 0.576 1967.343 3340.824 7142.949
0.538 0.576 3346.423 4996.119 8468.169
0.576 0.613 1.954 16.118 12.707
0.576 0.613 16.152 32.038 23.187
0.576 0.613 32.159 78.477 35.201
0.576 0.613 79.029 275.288 50.418
0.576 0.613 276.525 428.681 68.338
0.576 0.613 429.451 606.820 124.530
0.576 0.613 608.090 906.308 320.710
0.576 0.613 906.946 2075.286 560.814
0.576 0.613 2077.471 3441.348 686.904
0.576 0.613 3447.103 4991.711 814.012
0.614 0.655 1.936 16.179 939.572
0.614 0.655 16.195 32.040 1138.811
0.614 0.655 32.123 87.270 1307.451
0.613 0.655 87.456 307.454 1534.059
0.613 0.655 308.459 451.125 2336.988
0.614 0.655 451.224 625.831 3545.149
0.614 0.655 627.257 926.815 4729.807
0.614 0.655 928.867 2148.502 5913.139
0.614 0.655 2149.389 3476.249 7162.398
0.614 0.655 3479.657 4993.521 8445.288
0.655 0.710 1.828 16.218 12.797
0.655 0.710 16.289 31.239 23.077
0.655 0.709 31.330 97.522 36.629
0.655 0.709 98.585 331.696 50.582
0.655 0.709 331.824 471.800 67.859
0.655 0.710 471.910 642.371 122.037
0.655 0.710 643.727 947.488 398.341
0.655 0.710 948.341 2221.491 595.865
0.655 0.710 2224.608 3541.197 736.251
0.655 0.709 3551.712 4999.472 869.215
0.710 0.921 1.816 15.995 1027.342
0.710 0.948 15.998 30.037 1175.645
0.710 0.907 30.045 119.843 1365.268
0.710 0.925 120.190 348.103 1578.475
0.710 0.944 348.483 489.829 2427.653
0.710 0.943 490.093 657.125 3642.183
0.710 0.939 657.962 952.994 4912.196
0.710 0.904 954.487 2277.012 6311.166
0.710 0.900 2280.161 3585.568 7551.165
0.710 0.922 3589.536 4998.198 9009.569
