Agg-Agg collection for the flat orientation.
Characteristic values taken from the peak of a fit
gamma distribution from 300 aggregates.
Minor axis taken as the smallest axis from the fit-ellipsoid
Ranges are taken from the bin edges (maximum range)
Order: agg phi min, agg phi max, agg r min, agg r max, value
0.005 0.028 1.548 15.581 1.146
0.005 0.028 15.581 27.101 1.983
0.005 0.028 27.101 42.822 3.231
0.005 0.028 42.822 58.428 5.172
0.005 0.028 58.428 75.671 6.803
0.005 0.028 75.671 96.158 8.945
0.005 0.028 96.158 120.488 10.510
0.005 0.028 120.488 150.853 13.509
0.005 0.028 150.853 193.668 19.020
0.005 0.028 193.668 283.172 22.335
0.005 0.028 283.172 435.513 35.766
0.005 0.028 435.513 585.439 53.025
0.005 0.028 585.439 738.061 65.962
0.005 0.028 738.061 919.666 84.609
0.005 0.028 919.666 1133.876 103.592
0.005 0.028 1133.876 1394.715 121.525
0.005 0.028 1394.715 1732.551 167.453
0.005 0.028 1732.551 2263.098 206.599
0.005 0.028 2263.098 3515.698 273.803
0.005 0.028 3515.698 4999.259 457.597
0.028 0.042 1.532 14.398 1.343
0.028 0.042 14.398 24.033 2.780
0.028 0.042 24.033 37.244 4.250
0.028 0.042 37.244 52.255 6.128
0.028 0.042 52.255 71.434 8.446
0.028 0.042 71.434 94.348 11.442
0.028 0.042 94.348 119.718 15.329
0.028 0.042 119.718 148.820 17.968
0.028 0.042 148.820 186.200 23.438
0.028 0.042 186.200 252.520 29.615
0.028 0.042 252.520 371.928 44.885
0.028 0.042 371.928 503.668 60.419
0.028 0.042 503.668 674.929 74.196
0.028 0.042 674.929 886.037 111.005
0.028 0.042 886.037 1141.877 141.860
0.028 0.042 1141.877 1430.190 182.420
0.028 0.042 1430.190 1796.466 211.068
0.028 0.042 1796.466 2455.530 265.052
0.028 0.042 2455.530 3631.604 401.958
0.028 0.042 3631.604 4999.909 576.470
0.042 0.058 1.489 12.342 1.550
0.042 0.058 12.342 20.368 2.981
0.042 0.058 20.368 30.519 4.210
0.042 0.058 30.519 42.099 6.372
0.042 0.058 42.099 56.236 8.461
0.042 0.058 56.236 74.675 11.153
0.042 0.058 74.675 100.169 16.494
0.042 0.058 100.169 134.891 20.067
0.042 0.058 134.891 178.971 26.218
0.042 0.058 178.971 258.285 34.956
0.042 0.058 258.285 356.507 57.059
0.042 0.058 356.507 466.954 70.020
0.042 0.058 466.954 601.018 91.432
0.042 0.058 601.018 778.532 126.326
0.042 0.058 778.532 1048.753 159.259
0.042 0.058 1048.753 1410.658 206.380
0.042 0.058 1410.658 1903.206 265.822
0.042 0.058 1903.206 2757.052 401.237
0.042 0.058 2757.052 3797.673 550.970
0.042 0.058 3797.673 4999.985 708.295
0.058 0.077 1.592 12.330 1.572
0.058 0.077 12.330 20.508 3.363
0.058 0.077 20.508 30.440 5.065
0.058 0.077 30.440 40.624 7.487
0.058 0.077 40.624 52.809 10.411
0.058 0.077 52.809 67.274 12.678
0.058 0.077 67.274 86.761 16.184
0.058 0.077 86.761 119.433 21.233
0.058 0.077 119.433 162.244 31.636
0.058 0.077 162.244 236.227 44.011
0.058 0.077 236.227 335.006 60.765
0.058 0.077 335.006 436.565 79.076
0.058 0.077 436.565 559.387 104.239
0.058 0.077 559.387 719.312 136.576
0.058 0.077 719.312 977.273 177.403
0.058 0.077 977.273 1375.287 249.096
0.058 0.077 1375.287 1931.711 380.835
0.058 0.077 1931.711 2847.135 564.510
0.058 0.077 2847.135 3829.655 706.269
0.058 0.077 3829.655 4999.646 890.055
0.077 0.100 1.546 12.975 2.315
0.077 0.100 12.975 21.849 4.278
0.077 0.100 21.849 32.224 7.464
0.077 0.100 32.224 42.979 9.309
0.077 0.100 42.979 55.780 12.590
0.077 0.100 55.780 70.503 16.772
0.077 0.100 70.503 87.452 20.619
0.077 0.100 87.452 112.179 25.103
0.077 0.100 112.179 142.197 38.455
0.077 0.100 142.197 193.771 44.238
0.077 0.100 193.771 283.783 45.749
0.077 0.100 283.783 375.359 99.154
0.077 0.100 375.359 484.068 117.200
0.077 0.100 484.068 626.651 155.294
0.077 0.100 626.651 828.227 184.361
0.077 0.100 828.227 1182.547 289.929
0.077 0.100 1182.547 1718.277 379.222
0.077 0.100 1718.277 2653.311 646.896
0.077 0.100 2653.311 3731.174 878.542
0.077 0.100 3731.174 4999.871 1205.638
0.100 0.127 1.472 13.527 2.578
0.100 0.127 13.527 24.186 5.932
0.100 0.127 24.186 35.606 8.747
0.100 0.127 35.606 49.005 12.815
0.100 0.127 49.005 62.876 17.747
0.100 0.127 62.876 75.838 22.873
0.100 0.127 75.838 90.133 27.399
0.100 0.127 90.133 106.729 30.500
0.100 0.127 106.729 127.039 35.988
0.100 0.127 127.039 157.232 44.160
0.100 0.127 157.232 242.633 70.039
0.100 0.127 242.633 314.032 88.603
0.100 0.127 314.032 407.121 127.026
0.100 0.127 407.121 515.694 140.676
0.100 0.127 515.694 700.781 196.241
0.100 0.127 700.781 992.072 272.901
0.100 0.127 992.072 1528.877 406.999
0.100 0.127 1528.877 2473.250 624.887
0.100 0.127 2473.250 3604.534 961.534
0.100 0.127 3604.534 4999.957 1244.807
0.127 0.157 1.550 13.707 3.409
0.127 0.157 13.707 24.907 7.006
0.127 0.157 24.907 37.230 11.817
0.127 0.157 37.230 50.752 17.014
0.127 0.157 50.752 62.500 20.855
0.127 0.157 62.500 73.135 26.614
0.127 0.157 73.135 84.885 27.997
0.127 0.157 84.885 98.536 32.604
0.127 0.157 98.536 115.844 38.544
0.127 0.157 115.844 144.450 46.669
0.127 0.157 144.450 218.872 64.543
0.127 0.157 218.872 289.107 94.251
0.127 0.157 289.107 370.769 122.584
0.127 0.157 370.769 472.067 157.963
0.127 0.157 472.067 648.140 199.129
0.127 0.157 648.140 911.240 297.490
0.127 0.157 911.240 1427.774 457.748
0.127 0.157 1427.774 2396.789 668.589
0.127 0.157 2396.789 3587.321 1141.745
0.127 0.157 3587.321 4999.790 1562.231
0.157 0.193 1.636 13.698 3.771
0.157 0.193 13.698 24.672 8.705
0.157 0.193 24.672 36.820 13.779
0.157 0.193 36.820 48.021 19.084
0.157 0.193 48.021 58.070 22.495
0.157 0.193 58.070 67.627 27.038
0.157 0.193 67.627 77.956 30.818
0.157 0.193 77.956 90.228 34.937
0.157 0.193 90.228 107.594 40.522
0.157 0.193 107.594 136.578 51.149
0.157 0.193 136.578 202.737 73.200
0.157 0.193 202.737 271.282 101.709
0.157 0.193 271.282 350.691 133.891
0.157 0.193 350.691 456.889 182.628
0.157 0.193 456.889 626.799 244.827
0.157 0.193 626.799 881.944 313.966
0.157 0.193 881.944 1419.254 510.434
0.157 0.193 1419.254 2410.981 858.127
0.157 0.193 2410.981 3580.875 1286.023
0.157 0.193 3580.875 4999.942 1953.450
0.193 0.235 1.608 13.779 4.527
0.193 0.235 13.779 24.971 9.422
0.193 0.235 24.971 35.690 15.708
0.193 0.235 35.690 45.330 20.350
0.193 0.235 45.330 54.191 24.756
0.193 0.235 54.191 62.771 30.328
0.193 0.235 62.771 72.178 35.314
0.193 0.235 72.178 84.255 37.798
0.193 0.235 84.255 100.419 45.105
0.193 0.235 100.419 127.835 55.237
0.193 0.235 127.835 185.905 83.240
0.193 0.235 185.905 254.682 108.067
0.193 0.235 254.682 335.901 155.223
0.193 0.235 335.901 444.412 190.630
0.193 0.235 444.412 611.322 258.564
0.193 0.235 611.322 860.143 358.478
0.193 0.235 860.143 1390.128 580.375
0.193 0.235 1390.128 2388.861 977.619
0.193 0.235 2388.861 3552.538 1506.448
0.193 0.235 3552.538 4999.933 2032.992
0.235 0.284 1.584 13.817 5.036
0.235 0.284 13.817 24.504 12.494
0.235 0.284 24.504 33.567 18.175
0.235 0.284 33.567 41.863 23.169
0.235 0.284 41.863 50.094 27.634
0.235 0.284 50.094 58.660 30.904
0.235 0.284 58.660 67.886 36.188
0.235 0.284 67.886 79.469 45.068
0.235 0.284 79.469 95.017 50.080
0.235 0.284 95.017 120.764 60.874
0.235 0.284 120.764 174.459 91.436
0.235 0.284 174.459 240.497 131.607
0.235 0.284 240.497 323.967 175.198
0.235 0.284 323.967 431.398 222.999
0.235 0.284 431.398 597.724 318.723
0.235 0.284 597.724 843.095 429.962
0.235 0.284 843.095 1396.535 640.026
0.235 0.284 1396.535 2413.788 1126.724
0.235 0.284 2413.788 3567.482 1759.505
0.235 0.284 3567.482 4999.758 2324.781
0.284 0.340 1.709 12.944 5.840
0.284 0.340 12.944 22.779 12.538
0.284 0.340 22.779 30.889 18.678
0.284 0.340 30.889 38.678 24.556
0.284 0.340 38.678 46.776 29.234
0.284 0.340 46.776 55.211 35.561
0.284 0.340 55.211 64.824 41.405
0.284 0.340 64.824 76.362 48.103
0.284 0.340 76.362 92.103 52.636
0.284 0.340 92.103 117.298 72.534
0.284 0.340 117.298 173.707 95.557
0.284 0.340 173.707 240.314 136.433
0.284 0.340 240.314 325.206 193.718
0.284 0.340 325.206 438.062 283.678
0.284 0.340 438.062 605.665 341.642
0.284 0.340 605.665 846.637 508.060
0.284 0.340 846.637 1428.879 728.542
0.284 0.340 1428.879 2443.837 1362.995
0.284 0.340 2443.837 3582.201 2009.741
0.284 0.340 3582.201 4999.755 2825.026
0.340 0.398 1.769 12.032 5.931
0.340 0.398 12.032 20.846 14.013
0.340 0.398 20.846 28.486 20.269
0.340 0.398 28.486 36.401 26.586
0.340 0.398 36.401 45.051 32.774
0.340 0.398 45.051 54.494 37.233
0.340 0.398 54.494 65.416 46.721
0.340 0.398 65.416 78.862 54.840
0.340 0.398 78.862 97.366 69.266
0.340 0.398 97.366 137.088 89.735
0.340 0.398 137.088 202.866 138.260
0.340 0.398 202.866 272.937 207.189
0.340 0.398 272.937 363.268 264.665
0.340 0.398 363.268 489.253 341.162
0.340 0.398 489.253 665.955 467.673
0.340 0.398 665.955 960.511 609.950
0.340 0.398 960.511 1685.904 1041.422
0.340 0.398 1685.904 2604.221 1765.406
0.340 0.398 2604.221 3658.911 2603.153
0.340 0.398 3658.911 4999.992 3563.388
0.398 0.450 1.635 10.392 6.358
0.398 0.450 10.392 18.025 13.200
0.398 0.450 18.025 25.846 18.436
0.398 0.450 25.846 34.307 25.339
0.398 0.450 34.307 44.925 32.629
0.398 0.450 44.925 56.779 46.004
0.398 0.450 56.779 70.211 52.594
0.398 0.450 70.211 89.265 70.821
0.398 0.450 89.265 129.486 90.524
0.398 0.450 129.486 201.124 154.929
0.398 0.450 201.124 270.725 204.420
0.398 0.450 270.725 351.950 258.540
0.398 0.450 351.950 459.210 352.072
0.398 0.450 459.210 603.224 478.627
0.398 0.450 603.224 824.024 615.629
0.398 0.450 824.024 1314.345 889.461
0.398 0.450 1314.345 2062.497 1460.178
0.398 0.450 2062.497 2868.833 2221.403
0.398 0.450 2868.833 3810.562 3020.342
0.398 0.450 3810.562 4999.599 4099.807
0.450 0.495 1.667 9.437 5.734
0.450 0.495 9.437 16.637 11.470
0.450 0.495 16.637 24.116 18.332
0.450 0.495 24.116 33.274 24.863
0.450 0.495 33.274 45.756 35.072
0.450 0.495 45.756 60.522 47.405
0.450 0.495 60.522 80.956 64.165
0.450 0.495 80.956 122.822 87.545
0.450 0.495 122.822 201.053 147.331
0.450 0.495 201.053 272.774 230.556
0.450 0.495 272.774 350.804 293.540
0.450 0.495 350.804 447.456 375.881
0.450 0.495 447.456 561.647 463.926
0.450 0.495 561.647 719.444 591.006
0.450 0.495 719.444 1005.749 732.794
0.450 0.495 1005.749 1648.888 1224.981
0.450 0.495 1648.888 2326.778 1789.045
0.450 0.495 2326.778 3054.588 2424.521
0.450 0.495 3054.588 3947.057 3340.651
0.450 0.495 3947.057 4999.954 4190.160
0.495 0.535 1.719 9.184 6.165
0.495 0.535 9.184 16.080 12.100
0.495 0.535 16.080 23.207 17.424
0.495 0.535 23.207 32.608 25.140
0.495 0.535 32.608 46.562 35.725
0.495 0.535 46.562 66.215 50.989
0.495 0.535 66.215 98.245 71.682
0.495 0.535 98.245 183.224 137.476
0.495 0.535 183.224 259.907 202.131
0.495 0.535 259.907 337.727 272.787
0.495 0.535 337.727 423.290 367.007
0.495 0.535 423.290 522.235 433.144
0.495 0.535 522.235 643.035 552.277
0.495 0.535 643.035 808.512 681.518
0.495 0.535 808.512 1199.351 837.816
0.495 0.535 1199.351 1830.973 1455.753
0.495 0.535 1830.973 2488.161 2044.868
0.495 0.535 2488.161 3193.542 2584.117
0.495 0.535 3193.542 4028.770 3298.360
0.495 0.535 4028.770 4999.882 3898.494
0.535 0.572 1.749 9.180 6.217
0.535 0.572 9.180 15.997 11.743
0.535 0.572 15.997 22.843 17.807
0.535 0.572 22.843 32.493 25.019
0.535 0.572 32.493 48.002 35.644
0.535 0.572 48.002 71.296 55.170
0.535 0.572 71.296 133.024 84.248
0.535 0.572 133.024 228.428 177.150
0.535 0.572 228.428 310.373 260.793
0.535 0.572 310.373 386.934 332.761
0.535 0.572 386.934 471.430 410.504
0.535 0.572 471.430 568.039 479.181
0.535 0.572 568.039 687.001 601.340
0.535 0.572 687.001 857.702 703.955
0.535 0.572 857.702 1336.082 933.732
0.535 0.572 1336.082 1951.718 1551.178
0.535 0.572 1951.718 2606.033 2222.055
0.535 0.572 2606.033 3325.925 2769.392
0.535 0.572 3325.925 4109.893 3601.670
0.535 0.572 4109.893 4999.966 4148.156
0.572 0.610 1.779 9.135 6.504
0.572 0.610 9.135 16.106 11.512
0.572 0.610 16.106 22.943 17.834
0.572 0.610 22.943 32.084 25.142
0.572 0.610 32.084 48.795 35.352
0.572 0.610 48.795 78.233 57.302
0.572 0.610 78.233 176.596 121.875
0.572 0.610 176.596 273.796 210.051
0.572 0.610 273.796 350.429 293.742
0.572 0.610 350.429 426.479 379.730
0.572 0.610 426.479 508.629 454.535
0.572 0.610 508.629 605.859 516.615
0.572 0.610 605.859 720.120 637.715
0.572 0.610 720.120 904.277 742.612
0.572 0.610 904.277 1482.910 1099.210
0.572 0.610 1482.910 2066.077 1622.013
0.572 0.610 2066.077 2726.587 2286.503
0.572 0.610 2726.587 3437.421 2960.808
0.572 0.610 3437.421 4188.157 3659.019
0.572 0.610 4188.157 4999.755 4344.540
0.610 0.652 1.753 9.151 6.850
0.610 0.652 9.151 16.192 12.314
0.610 0.652 16.192 23.109 19.023
0.610 0.652 23.109 32.062 25.808
0.610 0.652 32.062 48.706 36.765
0.610 0.652 48.706 85.752 57.846
0.610 0.652 85.752 213.665 151.481
0.610 0.652 213.665 305.003 245.175
0.610 0.652 305.003 376.364 321.364
0.610 0.652 376.364 449.166 389.464
0.610 0.652 449.166 531.271 470.130
0.610 0.652 531.271 624.040 552.166
0.610 0.652 624.040 738.228 658.982
0.610 0.652 738.228 922.519 784.189
0.610 0.652 922.519 1549.727 1119.585
0.610 0.652 1549.727 2144.778 1709.696
0.610 0.652 2144.778 2800.340 2408.956
0.610 0.652 2800.340 3472.696 3005.398
0.610 0.652 3472.696 4198.866 3679.680
0.610 0.652 4198.866 4999.985 4469.554
0.652 0.707 1.792 9.156 7.042
0.652 0.707 9.156 16.218 12.722
0.652 0.707 16.218 23.027 18.315
0.652 0.707 23.027 31.364 26.200
0.652 0.707 31.364 48.321 36.058
0.652 0.707 48.321 98.495 64.745
0.652 0.707 98.495 248.480 177.881
0.652 0.707 248.480 331.097 284.209
0.652 0.707 331.097 398.920 348.317
0.652 0.707 398.920 471.442 418.858
0.652 0.707 471.442 552.188 489.645
0.652 0.707 552.188 643.165 579.742
0.652 0.707 643.165 756.003 654.382
0.652 0.707 756.003 949.802 792.538
0.652 0.707 949.802 1603.359 1276.658
0.652 0.707 1603.359 2220.500 1820.388
0.652 0.707 2220.500 2856.873 2417.940
0.652 0.707 2856.873 3543.600 3150.389
0.652 0.707 3543.600 4259.175 3679.523
0.652 0.707 4259.175 4999.898 4480.845
0.707 0.965 1.710 9.069 7.040
0.707 0.965 9.069 16.011 12.866
0.707 0.965 16.011 22.534 18.451
0.707 0.965 22.534 30.083 25.377
0.707 0.965 30.083 46.160 35.272
0.707 0.965 46.160 119.312 64.803
0.707 0.965 119.312 273.554 217.303
0.707 0.965 273.554 347.769 309.883
0.707 0.965 347.769 418.028 377.114
0.707 0.965 418.028 489.677 447.574
0.707 0.965 489.677 567.773 523.219
0.707 0.965 567.773 657.198 587.498
0.707 0.965 657.198 764.855 704.595
0.707 0.965 764.855 953.648 820.092
0.707 0.965 953.648 1631.679 1293.665
0.707 0.965 1631.679 2279.315 1888.336
0.707 0.965 2279.315 2918.405 2503.135
0.707 0.965 2918.405 3591.220 3184.892
0.707 0.965 3591.220 4268.814 3880.332
0.707 0.965 4268.814 4999.994 4522.630
