Agg-Agg collection for the random orientation.
Characteristic values taken from the peak of a fit
gamma distribution from 300 aggregates.
Ranges are taken from the aggregates being pulled from the db,
not the bin edges (maximum range)
Order: agg phi min, agg phi max, agg r min, agg r max, value
0.007 0.272 2.298 23.521 20.100
0.011 0.273 23.564 46.025 42.199
0.011 0.273 46.075 85.355 65.278
0.008 0.272 85.565 160.111 92.569
0.007 0.273 160.308 282.920 123.526
0.009 0.272 283.660 484.827 167.661
0.008 0.272 485.899 873.922 216.546
0.008 0.273 874.271 1632.020 329.047
0.008 0.273 1636.359 2914.791 388.627
0.012 0.272 2915.949 4997.315 552.919
0.273 0.327 2.639 27.861 787.000
0.273 0.327 28.077 55.709 1034.185
0.273 0.327 55.854 101.046 1277.428
0.273 0.327 101.165 183.783 1513.615
0.273 0.327 184.282 318.742 2328.946
0.273 0.327 319.561 529.782 2946.373
0.273 0.327 530.057 912.425 4299.469
0.273 0.327 912.765 1670.856 5583.952
0.273 0.327 1674.948 2939.377 7581.824
0.273 0.327 2944.385 4996.418 8692.168
0.327 0.359 2.411 28.129 20.461
0.327 0.359 28.150 54.676 46.156
0.327 0.359 54.737 96.278 66.601
0.327 0.359 96.417 178.450 96.067
0.327 0.359 178.528 318.175 133.988
0.327 0.359 319.240 529.344 179.469
0.327 0.359 529.454 891.480 223.460
0.327 0.359 891.960 1613.864 307.944
0.327 0.359 1618.580 2931.278 437.115
0.327 0.359 2932.242 4999.408 563.961
0.359 0.384 2.164 27.681 700.473
0.359 0.384 27.734 54.260 889.385
0.359 0.384 54.333 94.777 1234.882
0.359 0.384 94.995 174.127 1506.537
0.359 0.384 174.203 314.126 2037.122
0.359 0.384 314.518 528.773 2968.710
0.359 0.384 529.013 893.438 3473.489
0.359 0.384 895.126 1623.252 4761.470
0.359 0.384 1627.555 2956.758 6373.487
0.359 0.384 2961.841 4996.304 8452.308
0.384 0.405 2.480 27.079 22.576
0.384 0.405 27.146 53.071 43.036
0.384 0.405 53.267 93.162 69.411
0.384 0.405 93.386 171.581 88.196
0.384 0.405 171.820 310.588 116.923
0.384 0.405 311.403 527.520 174.138
0.384 0.405 529.170 884.656 217.006
0.384 0.405 885.490 1600.898 306.852
0.384 0.405 1602.381 2926.906 392.898
0.384 0.405 2930.710 4995.690 552.937
0.405 0.424 2.437 27.027 672.327
0.405 0.424 27.056 53.127 925.933
0.405 0.424 53.333 91.802 1180.000
0.405 0.424 91.874 170.385 1485.909
0.405 0.423 170.859 311.672 1900.425
0.405 0.424 313.307 531.082 2610.090
0.405 0.424 531.917 876.067 3767.754
0.405 0.423 877.813 1566.359 4904.913
0.405 0.423 1571.774 2866.001 6646.344
0.405 0.424 2869.888 4994.153 8154.255
0.424 0.441 2.413 26.682 19.617
0.424 0.441 26.729 52.343 41.104
0.424 0.441 52.394 89.404 66.514
0.424 0.441 89.624 163.754 87.924
0.424 0.441 164.648 303.117 123.293
0.424 0.441 303.983 517.943 165.601
0.424 0.441 520.332 857.447 205.545
0.424 0.441 858.420 1537.104 294.093
0.424 0.441 1541.326 2875.830 396.575
0.424 0.441 2877.467 4990.160 545.578
0.441 0.458 2.332 26.517 673.512
0.441 0.458 26.627 52.407 862.732
0.441 0.458 52.449 88.980 1173.099
0.441 0.458 89.121 162.172 1509.357
0.441 0.458 163.046 304.294 2048.669
0.441 0.458 304.528 524.021 2748.282
0.441 0.458 524.707 857.476 3519.237
0.441 0.458 858.242 1540.393 5049.760
0.441 0.458 1541.497 2863.422 6242.532
0.441 0.458 2871.681 4997.365 8527.110
0.458 0.474 2.331 26.642 19.144
0.458 0.474 26.689 52.410 40.870
0.458 0.474 52.532 88.485 63.070
0.458 0.474 88.681 159.666 90.283
0.458 0.474 160.634 299.222 119.671
0.458 0.474 299.655 520.957 157.207
0.458 0.474 521.110 849.068 209.023
0.458 0.474 850.896 1517.099 285.822
0.458 0.474 1520.538 2861.334 390.299
0.458 0.474 2862.455 4997.672 535.758
0.474 0.490 3.048 26.465 699.955
0.474 0.490 26.508 52.712 915.402
0.474 0.490 52.759 88.201 1164.709
0.474 0.490 88.323 158.783 1509.432
0.474 0.490 159.012 298.100 1977.726
0.474 0.490 298.183 517.122 2679.274
0.474 0.490 518.673 837.838 3848.673
0.474 0.490 840.361 1493.318 4771.695
0.474 0.490 1497.879 2813.867 6206.278
0.474 0.490 2814.779 4999.402 8765.900
0.490 0.506 2.654 26.620 18.768
0.490 0.506 26.648 52.688 43.087
0.490 0.506 52.728 88.059 64.353
0.490 0.506 88.088 158.009 88.484
0.490 0.506 158.123 297.337 119.707
0.490 0.506 298.705 520.460 157.510
0.490 0.506 521.223 846.291 202.506
0.490 0.506 848.550 1510.304 271.876
0.490 0.506 1512.168 2808.729 394.415
0.490 0.506 2820.353 4988.661 536.112
0.506 0.522 2.171 26.588 697.303
0.506 0.522 26.602 52.674 902.971
0.506 0.522 52.739 87.404 1221.158
0.506 0.522 87.571 155.045 1481.617
0.506 0.522 155.365 295.866 1987.648
0.506 0.522 298.340 523.991 2445.934
0.506 0.522 524.937 841.950 3551.784
0.506 0.522 843.525 1490.350 4783.797
0.506 0.522 1490.575 2802.288 6365.099
0.506 0.522 2804.838 4996.792 8074.991
0.522 0.539 2.233 26.781 18.110
0.522 0.539 27.017 52.700 41.073
0.522 0.539 52.733 87.250 59.088
0.522 0.539 87.354 155.532 86.875
0.522 0.539 155.734 296.148 114.658
0.522 0.539 297.485 518.200 147.599
0.522 0.539 521.625 837.057 199.729
0.522 0.539 837.615 1477.306 270.821
0.522 0.539 1481.588 2798.506 364.132
0.522 0.539 2803.240 4999.308 508.631
0.539 0.557 2.254 27.155 673.192
0.539 0.557 27.295 53.240 871.507
0.539 0.557 53.332 87.419 1129.292
0.539 0.557 87.508 154.715 1373.455
0.539 0.557 154.957 296.710 1874.533
0.539 0.557 297.392 521.966 2518.015
0.539 0.557 522.287 833.853 3441.828
0.539 0.557 835.340 1467.919 4791.786
0.539 0.557 1470.404 2795.455 6433.201
0.539 0.557 2805.544 4998.913 8317.736
0.557 0.576 2.379 27.724 20.554
0.557 0.576 27.786 53.664 40.356
0.557 0.576 53.773 88.183 63.794
0.557 0.576 88.495 155.568 89.076
0.557 0.576 155.782 298.016 113.906
0.557 0.576 299.450 528.049 150.634
0.557 0.576 528.423 836.023 181.981
0.557 0.576 836.908 1454.607 264.054
0.557 0.576 1458.550 2797.074 364.330
0.557 0.576 2801.819 4992.090 500.043
0.576 0.598 2.077 28.391 666.031
0.576 0.598 28.404 54.238 873.007
0.576 0.598 54.631 88.161 1130.373
0.576 0.598 88.265 156.888 1483.179
0.576 0.598 156.947 303.817 1954.472
0.576 0.598 303.938 529.861 2522.816
0.576 0.598 531.000 842.079 3652.515
0.576 0.598 843.579 1460.468 4485.724
0.576 0.598 1460.844 2813.471 6324.489
0.576 0.598 2817.270 4998.731 8308.089
0.598 0.623 2.314 28.592 18.426
0.598 0.623 28.795 54.493 40.714
0.598 0.623 54.657 87.433 58.866
0.598 0.623 87.488 155.796 90.546
0.598 0.623 156.299 300.530 119.453
0.598 0.623 300.736 524.040 149.379
0.598 0.623 525.880 828.133 190.224
0.598 0.623 829.098 1431.380 256.371
0.598 0.623 1433.717 2820.664 376.410
0.598 0.623 2822.055 4997.134 507.179
0.623 0.655 2.073 29.050 703.828
0.623 0.654 29.194 55.148 878.688
0.623 0.655 55.180 87.213 1122.076
0.623 0.655 87.303 154.751 1457.325
0.623 0.655 155.061 305.796 1824.026
0.623 0.655 306.067 530.747 2448.597
0.623 0.655 532.196 837.543 3389.233
0.623 0.655 839.144 1444.626 4611.398
0.623 0.655 1450.249 2833.042 6376.236
0.623 0.655 2834.965 4997.337 8431.706
0.655 0.701 2.089 29.310 19.032
0.655 0.701 29.372 54.823 41.018
0.655 0.701 54.929 87.094 62.052
0.655 0.701 87.222 155.684 87.356
0.655 0.701 157.225 307.491 113.934
0.655 0.701 307.960 533.165 148.645
0.655 0.701 534.480 828.986 198.772
0.655 0.701 830.874 1421.064 244.076
0.655 0.701 1424.767 2823.606 353.090
0.655 0.701 2826.614 4998.601 474.380
0.701 0.913 2.587 29.467 671.492
0.701 0.924 29.482 54.682 861.548
0.701 0.937 54.695 86.349 1157.359
0.701 0.895 86.494 153.399 1391.275
0.701 0.909 153.826 303.164 1785.501
0.701 0.897 303.532 527.463 2368.240
0.701 0.928 528.370 817.149 3502.771
0.701 0.900 818.022 1417.663 4602.917
0.701 0.927 1420.498 2821.741 6094.373
0.701 0.934 2824.115 4999.959 8205.917
0.008 0.273 2.400 23.545 18.339
0.008 0.273 23.552 45.987 39.264
0.007 0.272 46.216 85.503 63.688
0.007 0.273 85.603 160.197 85.637
0.009 0.272 160.554 282.975 115.396
0.010 0.273 283.455 485.591 147.079
0.006 0.272 485.791 872.279 188.730
0.010 0.272 875.361 1633.155 255.241
0.006 0.273 1640.237 2912.794 368.960
0.010 0.272 2915.609 4995.076 476.348
0.273 0.327 2.341 27.914 661.095
0.273 0.327 28.079 55.774 917.391
0.273 0.327 55.898 101.031 1160.203
0.273 0.327 101.199 184.008 1416.625
0.273 0.327 184.365 318.588 1850.245
0.273 0.327 318.888 529.512 2379.384
0.273 0.327 530.135 910.374 3518.959
0.273 0.327 913.175 1671.653 4593.060
0.273 0.327 1673.790 2940.853 6113.099
0.273 0.327 2941.059 4999.708 8094.239
0.327 0.359 2.812 28.072 19.501
0.327 0.359 28.142 54.676 39.438
0.327 0.359 54.740 96.275 60.472
0.327 0.359 96.379 178.074 87.228
0.327 0.359 178.689 318.332 118.553
0.327 0.359 318.700 529.301 143.828
0.327 0.359 529.650 891.480 185.250
0.327 0.359 892.367 1612.698 250.696
0.327 0.359 1621.614 2928.102 344.864
0.327 0.359 2935.315 4982.445 479.852
0.359 0.384 2.125 27.476 645.855
0.359 0.384 27.809 54.233 917.213
0.359 0.384 54.354 94.798 1140.582
0.359 0.384 94.987 174.111 1403.045
0.359 0.384 174.214 314.097 1904.943
0.359 0.384 314.394 528.312 2401.432
0.359 0.384 528.988 894.203 3513.971
0.359 0.384 896.172 1622.659 4383.021
0.359 0.384 1626.080 2954.544 6514.607
0.359 0.384 2961.398 4996.608 8784.312
0.384 0.405 2.328 27.093 19.822
0.384 0.405 27.161 53.244 38.871
0.384 0.405 53.402 93.277 61.218
0.384 0.405 93.394 171.486 89.699
0.384 0.405 172.052 309.786 117.745
0.384 0.405 311.031 527.630 141.390
0.384 0.405 529.673 884.997 189.884
0.384 0.405 885.355 1602.347 254.391
0.384 0.405 1602.608 2924.368 333.338
0.384 0.405 2932.351 4986.315 483.633
0.405 0.424 2.872 27.020 643.365
0.405 0.424 27.102 53.180 842.353
0.405 0.423 53.181 91.810 1132.447
0.405 0.423 91.834 170.070 1375.051
0.405 0.424 170.963 312.840 1778.282
0.405 0.423 313.263 531.811 2368.338
0.405 0.424 532.224 876.505 3189.785
0.405 0.423 878.646 1567.365 4467.450
0.405 0.424 1571.611 2866.831 6507.062
0.405 0.424 2878.458 4994.306 8692.040
0.424 0.441 2.431 26.634 18.504
0.424 0.441 26.691 52.303 40.242
0.424 0.441 52.454 89.595 61.448
0.424 0.441 89.792 164.156 90.990
0.424 0.441 164.938 303.463 112.796
0.424 0.441 303.583 519.237 142.454
0.424 0.441 520.889 857.506 185.566
0.424 0.441 857.840 1538.296 266.182
0.424 0.441 1540.318 2874.963 326.965
0.424 0.441 2877.297 4998.673 496.026
0.441 0.457 2.366 26.599 678.809
0.441 0.458 26.652 52.406 859.002
0.441 0.458 52.433 88.916 1175.119
0.441 0.458 89.032 162.263 1434.399
0.441 0.458 162.320 304.190 1783.586
0.441 0.458 304.871 523.517 2359.089
0.441 0.458 524.127 857.532 3290.594
0.441 0.458 858.026 1540.451 4514.283
0.441 0.458 1547.903 2869.847 6183.249
0.441 0.458 2872.654 4993.020 8073.219
0.458 0.474 2.103 26.651 19.843
0.458 0.474 26.689 52.360 40.381
0.458 0.474 52.535 88.614 65.058
0.458 0.474 88.738 159.861 88.767
0.458 0.474 160.268 299.259 120.406
0.458 0.474 299.984 520.598 145.057
0.458 0.474 521.503 848.621 197.467
0.458 0.474 851.647 1516.310 245.597
0.458 0.474 1521.271 2859.529 359.060
0.458 0.474 2863.414 4995.631 496.131
0.474 0.490 2.175 26.437 695.137
0.474 0.490 26.497 52.717 924.693
0.474 0.490 52.746 88.096 1111.968
0.474 0.490 88.343 158.537 1428.884
0.474 0.490 158.912 297.798 1721.528
0.474 0.490 298.243 517.965 2357.677
0.474 0.490 518.673 839.751 3123.356
0.474 0.490 841.079 1492.363 4466.797
0.474 0.490 1495.858 2812.195 6436.112
0.474 0.490 2820.171 4997.042 8358.064
0.490 0.506 2.334 26.542 19.712
0.490 0.506 26.636 52.602 41.320
0.490 0.506 52.738 87.873 65.730
0.490 0.506 88.114 157.919 91.564
0.490 0.506 158.232 297.491 123.496
0.490 0.506 298.924 520.433 152.290
0.490 0.506 521.276 846.423 194.257
0.490 0.506 847.305 1509.437 260.386
0.490 0.506 1515.036 2815.449 338.314
0.490 0.506 2819.124 4995.241 512.989
0.506 0.522 2.361 26.502 677.995
0.506 0.522 26.623 52.672 915.659
0.506 0.522 52.726 87.472 1099.623
0.506 0.522 87.584 154.888 1462.317
0.506 0.522 155.535 295.858 1778.874
0.506 0.522 296.912 523.860 2442.431
0.506 0.522 524.948 842.510 3175.269
0.506 0.522 843.518 1484.872 4580.276
0.506 0.522 1490.609 2801.817 5936.589
0.506 0.522 2809.662 4987.367 8312.997
0.522 0.539 2.240 26.781 20.993
0.522 0.539 26.903 52.637 43.310
0.522 0.539 52.744 87.238 67.022
0.522 0.539 87.354 155.179 86.459
0.522 0.539 155.601 296.948 120.661
0.522 0.539 297.378 520.365 149.437
0.522 0.539 521.244 837.041 194.519
0.522 0.539 838.510 1477.506 246.085
0.522 0.539 1480.599 2802.331 339.025
0.522 0.539 2803.962 4986.099 476.342
0.539 0.557 2.243 27.152 682.903
0.539 0.557 27.209 53.218 858.699
0.539 0.557 53.282 87.452 1149.437
0.539 0.557 87.634 154.433 1386.994
0.539 0.557 154.760 296.882 1830.819
0.539 0.557 297.061 520.595 2283.020
0.539 0.557 522.653 833.784 3098.723
0.539 0.557 837.156 1469.819 4421.755
0.539 0.557 1469.967 2794.798 6484.253
0.539 0.557 2796.131 4999.133 8681.209
0.557 0.576 2.193 27.722 19.615
0.557 0.576 27.738 53.675 43.078
0.557 0.576 53.725 88.164 68.391
0.557 0.576 88.291 155.565 90.222
0.557 0.576 155.764 298.218 115.879
0.557 0.576 299.102 527.117 151.915
0.557 0.576 528.835 834.991 188.668
0.557 0.576 836.992 1455.087 248.932
0.557 0.576 1463.562 2795.472 365.545
0.557 0.576 2799.559 4999.799 490.926
0.576 0.598 2.114 28.386 694.369
0.576 0.598 28.402 54.496 901.768
0.576 0.598 54.543 88.085 1173.025
0.576 0.598 88.464 156.897 1462.432
0.576 0.598 156.939 303.625 1798.062
0.576 0.598 304.215 530.017 2410.822
0.576 0.598 530.515 842.307 3229.864
0.576 0.598 843.624 1456.248 4758.301
0.576 0.598 1465.080 2813.726 6228.197
0.576 0.598 2821.320 4998.977 8112.714
0.598 0.623 2.045 28.581 21.254
0.598 0.623 28.697 54.620 42.674
0.598 0.623 54.671 87.419 66.067
0.598 0.623 87.448 155.778 93.613
0.598 0.623 155.985 300.578 120.682
0.598 0.623 301.284 524.461 149.361
0.598 0.623 525.049 827.982 191.590
0.598 0.623 828.433 1432.035 248.624
0.598 0.623 1433.648 2820.649 367.266
0.598 0.623 2821.873 4985.141 493.103
0.623 0.655 2.537 29.125 711.326
0.623 0.654 29.239 55.145 895.489
0.623 0.655 55.190 87.207 1160.557
0.623 0.655 87.410 154.585 1469.861
0.623 0.655 155.191 305.785 1783.766
0.623 0.655 305.996 531.132 2222.117
0.623 0.655 532.143 838.210 3262.702
0.623 0.655 839.088 1445.463 4619.136
0.623 0.655 1450.400 2830.915 6166.391
0.623 0.655 2842.380 4998.905 8499.981
0.655 0.701 2.089 29.269 19.918
0.655 0.701 29.337 54.726 44.013
0.655 0.701 54.876 87.138 70.616
0.655 0.701 87.212 155.637 91.365
0.655 0.701 155.753 307.772 117.942
0.655 0.701 309.239 534.004 152.203
0.655 0.701 534.649 829.257 191.756
0.655 0.701 831.737 1422.476 243.301
0.655 0.700 1426.100 2821.523 346.474
0.655 0.701 2830.035 4996.633 499.120
0.701 0.906 3.602 29.458 687.244
0.701 0.918 29.500 54.590 921.732
0.701 0.919 54.757 86.264 1120.853
0.701 0.929 86.515 153.567 1398.725
0.701 0.934 153.969 303.184 1800.520
0.701 0.915 303.490 526.643 2324.860
0.701 0.920 529.002 817.205 3276.650
0.701 0.925 817.775 1418.675 4629.786
0.701 0.927 1418.909 2823.350 6522.375
0.701 0.934 2827.597 4999.959 8466.862
