Agg-Agg collection for the random orientation.
Characteristic values taken from the peak of a fit
gamma distribution from 300 aggregates.
Minor axis taken as the smallest axis from the fit-ellipsoid
Ranges are taken from the aggregates being pulled from the db,
not the bin edges (maximum range)
Order: agg phi min, agg phi max, agg r min, agg r max, value
0.007 0.272 2.298 23.521 6.243
0.011 0.273 23.564 46.025 13.865
0.011 0.273 46.075 85.355 20.811
0.008 0.272 85.565 160.111 29.966
0.007 0.273 160.308 282.920 42.419
0.009 0.272 283.660 484.827 56.091
0.008 0.272 485.899 873.922 75.129
0.008 0.273 874.271 1632.020 95.590
0.008 0.273 1636.359 2914.791 140.870
0.012 0.272 2915.949 4997.315 186.382
0.273 0.327 2.639 27.861 267.110
0.273 0.327 28.077 55.709 290.699
0.273 0.327 55.854 101.046 375.521
0.273 0.327 101.165 183.783 550.722
0.273 0.327 184.282 318.742 852.590
0.273 0.327 319.561 529.782 982.939
0.273 0.327 530.057 912.425 1582.317
0.273 0.327 912.765 1670.856 1836.936
0.273 0.327 1674.948 2939.377 2556.599
0.273 0.327 2944.385 4996.418 3357.261
0.327 0.359 2.411 28.129 6.882
0.327 0.359 28.150 54.676 16.174
0.327 0.359 54.737 96.278 28.509
0.327 0.359 96.417 178.450 37.417
0.327 0.359 178.528 318.175 50.529
0.327 0.359 319.240 529.344 66.118
0.327 0.359 529.454 891.480 90.934
0.327 0.359 891.960 1613.864 127.665
0.327 0.359 1618.580 2931.278 165.412
0.327 0.359 2932.242 4999.408 204.804
0.359 0.384 2.164 27.681 288.705
0.359 0.384 27.734 54.260 349.767
0.359 0.384 54.333 94.777 495.058
0.359 0.384 94.995 174.127 588.767
0.359 0.384 174.203 314.126 795.799
0.359 0.384 314.518 528.773 1170.323
0.359 0.384 529.013 893.438 1494.754
0.359 0.384 895.126 1623.252 2028.733
0.359 0.384 1627.555 2956.758 2491.784
0.359 0.384 2961.841 4996.304 3564.689
0.384 0.405 2.480 27.079 7.955
0.384 0.405 27.146 53.071 17.927
0.384 0.405 53.267 93.162 26.175
0.384 0.405 93.386 171.581 39.179
0.384 0.405 171.820 310.588 52.310
0.384 0.405 311.403 527.520 66.537
0.384 0.405 529.170 884.656 90.998
0.384 0.405 885.490 1600.898 114.815
0.384 0.405 1602.381 2926.906 163.573
0.384 0.405 2930.710 4995.690 226.261
0.405 0.424 2.437 27.027 274.928
0.405 0.424 27.056 53.127 373.676
0.405 0.424 53.333 91.802 501.182
0.405 0.424 91.874 170.385 618.934
0.405 0.423 170.859 311.672 835.592
0.405 0.424 313.307 531.082 1109.646
0.405 0.424 531.917 876.067 1548.563
0.405 0.423 877.813 1566.359 1935.731
0.405 0.423 1571.774 2866.001 2747.207
0.405 0.424 2869.888 4994.153 3622.283
0.424 0.441 2.413 26.682 8.019
0.424 0.441 26.729 52.343 16.469
0.424 0.441 52.394 89.404 26.557
0.424 0.441 89.624 163.754 38.851
0.424 0.441 164.648 303.117 47.587
0.424 0.441 303.983 517.943 70.069
0.424 0.441 520.332 857.447 89.927
0.424 0.441 858.420 1537.104 124.430
0.424 0.441 1541.326 2875.830 153.716
0.424 0.441 2877.467 4990.160 223.182
0.441 0.458 2.332 26.517 280.149
0.441 0.458 26.627 52.407 358.625
0.441 0.458 52.449 88.980 470.100
0.441 0.458 89.121 162.172 640.654
0.441 0.458 163.046 304.294 809.822
0.441 0.458 304.528 524.021 1147.182
0.441 0.458 524.707 857.476 1566.582
0.441 0.458 858.242 1540.393 2199.694
0.441 0.458 1541.497 2863.422 2837.268
0.441 0.458 2871.681 4997.365 3545.560
0.458 0.474 2.331 26.642 8.400
0.458 0.474 26.689 52.410 16.605
0.458 0.474 52.532 88.485 26.780
0.458 0.474 88.681 159.666 38.398
0.458 0.474 160.634 299.222 51.956
0.458 0.474 299.655 520.957 67.335
0.458 0.474 521.110 849.068 89.602
0.458 0.474 850.896 1517.099 123.310
0.458 0.474 1520.538 2861.334 158.074
0.458 0.474 2862.455 4997.672 209.854
0.474 0.490 3.048 26.465 300.514
0.474 0.490 26.508 52.712 355.856
0.474 0.490 52.759 88.201 501.378
0.474 0.490 88.323 158.783 657.676
0.474 0.490 159.012 298.100 845.400
0.474 0.490 298.183 517.122 1133.741
0.474 0.490 518.673 837.838 1573.322
0.474 0.490 840.361 1493.318 2070.563
0.474 0.490 1497.879 2813.867 2778.755
0.474 0.490 2814.779 4999.402 3311.696
0.490 0.506 2.654 26.620 8.925
0.490 0.506 26.648 52.688 17.885
0.490 0.506 52.728 88.059 28.098
0.490 0.506 88.088 158.009 38.763
0.490 0.506 158.123 297.337 47.644
0.490 0.506 298.705 520.460 67.666
0.490 0.506 521.223 846.291 89.406
0.490 0.506 848.550 1510.304 113.507
0.490 0.506 1512.168 2808.729 165.751
0.490 0.506 2820.353 4988.661 225.185
0.506 0.522 2.171 26.588 300.512
0.506 0.522 26.602 52.674 395.483
0.506 0.522 52.739 87.404 530.583
0.506 0.522 87.571 155.045 626.427
0.506 0.522 155.365 295.866 815.755
0.506 0.522 298.340 523.991 1147.411
0.506 0.522 524.937 841.950 1458.809
0.506 0.522 843.525 1490.350 2109.302
0.506 0.522 1490.575 2802.288 2768.920
0.506 0.522 2804.838 4996.792 3674.576
0.522 0.539 2.233 26.781 9.188
0.522 0.539 27.017 52.700 17.844
0.522 0.539 52.733 87.250 27.333
0.522 0.539 87.354 155.532 38.556
0.522 0.539 155.734 296.148 52.730
0.522 0.539 297.485 518.200 65.792
0.522 0.539 521.625 837.057 86.273
0.522 0.539 837.615 1477.306 118.718
0.522 0.539 1481.588 2798.506 163.348
0.522 0.539 2803.240 4999.308 209.331
0.539 0.557 2.254 27.155 300.120
0.539 0.557 27.295 53.240 387.952
0.539 0.557 53.332 87.419 491.709
0.539 0.557 87.508 154.715 642.700
0.539 0.557 154.957 296.710 829.537
0.539 0.557 297.392 521.966 1054.107
0.539 0.557 522.287 833.853 1542.295
0.539 0.557 835.340 1467.919 2106.377
0.539 0.557 1470.404 2795.455 2817.150
0.539 0.557 2805.544 4998.913 3603.766
0.557 0.576 2.379 27.724 8.266
0.557 0.576 27.786 53.664 16.797
0.557 0.576 53.773 88.183 29.536
0.557 0.576 88.495 155.568 38.547
0.557 0.576 155.782 298.016 49.077
0.557 0.576 299.450 528.049 65.737
0.557 0.576 528.423 836.023 92.012
0.557 0.576 836.908 1454.607 109.625
0.557 0.576 1458.550 2797.074 161.552
0.557 0.576 2801.819 4992.090 227.858
0.576 0.598 2.077 28.391 288.277
0.576 0.598 28.404 54.238 397.807
0.576 0.598 54.631 88.161 503.579
0.576 0.598 88.265 156.888 675.941
0.576 0.598 156.947 303.817 862.869
0.576 0.598 303.938 529.861 1161.906
0.576 0.598 531.000 842.079 1546.530
0.576 0.598 843.579 1460.468 2005.919
0.576 0.598 1460.844 2813.471 2866.343
0.576 0.598 2817.270 4998.731 3835.500
0.598 0.623 2.314 28.592 9.130
0.598 0.623 28.795 54.493 18.066
0.598 0.623 54.657 87.433 29.302
0.598 0.623 87.488 155.796 36.897
0.598 0.623 156.299 300.530 51.565
0.598 0.623 300.736 524.040 67.217
0.598 0.623 525.880 828.133 85.408
0.598 0.623 829.098 1431.380 116.378
0.598 0.623 1433.717 2820.664 161.547
0.598 0.623 2822.055 4997.134 221.213
0.623 0.655 2.073 29.050 297.410
0.623 0.654 29.194 55.148 401.326
0.623 0.655 55.180 87.213 479.570
0.623 0.655 87.303 154.751 636.219
0.623 0.655 155.061 305.796 803.743
0.623 0.655 306.067 530.747 1119.225
0.623 0.655 532.196 837.543 1454.543
0.623 0.655 839.144 1444.626 2073.986
0.623 0.655 1450.249 2833.042 2685.844
0.623 0.655 2834.965 4997.337 3779.653
0.655 0.701 2.089 29.310 9.027
0.655 0.701 29.372 54.823 18.429
0.655 0.701 54.929 87.094 28.175
0.655 0.701 87.222 155.684 37.171
0.655 0.701 157.225 307.491 52.954
0.655 0.701 307.960 533.165 67.059
0.655 0.701 534.480 828.986 86.197
0.655 0.701 830.874 1421.064 118.338
0.655 0.701 1424.767 2823.606 153.032
0.655 0.701 2826.614 4998.601 220.288
0.701 0.913 2.587 29.467 295.895
0.701 0.924 29.482 54.682 411.626
0.701 0.937 54.695 86.349 503.476
0.701 0.895 86.494 153.399 646.541
0.701 0.909 153.826 303.164 776.002
0.701 0.897 303.532 527.463 1071.950
0.701 0.928 528.370 817.149 1488.543
0.701 0.900 818.022 1417.663 2078.140
0.701 0.927 1420.498 2821.741 2701.012
0.701 0.934 2824.115 4999.959 3893.674
0.008 0.273 2.400 23.545 9.172
0.008 0.273 23.552 45.987 18.469
0.007 0.272 46.216 85.503 28.167
0.007 0.273 85.603 160.197 40.017
0.009 0.272 160.554 282.975 50.611
0.010 0.273 283.455 485.591 68.706
0.006 0.272 485.791 872.279 87.901
0.010 0.272 875.361 1633.155 116.147
0.006 0.273 1640.237 2912.794 155.651
0.010 0.272 2915.609 4995.076 222.237
0.273 0.327 2.341 27.914 300.966
0.273 0.327 28.079 55.774 400.680
0.273 0.327 55.898 101.031 527.414
0.273 0.327 101.199 184.008 646.334
0.273 0.327 184.365 318.588 838.926
0.273 0.327 318.888 529.512 1131.347
0.273 0.327 530.135 910.374 1518.665
0.273 0.327 913.175 1671.653 2052.934
0.273 0.327 1673.790 2940.853 2982.574
0.273 0.327 2941.059 4999.708 3817.277
0.327 0.359 2.812 28.072 9.433
0.327 0.359 28.142 54.676 18.768
0.327 0.359 54.740 96.275 28.147
0.327 0.359 96.379 178.074 40.227
0.327 0.359 178.689 318.332 51.979
0.327 0.359 318.700 529.301 67.439
0.327 0.359 529.650 891.480 85.750
0.327 0.359 892.367 1612.698 109.535
0.327 0.359 1621.614 2928.102 160.711
0.327 0.359 2935.315 4982.445 225.804
0.359 0.384 2.125 27.476 301.680
0.359 0.384 27.809 54.233 404.612
0.359 0.384 54.354 94.798 494.060
0.359 0.384 94.987 174.111 652.250
0.359 0.384 174.214 314.097 836.080
0.359 0.384 314.394 528.312 1096.270
0.359 0.384 528.988 894.203 1515.655
0.359 0.384 896.172 1622.659 2097.365
0.359 0.384 1626.080 2954.544 2917.046
0.359 0.384 2961.398 4996.608 3743.920
0.384 0.405 2.328 27.093 9.355
0.384 0.405 27.161 53.244 18.345
0.384 0.405 53.402 93.277 28.666
0.384 0.405 93.394 171.486 40.543
0.384 0.405 172.052 309.786 53.108
0.384 0.405 311.031 527.630 64.664
0.384 0.405 529.673 884.997 86.700
0.384 0.405 885.355 1602.347 112.486
0.384 0.405 1602.608 2924.368 158.793
0.384 0.405 2932.351 4986.315 215.548
0.405 0.424 2.872 27.020 310.427
0.405 0.424 27.102 53.180 398.643
0.405 0.423 53.181 91.810 518.132
0.405 0.423 91.834 170.070 679.602
0.405 0.424 170.963 312.840 811.632
0.405 0.423 313.263 531.811 1112.519
0.405 0.424 532.224 876.505 1589.030
0.405 0.423 878.646 1567.365 2124.312
0.405 0.424 1571.611 2866.831 2977.007
0.405 0.424 2878.458 4994.306 3724.582
0.424 0.441 2.431 26.634 9.156
0.424 0.441 26.691 52.303 18.894
0.424 0.441 52.454 89.595 29.498
0.424 0.441 89.792 164.156 40.099
0.424 0.441 164.938 303.463 56.493
0.424 0.441 303.583 519.237 71.979
0.424 0.441 520.889 857.506 91.774
0.424 0.441 857.840 1538.296 118.954
0.424 0.441 1540.318 2874.963 159.805
0.424 0.441 2877.297 4998.673 225.904
0.441 0.457 2.366 26.599 319.517
0.441 0.458 26.652 52.406 401.256
0.441 0.458 52.433 88.916 528.709
0.441 0.458 89.032 162.263 662.398
0.441 0.458 162.320 304.190 823.786
0.441 0.458 304.871 523.517 1088.040
0.441 0.458 524.127 857.532 1551.803
0.441 0.458 858.026 1540.451 2075.196
0.441 0.458 1547.903 2869.847 2788.199
0.441 0.458 2872.654 4993.020 3900.900
0.458 0.474 2.103 26.651 10.181
0.458 0.474 26.689 52.360 19.392
0.458 0.474 52.535 88.614 29.457
0.458 0.474 88.738 159.861 43.052
0.458 0.474 160.268 299.259 55.424
0.458 0.474 299.984 520.598 69.338
0.458 0.474 521.503 848.621 88.485
0.458 0.474 851.647 1516.310 117.739
0.458 0.474 1521.271 2859.529 160.621
0.458 0.474 2863.414 4995.631 227.866
0.474 0.490 2.175 26.437 314.718
0.474 0.490 26.497 52.717 418.873
0.474 0.490 52.746 88.096 532.120
0.474 0.490 88.343 158.537 678.024
0.474 0.490 158.912 297.798 833.386
0.474 0.490 298.243 517.965 1095.884
0.474 0.490 518.673 839.751 1543.003
0.474 0.490 841.079 1492.363 2044.158
0.474 0.490 1495.858 2812.195 2897.849
0.474 0.490 2820.171 4997.042 3964.423
0.490 0.506 2.334 26.542 10.255
0.490 0.506 26.636 52.602 19.890
0.490 0.506 52.738 87.873 31.009
0.490 0.506 88.114 157.919 43.092
0.490 0.506 158.232 297.491 55.796
0.490 0.506 298.924 520.433 70.602
0.490 0.506 521.276 846.423 93.575
0.490 0.506 847.305 1509.437 118.077
0.490 0.506 1515.036 2815.449 161.549
0.490 0.506 2819.124 4995.241 233.270
0.506 0.522 2.361 26.502 315.359
0.506 0.522 26.623 52.672 424.110
0.506 0.522 52.726 87.472 553.831
0.506 0.522 87.584 154.888 694.559
0.506 0.522 155.535 295.858 857.435
0.506 0.522 296.912 523.860 1127.383
0.506 0.522 524.948 842.510 1564.983
0.506 0.522 843.518 1484.872 2164.181
0.506 0.522 1490.609 2801.817 2945.394
0.506 0.522 2809.662 4987.367 3979.999
0.522 0.539 2.240 26.781 10.518
0.522 0.539 26.903 52.637 20.466
0.522 0.539 52.744 87.238 31.701
0.522 0.539 87.354 155.179 43.186
0.522 0.539 155.601 296.948 55.500
0.522 0.539 297.378 520.365 70.125
0.522 0.539 521.244 837.041 89.536
0.522 0.539 838.510 1477.506 120.004
0.522 0.539 1480.599 2802.331 166.054
0.522 0.539 2803.962 4986.099 230.574
0.539 0.557 2.243 27.152 312.957
0.539 0.557 27.209 53.218 432.455
0.539 0.557 53.282 87.452 534.016
0.539 0.557 87.634 154.433 670.392
0.539 0.557 154.760 296.882 843.254
0.539 0.557 297.061 520.595 1140.510
0.539 0.557 522.653 833.784 1584.900
0.539 0.557 837.156 1469.819 2139.063
0.539 0.557 1469.967 2794.798 2982.235
0.539 0.557 2796.131 4999.133 4122.673
0.557 0.576 2.193 27.722 11.167
0.557 0.576 27.738 53.675 21.201
0.557 0.576 53.725 88.164 32.200
0.557 0.576 88.291 155.565 44.010
0.557 0.576 155.764 298.218 56.758
0.557 0.576 299.102 527.117 70.029
0.557 0.576 528.835 834.991 92.772
0.557 0.576 836.992 1455.087 121.511
0.557 0.576 1463.562 2795.472 163.767
0.557 0.576 2799.559 4999.799 241.189
0.576 0.598 2.114 28.386 324.139
0.576 0.598 28.402 54.496 438.621
0.576 0.598 54.543 88.085 557.423
0.576 0.598 88.464 156.897 693.011
0.576 0.598 156.939 303.625 883.385
0.576 0.598 304.215 530.017 1127.690
0.576 0.598 530.515 842.307 1585.549
0.576 0.598 843.624 1456.248 2264.080
0.576 0.598 1465.080 2813.726 3077.398
0.576 0.598 2821.320 4998.977 4025.885
0.598 0.623 2.045 28.581 11.192
0.598 0.623 28.697 54.620 21.499
0.598 0.623 54.671 87.419 32.630
0.598 0.623 87.448 155.778 45.103
0.598 0.623 155.985 300.578 56.511
0.598 0.623 301.284 524.461 71.825
0.598 0.623 525.049 827.982 90.806
0.598 0.623 828.433 1432.035 124.194
0.598 0.623 1433.648 2820.649 168.697
0.598 0.623 2821.873 4985.141 241.427
0.623 0.655 2.537 29.125 341.857
0.623 0.654 29.239 55.145 436.291
0.623 0.655 55.190 87.207 558.991
0.623 0.655 87.410 154.585 689.468
0.623 0.655 155.191 305.785 872.946
0.623 0.655 305.996 531.132 1163.410
0.623 0.655 532.143 838.210 1613.371
0.623 0.655 839.088 1445.463 2250.457
0.623 0.655 1450.400 2830.915 3122.658
0.623 0.655 2842.380 4998.905 4126.116
0.655 0.701 2.089 29.269 11.724
0.655 0.701 29.337 54.726 23.320
0.655 0.701 54.876 87.138 35.249
0.655 0.701 87.212 155.637 46.297
0.655 0.701 155.753 307.772 59.536
0.655 0.701 309.239 534.004 74.123
0.655 0.701 534.649 829.257 93.912
0.655 0.701 831.737 1422.476 125.750
0.655 0.700 1426.100 2821.523 171.810
0.655 0.701 2830.035 4996.633 253.364
0.701 0.906 3.602 29.458 337.677
0.701 0.918 29.500 54.590 454.869
0.701 0.919 54.757 86.264 573.945
0.701 0.929 86.515 153.567 689.005
0.701 0.934 153.969 303.184 890.574
0.701 0.915 303.490 526.643 1145.781
0.701 0.920 529.002 817.205 1665.491
0.701 0.925 817.775 1418.675 2298.126
0.701 0.927 1418.909 2823.350 3242.241
0.701 0.934 2827.597 4999.959 4142.374
