Agg-Agg collection for the flat orientation. 
Volume ratio of agg subtracted from volume ratio of new agg (Vagg/Vellipse)
Mode from 300 aggregates. 
Ranges are taken from the aggregates being pulled from the db, 
not the bin edges (maximum range) 
Order: agg phi min, agg phi max, agg r min, agg r max, value 
0.007 0.027 1.758 27.113 -0.434 
0.008 0.027 27.214 58.235 -0.257 
0.007 0.027 58.351 95.489 -0.272 
0.008 0.027 95.656 150.949 -0.164 
0.008 0.027 151.055 285.682 -0.371 
0.006 0.027 287.341 588.003 -0.275 
0.006 0.027 588.923 917.680 -0.310 
0.008 0.027 917.988 1391.976 -0.328 
0.007 0.027 1393.760 2268.130 -0.309 
0.007 0.027 2277.107 4996.112 -0.396 
0.027 0.039 1.697 24.812 -0.220 
0.027 0.039 24.882 54.271 -0.378 
0.027 0.039 54.467 97.017 -0.168 
0.027 0.039 97.101 149.571 -0.278 
0.027 0.039 149.927 253.763 -0.266 
0.027 0.039 254.000 515.541 -0.299 
0.027 0.039 516.730 901.076 -0.287 
0.027 0.039 904.045 1429.897 -0.228 
0.027 0.039 1432.281 2383.616 -0.116 
0.027 0.039 2404.060 4995.186 -0.288 
0.039 0.054 1.666 20.579 -0.329 
0.039 0.054 20.667 42.776 -0.182 
0.039 0.054 42.963 77.419 -0.196 
0.039 0.054 77.534 137.226 -0.349 
0.039 0.054 137.337 255.954 -0.268 
0.039 0.054 256.209 468.514 -0.224 
0.039 0.054 470.732 795.954 -0.091 
0.039 0.054 796.781 1409.355 -0.190 
0.039 0.054 1410.349 2690.072 -0.253 
0.039 0.054 2706.635 4995.965 -0.219 
0.054 0.072 1.591 20.219 -0.309 
0.054 0.072 20.333 40.410 -0.122 
0.054 0.072 40.504 67.823 -0.210 
0.054 0.072 67.932 122.029 -0.142 
0.054 0.072 122.119 242.576 -0.160 
0.054 0.072 244.022 442.788 -0.222 
0.054 0.072 444.901 729.252 -0.162 
0.054 0.072 730.370 1384.710 -0.097 
0.054 0.072 1387.688 2842.709 -0.206 
0.054 0.072 2848.764 4989.069 -0.296 
0.072 0.095 1.772 21.395 -0.380 
0.072 0.095 21.503 42.070 -0.244 
0.072 0.095 42.242 68.803 -0.323 
0.072 0.095 69.019 113.143 -0.370 
0.072 0.095 113.325 205.897 -0.293 
0.072 0.095 206.363 393.247 -0.233 
0.072 0.095 395.209 655.137 -0.360 
0.072 0.095 657.381 1250.190 -0.348 
0.072 0.095 1250.590 2715.311 -0.191 
0.072 0.095 2722.389 4995.175 -0.083 
0.095 0.121 1.715 23.615 -0.272 
0.095 0.121 23.754 47.744 -0.356 
0.095 0.121 47.789 75.396 -0.191 
0.095 0.121 75.435 108.581 -0.254 
0.095 0.121 108.827 163.001 -0.174 
0.095 0.121 163.647 323.944 -0.276 
0.095 0.121 324.693 537.746 -0.240 
0.095 0.121 539.038 1018.498 -0.329 
0.095 0.121 1031.990 2500.560 -0.213 
0.095 0.121 2507.996 4997.872 -0.250 
0.121 0.151 1.830 24.859 -0.084 
0.121 0.151 24.946 50.914 -0.137 
0.121 0.151 51.012 74.031 -0.340 
0.121 0.151 74.137 100.295 -0.185 
0.121 0.151 100.436 145.737 -0.192 
0.121 0.151 146.327 292.000 -0.330 
0.121 0.151 292.448 479.681 -0.259 
0.121 0.151 480.174 919.565 -0.342 
0.121 0.151 924.427 2404.906 -0.229 
0.121 0.151 2409.655 4997.916 -0.326 
0.151 0.187 1.785 24.645 -0.210 
0.151 0.187 24.742 48.533 -0.348 
0.151 0.187 48.581 68.635 -0.283 
0.151 0.186 68.683 91.618 -0.212 
0.151 0.187 91.709 137.992 -0.293 
0.151 0.187 138.100 274.780 -0.263 
0.151 0.187 275.558 459.492 -0.123 
0.151 0.187 460.054 886.188 -0.232 
0.151 0.187 888.063 2403.354 -0.190 
0.151 0.187 2405.248 4993.660 -0.238 
0.187 0.229 1.865 24.886 -0.216 
0.187 0.229 24.991 45.780 -0.182 
0.187 0.229 45.838 63.467 -0.258 
0.187 0.229 63.535 85.202 -0.275 
0.187 0.229 85.223 128.815 -0.394 
0.187 0.229 128.902 256.106 -0.250 
0.187 0.229 256.310 444.482 -0.280 
0.187 0.229 444.820 861.741 -0.171 
0.187 0.229 862.849 2394.082 -0.821 
0.187 0.229 2394.831 4998.543 -0.207 
0.229 0.279 1.618 24.542 -0.204 
0.229 0.279 24.583 42.227 -0.185 
0.229 0.279 42.271 59.068 -0.385 
0.229 0.279 59.075 79.817 -0.148 
0.229 0.279 79.864 121.061 -0.333 
0.229 0.279 121.222 241.761 -0.278 
0.229 0.279 242.073 431.262 -0.300 
0.229 0.279 431.982 843.065 -0.255 
0.229 0.279 845.625 2404.713 -0.268 
0.229 0.279 2405.542 4995.426 -0.191 
0.279 0.337 1.738 22.995 -0.272 
0.279 0.337 23.010 38.969 -0.226 
0.279 0.337 38.983 55.375 -0.271 
0.279 0.337 55.451 76.535 -0.194 
0.279 0.337 76.643 117.552 -0.297 
0.279 0.337 117.825 240.034 -0.248 
0.279 0.337 240.317 438.253 -0.714 
0.279 0.337 438.468 844.981 -0.767 
0.279 0.337 847.827 2442.174 -0.710 
0.279 0.337 2444.491 4985.571 -0.715 
0.338 0.398 2.317 20.901 -0.324 
0.337 0.398 20.927 36.433 -0.265 
0.338 0.398 36.445 54.469 -0.258 
0.338 0.398 54.491 78.586 -0.279 
0.337 0.398 78.695 135.503 -0.184 
0.337 0.398 135.580 270.767 -0.300 
0.338 0.398 271.621 486.367 -0.240 
0.338 0.398 487.080 952.452 -0.156 
0.337 0.398 954.460 2597.670 -0.281 
0.337 0.398 2602.833 4995.178 -0.230 
0.398 0.452 1.973 17.980 -0.331 
0.398 0.452 18.007 34.211 -0.296 
0.398 0.452 34.272 56.763 -0.272 
0.398 0.452 56.787 89.550 -0.210 
0.398 0.452 89.608 202.449 -0.241 
0.398 0.452 202.567 353.222 -0.494 
0.398 0.452 353.678 604.505 -0.730 
0.398 0.452 606.227 1318.435 -0.325 
0.398 0.452 1320.730 2871.657 -0.382 
0.398 0.452 2873.540 4998.056 -0.390 
0.452 0.498 2.144 16.520 -0.354 
0.452 0.498 16.540 33.008 -0.587 
0.452 0.498 33.234 60.804 -0.295 
0.452 0.498 60.865 126.647 -0.314 
0.452 0.498 127.125 276.286 -0.182 
0.452 0.498 276.566 452.330 -0.212 
0.452 0.498 452.347 725.986 -0.298 
0.452 0.498 726.945 1662.283 -0.292 
0.452 0.498 1664.046 3063.335 -0.261 
0.452 0.498 3068.170 4994.168 -0.326 
0.498 0.538 1.950 16.010 -0.375 
0.498 0.538 16.096 32.477 -0.315 
0.498 0.538 32.633 66.406 -0.287 
0.498 0.538 66.514 185.641 -0.268 
0.498 0.538 186.115 341.893 -0.350 
0.498 0.538 342.428 526.416 -0.523 
0.498 0.538 526.655 807.664 -0.275 
0.498 0.538 811.808 1836.346 -0.292 
0.498 0.538 1838.222 3197.629 -0.401 
0.498 0.538 3200.867 4998.494 -0.282 
0.538 0.576 2.153 15.947 -0.289 
0.538 0.575 16.005 32.452 -0.493 
0.538 0.576 32.588 71.982 -0.244 
0.538 0.576 72.337 232.765 -0.310 
0.538 0.576 233.325 390.655 -0.329 
0.538 0.576 391.537 570.741 -0.300 
0.538 0.576 571.703 861.579 -0.360 
0.538 0.575 862.035 1964.666 -0.344 
0.538 0.576 1967.076 3338.334 -0.236 
0.538 0.576 3344.844 4999.162 -0.282 
0.576 0.613 2.051 16.117 -0.300 
0.576 0.613 16.147 32.057 -0.179 
0.576 0.613 32.131 78.370 -0.349 
0.576 0.613 78.537 275.850 -0.202 
0.576 0.613 276.416 428.533 -0.320 
0.576 0.613 429.248 607.684 -0.282 
0.576 0.613 608.065 906.515 -0.548 
0.576 0.613 907.821 2076.535 -0.625 
0.576 0.613 2079.750 3439.069 -0.476 
0.576 0.613 3444.624 4996.635 -0.529 
0.614 0.655 2.200 16.143 -0.319 
0.614 0.655 16.200 32.103 -0.381 
0.614 0.655 32.135 87.359 -0.485 
0.614 0.655 87.462 307.635 -0.508 
0.614 0.655 308.127 451.112 -0.271 
0.613 0.655 451.596 626.235 -0.202 
0.614 0.655 627.317 926.765 -0.304 
0.614 0.655 930.049 2143.083 -0.178 
0.614 0.655 2151.680 3477.592 -0.291 
0.614 0.655 3480.449 4999.624 -0.196 
0.655 0.710 2.038 16.233 -0.278 
0.655 0.710 16.267 31.291 -0.420 
0.655 0.709 31.313 98.038 -0.314 
0.655 0.709 98.258 331.396 -0.482 
0.655 0.710 331.884 471.544 -0.471 
0.655 0.710 472.295 643.359 -0.574 
0.655 0.710 643.412 948.207 -0.479 
0.655 0.709 949.548 2221.491 -0.549 
0.655 0.710 2224.559 3541.177 -0.546 
0.656 0.710 3545.756 4999.531 -0.485 
0.710 0.931 1.773 15.982 -0.304 
0.710 0.916 16.021 29.976 -0.444 
0.710 0.918 30.128 118.494 -0.218 
0.710 0.931 120.486 348.061 -0.361 
0.710 0.929 348.612 489.794 -0.230 
0.710 0.943 490.141 656.777 -0.204 
0.710 0.925 658.492 953.026 -0.274 
0.710 0.940 954.840 2275.581 -0.340 
0.710 0.933 2280.318 3585.066 -0.384 
0.710 0.921 3589.333 4997.754 -0.281 
0.007 0.027 1.639 27.057 -0.143 
0.007 0.027 27.162 58.234 -0.416 
0.008 0.027 58.251 95.470 -0.386 
0.008 0.027 95.751 151.012 -0.433 
0.007 0.027 151.188 285.530 -0.389 
0.006 0.027 286.980 587.564 -0.439 
0.007 0.027 589.109 916.996 -0.269 
0.008 0.027 917.863 1390.963 -0.432 
0.006 0.027 1394.187 2269.659 -0.484 
0.006 0.027 2275.741 4993.467 -0.401 
0.027 0.039 1.776 24.789 -0.318 
0.027 0.039 24.831 54.308 -0.409 
0.027 0.039 54.517 97.046 -0.455 
0.027 0.039 97.084 149.658 -0.427 
0.027 0.039 149.903 253.765 -0.205 
0.027 0.039 254.298 515.541 -0.238 
0.027 0.039 516.685 901.567 -0.260 
0.027 0.039 903.933 1429.625 -0.359 
0.027 0.039 1431.335 2398.879 -0.237 
0.027 0.039 2405.218 4991.673 -0.181 
0.039 0.054 1.797 20.617 -0.351 
0.039 0.054 20.651 42.945 -0.400 
0.039 0.054 42.957 77.453 -0.442 
0.039 0.054 77.525 137.105 -0.465 
0.039 0.054 137.299 255.557 -0.414 
0.039 0.054 256.165 467.971 -0.203 
0.039 0.054 469.861 796.137 -0.494 
0.039 0.054 796.781 1407.681 -0.497 
0.039 0.054 1412.744 2694.682 -0.474 
0.039 0.054 2697.604 4992.848 -0.383 
0.054 0.072 1.655 20.127 -0.473 
0.054 0.072 20.323 40.454 -0.287 
0.054 0.072 40.512 67.760 -0.351 
0.054 0.072 67.956 122.094 -0.404 
0.054 0.072 122.110 243.817 -0.180 
0.054 0.072 244.022 442.742 -0.279 
0.054 0.072 443.522 729.108 -0.297 
0.054 0.072 729.756 1385.596 -0.497 
0.054 0.072 1387.268 2845.950 -0.268 
0.054 0.072 2848.764 4998.108 -0.191 
0.072 0.095 2.093 21.372 -0.291 
0.072 0.095 21.450 42.172 -0.298 
0.072 0.095 42.287 68.951 -0.418 
0.072 0.095 69.053 112.994 -0.295 
0.072 0.095 113.344 206.063 -0.395 
0.072 0.095 206.477 393.445 -0.405 
0.072 0.094 393.796 654.572 -0.372 
0.072 0.095 657.367 1250.294 -0.354 
0.072 0.095 1252.553 2704.019 -0.257 
0.072 0.095 2723.558 4987.844 -0.459 
0.095 0.121 1.916 23.620 -0.315 
0.095 0.121 23.768 47.750 -0.343 
0.095 0.121 47.827 75.364 -0.378 
0.095 0.121 75.454 108.610 -0.316 
0.095 0.121 108.778 162.996 -0.415 
0.095 0.121 163.588 323.690 -0.211 
0.095 0.121 324.019 537.881 -0.271 
0.095 0.121 538.230 1024.171 -0.410 
0.095 0.121 1030.077 2499.317 -0.326 
0.095 0.121 2508.936 4993.170 -0.309 
0.121 0.151 1.761 24.891 -0.337 
0.121 0.151 25.035 50.895 -0.370 
0.121 0.151 50.996 74.026 -0.385 
0.121 0.151 74.066 100.358 -0.360 
0.121 0.151 100.437 145.795 -0.390 
0.121 0.151 146.354 292.028 -0.273 
0.121 0.151 292.943 479.109 -0.352 
0.121 0.151 480.060 918.530 -0.309 
0.121 0.151 923.245 2400.638 -0.438 
0.121 0.151 2408.962 4995.392 -0.361 
0.151 0.187 1.696 24.640 -0.330 
0.151 0.187 24.683 48.548 -0.341 
0.151 0.187 48.597 68.623 -0.299 
0.151 0.187 68.694 91.572 -0.308 
0.151 0.187 91.693 137.864 -0.377 
0.151 0.187 138.074 274.992 -0.326 
0.151 0.187 275.420 459.083 -0.279 
0.151 0.187 460.176 885.561 -0.361 
0.151 0.187 887.034 2404.061 -0.259 
0.151 0.187 2408.542 4984.385 -0.301 
0.187 0.229 1.768 24.947 -0.248 
0.187 0.229 24.961 45.806 -0.371 
0.187 0.229 45.870 63.509 -0.413 
0.187 0.229 63.564 85.193 -0.341 
0.187 0.229 85.241 128.639 -0.302 
0.187 0.229 128.978 256.067 -0.297 
0.187 0.229 256.318 444.537 -0.346 
0.187 0.228 446.204 860.983 -0.338 
0.187 0.229 863.001 2387.087 -0.295 
0.187 0.229 2405.489 4998.064 -0.284 
0.229 0.279 1.934 24.501 -0.283 
0.229 0.279 24.581 42.169 -0.271 
0.229 0.279 42.256 59.028 -0.245 
0.229 0.279 59.071 79.849 -0.325 
0.229 0.279 79.863 121.045 -0.343 
0.229 0.279 121.233 241.930 -0.256 
0.229 0.279 242.344 431.823 -0.226 
0.229 0.279 431.883 841.897 -0.359 
0.229 0.279 844.903 2404.713 -0.369 
0.229 0.279 2405.460 4997.713 -0.330 
0.279 0.337 1.772 22.988 -0.246 
0.279 0.337 23.004 38.979 -0.334 
0.279 0.337 38.986 55.427 -0.331 
0.279 0.337 55.479 76.584 -0.266 
0.279 0.337 76.729 117.478 -0.279 
0.279 0.337 117.812 239.198 -0.270 
0.279 0.337 240.306 438.213 -0.293 
0.279 0.337 438.734 844.828 -0.400 
0.279 0.337 847.069 2442.445 -0.351 
0.279 0.337 2448.521 4998.343 -0.311 
0.338 0.398 2.243 20.864 -0.329 
0.337 0.398 20.927 36.388 -0.253 
0.337 0.398 36.490 54.454 -0.269 
0.338 0.398 54.499 78.585 -0.324 
0.338 0.398 78.685 135.345 -0.300 
0.337 0.398 135.597 270.995 -0.367 
0.337 0.398 271.291 485.913 -0.334 
0.337 0.398 486.967 953.969 -0.186 
0.337 0.398 954.640 2594.481 -0.264 
0.337 0.398 2600.412 4991.744 -0.344 
0.398 0.452 2.134 17.980 -0.304 
0.398 0.452 17.999 34.230 -0.317 
0.398 0.452 34.255 56.623 -0.328 
0.398 0.452 56.795 89.506 -0.271 
0.398 0.452 89.560 202.292 -0.248 
0.398 0.452 202.657 353.237 -0.276 
0.398 0.452 353.646 604.640 -0.296 
0.398 0.452 605.114 1317.778 -0.258 
0.398 0.452 1320.458 2868.914 -0.317 
0.398 0.452 2873.696 4999.320 -0.224 
0.452 0.498 1.896 16.530 -0.265 
0.452 0.498 16.553 33.199 -0.293 
0.452 0.498 33.355 60.839 -0.259 
0.452 0.498 60.931 126.799 -0.319 
0.452 0.498 127.380 276.544 -0.288 
0.452 0.498 276.590 452.242 -0.245 
0.452 0.498 452.864 725.986 -0.231 
0.452 0.498 726.409 1659.569 -0.290 
0.452 0.498 1665.600 3063.160 -0.253 
0.452 0.498 3068.818 4996.789 -0.313 
0.498 0.538 1.737 16.084 -0.381 
0.498 0.538 16.103 32.567 -0.248 
0.498 0.538 32.615 66.261 -0.271 
0.498 0.538 66.486 184.843 -0.276 
0.498 0.538 185.991 341.953 -0.317 
0.498 0.538 342.255 526.064 -0.320 
0.498 0.538 526.530 809.679 -0.176 
0.498 0.538 812.034 1836.291 -0.286 
0.498 0.538 1836.583 3196.894 -0.287 
0.498 0.538 3199.078 4995.635 -0.268 
0.538 0.576 1.798 15.958 -0.260 
0.538 0.576 16.006 32.378 -0.313 
0.538 0.576 32.470 72.131 -0.216 
0.538 0.576 72.195 232.537 -0.257 
0.538 0.576 232.950 390.954 -0.277 
0.538 0.576 391.753 571.026 -0.311 
0.538 0.576 571.713 860.819 -0.279 
0.538 0.576 861.967 1965.453 -0.243 
0.538 0.576 1967.343 3340.824 -0.272 
0.538 0.576 3346.423 4996.119 -0.273 
0.576 0.613 1.954 16.118 -0.300 
0.576 0.613 16.152 32.038 -0.167 
0.576 0.613 32.159 78.477 -0.203 
0.576 0.613 79.029 275.288 -0.234 
0.576 0.613 276.525 428.681 -0.265 
0.576 0.613 429.451 606.820 -0.150 
0.576 0.613 608.090 906.308 -0.310 
0.576 0.613 906.946 2075.286 -0.263 
0.576 0.613 2077.471 3441.348 -0.211 
0.576 0.613 3447.103 4991.711 -0.250 
0.614 0.655 1.936 16.179 -0.211 
0.614 0.655 16.195 32.040 -0.276 
0.614 0.655 32.123 87.270 -0.263 
0.613 0.655 87.456 307.454 -0.227 
0.613 0.655 308.459 451.125 -0.225 
0.614 0.655 451.224 625.831 -0.269 
0.614 0.655 627.257 926.815 -0.284 
0.614 0.655 928.867 2148.502 -0.297 
0.614 0.655 2149.389 3476.249 -0.238 
0.614 0.655 3479.657 4993.521 -0.222 
0.655 0.710 1.828 16.218 -0.223 
0.655 0.710 16.289 31.239 -0.150 
0.655 0.709 31.330 97.522 -0.212 
0.655 0.709 98.585 331.696 -0.186 
0.655 0.709 331.824 471.800 -0.217 
0.655 0.710 471.910 642.371 -0.183 
0.655 0.710 643.727 947.488 -0.276 
0.655 0.710 948.341 2221.491 -0.244 
0.655 0.710 2224.608 3541.197 -0.242 
0.655 0.709 3551.712 4999.472 -0.298 
0.710 0.921 1.816 15.995 -0.219 
0.710 0.948 15.998 30.037 -0.155 
0.710 0.907 30.045 119.843 -0.188 
0.710 0.925 120.190 348.103 -0.218 
0.710 0.944 348.483 489.829 -0.203 
0.710 0.943 490.093 657.125 -0.278 
0.710 0.939 657.962 952.994 -0.164 
0.710 0.904 954.487 2277.012 -0.204 
0.710 0.900 2280.161 3585.568 -0.236 
0.710 0.922 3589.536 4998.198 -0.268 
