Ice-Agg collection for the flat orientation. 
Characteristic values taken from the peak of a fit 
gamma distribution from 300 aggregates. 
Minor axis taken as the smallest axis from the fit-ellipsoid 
Ranges are taken from the bin edges (maximum range) 
Order: agg phi min, agg phi max, agg r min, agg r max, 
 monomer phi min, monomer phi max, monomer r min, monomer r max, value 
0.005 0.028 1.548 15.581 0.010 100.000 1.000 8.000 0.793 
0.005 0.028 15.581 27.101 0.010 100.000 1.000 10.000 1.624 
0.005 0.028 27.101 42.822 0.010 100.000 1.000 20.000 1.681 
0.005 0.028 42.822 58.428 0.010 100.000 2.000 30.000 3.395 
0.005 0.028 58.428 75.671 0.010 100.000 3.000 40.000 4.657 
0.005 0.028 75.671 96.158 0.010 100.000 3.000 50.000 5.602 
0.005 0.028 96.158 120.488 0.010 100.000 4.000 60.000 9.016 
0.005 0.028 120.488 150.853 0.010 100.000 4.000 80.000 9.562 
0.005 0.028 150.853 193.668 0.010 100.000 6.000 100.000 8.845 
0.005 0.028 193.668 283.172 0.010 100.000 7.000 100.000 16.346 
0.005 0.028 283.172 435.513 0.010 100.000 9.000 200.000 29.736 
0.005 0.028 435.513 585.439 0.010 100.000 20.000 300.000 35.384 
0.005 0.028 585.439 738.061 0.010 100.000 20.000 400.000 55.630 
0.005 0.028 738.061 919.666 0.010 100.000 30.000 500.000 53.937 
0.005 0.028 919.666 1133.876 0.010 100.000 40.000 600.000 69.509 
0.005 0.028 1133.876 1394.715 0.010 100.000 40.000 800.000 65.546 
0.005 0.028 1394.715 1732.551 0.010 100.000 50.000 1000.000 77.934 
0.005 0.028 1732.551 2263.098 0.010 100.000 60.000 1000.000 138.707 
0.005 0.028 2263.098 3515.698 0.010 100.000 80.000 1000.000 130.200 
0.005 0.028 3515.698 4999.259 0.010 100.000 200.000 1000.000 340.904 
0.028 0.042 1.532 14.398 0.010 100.000 1.000 8.000 1.012 
0.028 0.042 14.398 24.033 0.010 100.000 1.000 10.000 1.522 
0.028 0.042 24.033 37.244 0.010 100.000 1.000 20.000 3.489 
0.028 0.042 37.244 52.255 0.010 100.000 2.000 30.000 4.621 
0.028 0.042 52.255 71.434 0.010 100.000 2.000 40.000 6.607 
0.028 0.042 71.434 94.348 0.010 100.000 3.000 60.000 6.896 
0.028 0.042 94.348 119.718 0.010 100.000 4.000 70.000 9.249 
0.028 0.042 119.718 148.820 0.010 100.000 5.000 90.000 14.220 
0.028 0.042 148.820 186.200 0.010 100.000 5.000 100.000 13.988 
0.028 0.042 186.200 252.520 0.010 100.000 7.000 100.000 24.712 
0.028 0.042 252.520 371.928 0.010 100.000 9.000 200.000 30.568 
0.028 0.042 371.928 503.668 0.010 100.000 20.000 300.000 47.932 
0.028 0.042 503.668 674.929 0.010 100.000 20.000 400.000 49.498 
0.028 0.042 674.929 886.037 0.010 100.000 30.000 500.000 79.634 
0.028 0.042 886.037 1141.877 0.010 100.000 30.000 700.000 84.994 
0.028 0.042 1141.877 1430.190 0.010 100.000 50.000 700.000 148.514 
0.028 0.042 1430.190 1796.466 0.010 100.000 50.000 1000.000 171.687 
0.028 0.042 1796.466 2455.530 0.010 100.000 70.000 1000.000 216.256 
0.028 0.042 2455.530 3631.604 0.010 100.000 80.000 1000.000 284.924 
0.028 0.042 3631.604 4999.909 0.010 100.000 200.000 1000.000 442.624 
0.042 0.058 1.489 12.342 0.010 61.585 1.000 7.000 1.184 
0.042 0.058 12.342 20.368 0.010 100.000 1.000 10.000 2.244 
0.042 0.058 20.368 30.519 0.010 100.000 1.000 10.000 3.303 
0.042 0.058 30.519 42.099 0.010 100.000 1.000 20.000 4.745 
0.042 0.058 42.099 56.236 0.010 100.000 2.000 30.000 6.287 
0.042 0.058 56.236 74.675 0.010 100.000 3.000 40.000 8.714 
0.042 0.058 74.675 100.169 0.010 100.000 4.000 60.000 11.345 
0.042 0.058 100.169 134.891 0.010 100.000 4.000 80.000 16.170 
0.042 0.058 134.891 178.971 0.010 100.000 5.000 100.000 20.930 
0.042 0.058 178.971 258.285 0.010 100.000 7.000 100.000 22.230 
0.042 0.058 258.285 356.507 0.010 100.000 9.000 200.000 38.862 
0.042 0.058 356.507 466.954 0.010 100.000 20.000 300.000 51.330 
0.042 0.058 466.954 601.018 0.010 100.000 20.000 300.000 58.802 
0.042 0.058 601.018 778.532 0.010 100.000 30.000 400.000 93.604 
0.042 0.058 778.532 1048.753 0.010 100.000 30.000 600.000 117.563 
0.042 0.058 1048.753 1410.658 0.010 100.000 50.000 700.000 167.944 
0.042 0.058 1410.658 1903.206 0.010 100.000 60.000 1000.000 230.691 
0.042 0.058 1903.206 2757.052 0.010 100.000 50.000 1000.000 283.596 
0.042 0.058 2757.052 3797.673 0.010 100.000 100.000 1000.000 448.603 
0.042 0.058 3797.673 4999.985 0.010 100.000 200.000 1000.000 531.848 
0.058 0.077 1.592 12.330 0.010 37.927 1.000 7.000 1.006 
0.058 0.077 12.330 20.508 0.010 61.585 1.000 10.000 2.513 
0.058 0.077 20.508 30.440 0.010 100.000 1.000 10.000 3.744 
0.058 0.077 30.440 40.624 0.010 100.000 2.000 20.000 5.858 
0.058 0.077 40.624 52.809 0.010 100.000 2.000 20.000 7.351 
0.058 0.077 52.809 67.274 0.010 61.585 3.000 30.000 9.937 
0.058 0.077 67.274 86.761 0.010 100.000 3.000 50.000 10.150 
0.058 0.077 86.761 119.433 0.010 100.000 4.000 70.000 17.007 
0.058 0.077 119.433 162.244 0.010 100.000 6.000 90.000 24.680 
0.058 0.077 162.244 236.227 0.010 100.000 8.000 100.000 32.832 
0.058 0.077 236.227 335.006 0.010 100.000 9.000 200.000 49.607 
0.058 0.077 335.006 436.565 0.010 61.585 20.000 200.000 60.338 
0.058 0.077 436.565 559.387 0.010 100.000 20.000 300.000 76.868 
0.058 0.077 559.387 719.312 0.010 61.585 30.000 400.000 103.624 
0.058 0.077 719.312 977.273 0.010 61.585 40.000 500.000 134.664 
0.058 0.077 977.273 1375.287 0.010 100.000 40.000 700.000 209.256 
0.058 0.077 1375.287 1931.711 0.010 100.000 60.000 1000.000 283.337 
0.058 0.077 1931.711 2847.135 0.010 100.000 60.000 1000.000 374.868 
0.058 0.077 2847.135 3829.655 0.010 61.585 200.000 1000.000 550.702 
0.058 0.077 3829.655 4999.646 0.010 100.000 200.000 1000.000 654.216 
0.077 0.100 1.546 12.975 0.010 61.585 1.000 7.000 1.374 
0.077 0.100 12.975 21.849 0.010 100.000 1.000 10.000 2.990 
0.077 0.100 21.849 32.224 0.010 61.585 1.000 10.000 4.945 
0.077 0.100 32.224 42.979 0.010 100.000 1.000 20.000 5.721 
0.077 0.100 42.979 55.780 0.010 100.000 2.000 30.000 7.627 
0.077 0.100 55.780 70.503 0.010 61.585 3.000 40.000 11.798 
0.077 0.100 70.503 87.452 0.010 61.585 3.000 40.000 15.329 
0.077 0.100 87.452 112.179 0.010 100.000 3.000 60.000 18.706 
0.077 0.100 112.179 142.197 0.010 61.585 6.000 70.000 24.169 
0.077 0.100 142.197 193.771 0.010 61.585 6.000 100.000 34.039 
0.077 0.100 193.771 283.783 0.010 61.585 9.000 100.000 47.855 
0.077 0.100 283.783 375.359 0.010 61.585 20.000 200.000 63.813 
0.077 0.100 375.359 484.068 0.010 61.585 20.000 200.000 82.916 
0.077 0.100 484.068 626.651 0.010 61.585 30.000 300.000 123.022 
0.077 0.100 626.651 828.227 0.010 100.000 40.000 500.000 145.782 
0.077 0.100 828.227 1182.547 0.010 100.000 40.000 700.000 212.111 
0.077 0.100 1182.547 1718.277 0.010 100.000 50.000 900.000 229.841 
0.077 0.100 1718.277 2653.311 0.010 100.000 70.000 1000.000 396.551 
0.077 0.100 2653.311 3731.174 0.010 100.000 70.000 1000.000 591.499 
0.077 0.100 3731.174 4999.871 0.010 61.585 200.000 1000.000 845.099 
0.100 0.127 1.472 13.527 0.010 37.927 1.000 7.000 2.177 
0.100 0.127 13.527 24.186 0.010 37.927 1.000 10.000 4.119 
0.100 0.127 24.186 35.606 0.010 61.585 2.000 20.000 7.364 
0.100 0.127 35.606 49.005 0.010 37.927 2.000 20.000 9.537 
0.100 0.127 49.005 62.876 0.010 100.000 2.000 30.000 12.230 
0.100 0.127 62.876 75.838 0.010 61.585 3.000 40.000 16.429 
0.100 0.127 75.838 90.133 0.010 61.585 4.000 40.000 19.305 
0.100 0.127 90.133 106.729 0.010 61.585 2.000 60.000 22.636 
0.100 0.127 106.729 127.039 0.010 37.927 5.000 70.000 24.091 
0.100 0.127 127.039 157.232 0.010 37.927 7.000 90.000 27.826 
0.100 0.127 157.232 242.633 0.010 37.927 8.000 100.000 44.718 
0.100 0.127 242.633 314.032 0.010 37.927 20.000 100.000 53.241 
0.100 0.127 314.032 407.121 0.010 37.927 20.000 200.000 84.132 
0.100 0.127 407.121 515.694 0.010 37.927 30.000 200.000 89.991 
0.100 0.127 515.694 700.781 0.010 37.927 30.000 300.000 138.407 
0.100 0.127 700.781 992.072 0.010 100.000 40.000 500.000 160.016 
0.100 0.127 992.072 1528.877 0.010 100.000 40.000 700.000 277.506 
0.100 0.127 1528.877 2473.250 0.010 61.585 60.000 1000.000 439.084 
0.100 0.127 2473.250 3604.534 0.010 61.585 90.000 1000.000 721.007 
0.100 0.127 3604.534 4999.957 0.010 100.000 100.000 1000.000 1013.995 
0.127 0.157 1.550 13.707 0.010 37.927 1.000 7.000 2.363 
0.127 0.157 13.707 24.907 0.010 37.927 1.000 10.000 4.589 
0.127 0.157 24.907 37.230 0.010 37.927 2.000 20.000 8.029 
0.127 0.157 37.230 50.752 0.010 37.927 2.000 20.000 11.142 
0.127 0.157 50.752 62.500 0.010 37.927 3.000 30.000 15.838 
0.127 0.157 62.500 73.135 0.010 100.000 2.000 40.000 17.723 
0.127 0.157 73.135 84.885 0.010 100.000 2.000 40.000 21.446 
0.127 0.157 84.885 98.536 0.016 100.000 3.000 50.000 24.132 
0.127 0.157 98.536 115.844 0.016 37.927 6.000 50.000 25.320 
0.127 0.157 115.844 144.450 0.016 37.927 6.000 80.000 29.009 
0.127 0.157 144.450 218.872 0.010 100.000 4.000 100.000 47.384 
0.127 0.157 218.872 289.107 0.010 37.927 20.000 100.000 59.040 
0.127 0.157 289.107 370.769 0.010 37.927 20.000 200.000 84.674 
0.127 0.157 370.769 472.067 0.010 37.927 20.000 200.000 109.969 
0.127 0.157 472.067 648.140 0.010 37.927 30.000 300.000 142.282 
0.127 0.157 648.140 911.240 0.010 100.000 40.000 500.000 165.278 
0.127 0.157 911.240 1427.774 0.010 61.585 50.000 700.000 233.449 
0.127 0.157 1427.774 2396.789 0.010 100.000 60.000 1000.000 492.752 
0.127 0.157 2396.789 3587.321 0.010 61.585 80.000 1000.000 799.823 
0.127 0.157 3587.321 4999.790 0.010 37.927 200.000 1000.000 1117.644 
0.157 0.193 1.636 13.698 0.016 23.357 1.000 6.000 2.392 
0.157 0.193 13.698 24.672 0.016 37.927 1.000 10.000 5.633 
0.157 0.193 24.672 36.820 0.010 37.927 2.000 20.000 7.419 
0.157 0.193 36.820 48.021 0.010 37.927 2.000 30.000 13.029 
0.157 0.193 48.021 58.070 0.016 37.927 3.000 30.000 16.851 
0.157 0.193 58.070 67.627 0.016 37.927 3.000 40.000 19.289 
0.157 0.193 67.627 77.956 0.010 37.927 4.000 30.000 22.140 
0.157 0.193 77.956 90.228 0.016 37.927 4.000 50.000 27.672 
0.157 0.193 90.228 107.594 0.016 23.357 5.000 60.000 29.762 
0.157 0.193 107.594 136.578 0.016 23.357 7.000 80.000 36.069 
0.157 0.193 136.578 202.737 0.016 100.000 4.000 100.000 53.010 
0.157 0.193 202.737 271.282 0.010 23.357 20.000 100.000 75.612 
0.157 0.193 271.282 350.691 0.016 37.927 20.000 200.000 98.591 
0.157 0.193 350.691 456.889 0.010 23.357 20.000 200.000 120.037 
0.157 0.193 456.889 626.799 0.010 37.927 30.000 300.000 134.743 
0.157 0.193 626.799 881.944 0.010 61.585 40.000 400.000 224.862 
0.157 0.193 881.944 1419.254 0.010 61.585 40.000 700.000 306.811 
0.157 0.193 1419.254 2410.981 0.010 61.585 70.000 1000.000 415.300 
0.157 0.193 2410.981 3580.875 0.010 100.000 80.000 1000.000 973.201 
0.157 0.193 3580.875 4999.942 0.016 23.357 200.000 1000.000 1369.845 
0.193 0.235 1.608 13.779 0.016 23.357 1.000 7.000 2.838 
0.193 0.235 13.779 24.971 0.016 23.357 1.000 10.000 6.945 
0.193 0.235 24.971 35.690 0.016 23.357 2.000 20.000 11.112 
0.193 0.235 35.690 45.330 0.016 37.927 2.000 20.000 15.884 
0.193 0.235 45.330 54.191 0.016 37.927 2.000 30.000 18.077 
0.193 0.235 54.191 62.771 0.016 23.357 3.000 30.000 18.098 
0.193 0.235 62.771 72.178 0.016 23.357 3.000 40.000 24.741 
0.193 0.235 72.178 84.255 0.016 23.357 4.000 40.000 26.699 
0.193 0.235 84.255 100.419 0.026 23.357 5.000 50.000 31.418 
0.193 0.235 100.419 127.835 0.026 23.357 7.000 70.000 39.418 
0.193 0.235 127.835 185.905 0.016 23.357 8.000 100.000 54.332 
0.193 0.235 185.905 254.682 0.016 14.384 20.000 100.000 85.190 
0.193 0.235 254.682 335.901 0.016 23.357 20.000 100.000 99.548 
0.193 0.235 335.901 444.412 0.016 23.357 20.000 200.000 129.634 
0.193 0.235 444.412 611.322 0.010 37.927 30.000 300.000 176.193 
0.193 0.235 611.322 860.143 0.010 23.357 40.000 400.000 240.377 
0.193 0.235 860.143 1390.128 0.016 100.000 40.000 700.000 359.544 
0.193 0.235 1390.128 2388.861 0.016 37.927 70.000 1000.000 694.561 
0.193 0.235 2388.861 3552.538 0.010 61.585 80.000 1000.000 1074.127 
0.193 0.235 3552.538 4999.933 0.010 23.357 200.000 1000.000 1540.626 
0.235 0.284 1.584 13.817 0.026 23.357 1.000 6.000 3.919 
0.235 0.284 13.817 24.504 0.016 23.357 1.000 10.000 6.866 
0.235 0.284 24.504 33.567 0.016 23.357 2.000 10.000 12.508 
0.235 0.284 33.567 41.863 0.016 23.357 2.000 20.000 16.242 
0.235 0.284 41.863 50.094 0.026 14.384 3.000 20.000 19.495 
0.235 0.284 50.094 58.660 0.026 23.357 3.000 20.000 22.658 
0.235 0.284 58.660 67.886 0.026 14.384 4.000 40.000 25.691 
0.235 0.284 67.886 79.469 0.026 37.927 4.000 40.000 29.053 
0.235 0.284 79.469 95.017 0.026 37.927 4.000 40.000 30.477 
0.235 0.284 95.017 120.764 0.026 23.357 4.000 70.000 45.360 
0.235 0.284 120.764 174.459 0.026 100.000 3.000 90.000 56.419 
0.235 0.284 174.459 240.497 0.026 100.000 4.000 100.000 81.401 
0.235 0.284 240.497 323.967 0.026 23.357 20.000 200.000 110.193 
0.235 0.284 323.967 431.398 0.016 23.357 20.000 200.000 157.964 
0.235 0.284 431.398 597.724 0.016 23.357 30.000 200.000 213.450 
0.235 0.284 597.724 843.095 0.016 37.927 40.000 500.000 286.552 
0.235 0.284 843.095 1396.535 0.016 37.927 40.000 700.000 398.278 
0.235 0.284 1396.535 2413.788 0.026 61.585 60.000 1000.000 765.326 
0.235 0.284 2413.788 3567.482 0.016 37.927 100.000 1000.000 1205.866 
0.235 0.284 3567.482 4999.758 0.016 61.585 90.000 1000.000 1740.253 
0.284 0.340 1.709 12.944 0.026 14.384 1.000 7.000 3.399 
0.284 0.340 12.944 22.779 0.026 14.384 1.000 10.000 8.683 
0.284 0.340 22.779 30.889 0.026 37.927 1.000 10.000 12.087 
0.284 0.340 30.889 38.678 0.026 14.384 2.000 20.000 17.272 
0.284 0.340 38.678 46.776 0.026 23.357 2.000 20.000 19.391 
0.284 0.340 46.776 55.211 0.026 37.927 2.000 20.000 23.841 
0.284 0.340 55.211 64.824 0.026 23.357 2.000 30.000 28.891 
0.284 0.340 64.824 76.362 0.026 61.585 2.000 40.000 31.560 
0.284 0.340 76.362 92.103 0.026 23.357 4.000 30.000 33.385 
0.284 0.340 92.103 117.298 0.026 23.357 6.000 70.000 40.783 
0.284 0.340 117.298 173.707 0.026 37.927 4.000 100.000 63.648 
0.284 0.340 173.707 240.314 0.026 14.384 20.000 100.000 100.695 
0.284 0.340 240.314 325.206 0.026 14.384 20.000 100.000 132.750 
0.284 0.340 325.206 438.062 0.016 14.384 20.000 200.000 185.729 
0.284 0.340 438.062 605.665 0.016 14.384 30.000 300.000 245.874 
0.284 0.340 605.665 846.637 0.026 23.357 40.000 400.000 346.884 
0.284 0.340 846.637 1428.879 0.016 23.357 50.000 800.000 456.316 
0.284 0.340 1428.879 2443.837 0.026 37.927 90.000 1000.000 941.116 
0.284 0.340 2443.837 3582.201 0.026 23.357 200.000 1000.000 1379.814 
0.284 0.340 3582.201 4999.755 0.026 61.585 100.000 1000.000 1929.660 
0.340 0.398 1.769 12.032 0.026 14.384 1.000 6.000 4.201 
0.340 0.398 12.032 20.846 0.026 23.357 1.000 10.000 8.795 
0.340 0.398 20.846 28.486 0.026 14.384 2.000 10.000 13.306 
0.340 0.398 28.486 36.401 0.026 14.384 2.000 10.000 17.401 
0.340 0.398 36.401 45.051 0.026 23.357 2.000 20.000 21.725 
0.340 0.398 45.051 54.494 0.026 14.384 3.000 20.000 26.230 
0.340 0.398 54.494 65.416 0.026 14.384 4.000 30.000 30.179 
0.340 0.398 65.416 78.862 0.026 14.384 4.000 30.000 36.073 
0.340 0.398 78.862 97.366 0.026 14.384 5.000 50.000 43.452 
0.340 0.398 97.366 137.088 0.026 37.927 4.000 70.000 54.633 
0.340 0.398 137.088 202.866 0.026 14.384 9.000 100.000 89.873 
0.340 0.398 202.866 272.937 0.026 14.384 20.000 100.000 116.872 
0.340 0.398 272.937 363.268 0.026 14.384 20.000 100.000 170.657 
0.340 0.398 363.268 489.253 0.026 23.357 30.000 200.000 220.314 
0.340 0.398 489.253 665.955 0.026 14.384 30.000 300.000 306.022 
0.340 0.398 665.955 960.511 0.026 23.357 40.000 500.000 341.040 
0.340 0.398 960.511 1685.904 0.026 37.927 50.000 800.000 601.550 
0.340 0.398 1685.904 2604.221 0.026 37.927 90.000 1000.000 1136.865 
0.340 0.398 2604.221 3658.911 0.026 100.000 40.000 1000.000 1620.847 
0.340 0.398 3658.911 4999.992 0.026 23.357 200.000 1000.000 2262.355 
0.398 0.450 1.635 10.392 0.043 8.859 1.000 5.000 4.052 
0.398 0.450 10.392 18.025 0.043 23.357 1.000 10.000 8.403 
0.398 0.450 18.025 25.846 0.026 23.357 1.000 10.000 12.905 
0.398 0.450 25.846 34.307 0.043 23.357 2.000 10.000 17.660 
0.398 0.450 34.307 44.925 0.026 23.357 2.000 10.000 22.859 
0.398 0.450 44.925 56.779 0.026 37.927 3.000 30.000 28.721 
0.398 0.450 56.779 70.211 0.026 14.384 3.000 30.000 32.145 
0.398 0.450 70.211 89.265 0.043 100.000 2.000 40.000 43.733 
0.398 0.450 89.265 129.486 0.043 37.927 4.000 60.000 56.650 
0.398 0.450 129.486 201.124 0.026 14.384 9.000 90.000 95.989 
0.398 0.450 201.124 270.725 0.043 14.384 20.000 100.000 130.108 
0.398 0.450 270.725 351.950 0.026 14.384 20.000 100.000 180.712 
0.398 0.450 351.950 459.210 0.016 14.384 30.000 200.000 235.596 
0.398 0.450 459.210 603.224 0.026 14.384 40.000 300.000 300.827 
0.398 0.450 603.224 824.024 0.043 23.357 40.000 400.000 416.970 
0.398 0.450 824.024 1314.345 0.026 37.927 40.000 600.000 532.288 
0.398 0.450 1314.345 2062.497 0.043 23.357 70.000 1000.000 980.414 
0.398 0.450 2062.497 2868.833 0.026 100.000 40.000 1000.000 1434.969 
0.398 0.450 2868.833 3810.562 0.043 100.000 90.000 1000.000 2070.156 
0.398 0.450 3810.562 4999.599 0.026 37.927 200.000 1000.000 2705.392 
0.450 0.495 1.667 9.437 0.043 8.859 1.000 4.000 4.854 
0.450 0.495 9.437 16.637 0.070 14.384 1.000 7.000 8.947 
0.450 0.495 16.637 24.116 0.026 8.859 2.000 10.000 12.570 
0.450 0.495 24.116 33.274 0.043 8.859 2.000 10.000 17.648 
0.450 0.495 33.274 45.756 0.043 100.000 1.000 20.000 24.064 
0.450 0.495 45.756 60.522 0.026 14.384 4.000 30.000 32.624 
0.450 0.495 60.522 80.956 0.043 100.000 2.000 30.000 42.388 
0.450 0.495 80.956 122.822 0.043 23.357 4.000 60.000 55.313 
0.450 0.495 122.822 201.053 0.026 14.384 9.000 100.000 102.940 
0.450 0.495 201.053 272.774 0.043 100.000 4.000 100.000 142.454 
0.450 0.495 272.774 350.804 0.043 8.859 30.000 200.000 197.337 
0.450 0.495 350.804 447.456 0.043 14.384 30.000 200.000 255.387 
0.450 0.495 447.456 561.647 0.026 14.384 40.000 200.000 315.731 
0.450 0.495 561.647 719.444 0.043 23.357 40.000 400.000 410.660 
0.450 0.495 719.444 1005.749 0.043 37.927 50.000 500.000 488.363 
0.450 0.495 1005.749 1648.888 0.043 23.357 70.000 900.000 737.723 
0.450 0.495 1648.888 2326.778 0.043 37.927 70.000 1000.000 1273.059 
0.450 0.495 2326.778 3054.588 0.026 14.384 200.000 1000.000 1685.690 
0.450 0.495 3054.588 3947.057 0.043 14.384 200.000 1000.000 2199.397 
0.450 0.495 3947.057 4999.954 0.026 37.927 200.000 1000.000 2805.555 
0.495 0.535 1.719 9.184 0.043 8.859 1.000 4.000 4.543 
0.495 0.535 9.184 16.080 0.043 14.384 1.000 9.000 8.480 
0.495 0.535 16.080 23.207 0.070 8.859 2.000 10.000 12.844 
0.495 0.535 23.207 32.608 0.043 14.384 2.000 10.000 17.953 
0.495 0.535 32.608 46.562 0.043 14.384 2.000 20.000 25.646 
0.495 0.535 46.562 66.215 0.043 14.384 4.000 30.000 35.612 
0.495 0.535 66.215 98.245 0.043 14.384 6.000 50.000 47.832 
0.495 0.535 98.245 183.224 0.043 8.859 8.000 90.000 79.283 
0.495 0.535 183.224 259.907 0.043 14.384 20.000 100.000 147.418 
0.495 0.535 259.907 337.727 0.043 14.384 20.000 100.000 200.566 
0.495 0.535 337.727 423.290 0.043 8.859 30.000 200.000 260.316 
0.495 0.535 423.290 522.235 0.043 8.859 30.000 200.000 322.000 
0.495 0.535 522.235 643.035 0.043 23.357 40.000 300.000 386.600 
0.495 0.535 643.035 808.512 0.043 23.357 40.000 400.000 465.892 
0.495 0.535 808.512 1199.351 0.043 23.357 50.000 600.000 590.559 
0.495 0.535 1199.351 1830.973 0.043 23.357 60.000 900.000 1065.481 
0.495 0.535 1830.973 2488.161 0.043 8.859 200.000 1000.000 1401.291 
0.495 0.535 2488.161 3193.542 0.043 37.927 100.000 1000.000 1846.070 
0.495 0.535 3193.542 4028.770 0.070 8.859 300.000 1000.000 2390.260 
0.495 0.535 4028.770 4999.882 0.043 14.384 300.000 1000.000 2951.551 
0.535 0.572 1.749 9.180 0.043 5.456 1.000 4.000 4.771 
0.535 0.572 9.180 15.997 0.070 14.384 1.000 8.000 8.875 
0.535 0.572 15.997 22.843 0.043 14.384 1.000 10.000 12.301 
0.535 0.572 22.843 32.493 0.070 14.384 2.000 10.000 19.082 
0.535 0.572 32.493 48.002 0.043 23.357 2.000 20.000 27.646 
0.535 0.572 48.002 71.296 0.043 14.384 3.000 30.000 39.494 
0.535 0.572 71.296 133.024 0.043 37.927 4.000 70.000 59.112 
0.535 0.572 133.024 228.428 0.043 100.000 4.000 100.000 137.411 
0.535 0.572 228.428 310.373 0.043 8.859 20.000 100.000 187.577 
0.535 0.572 310.373 386.934 0.070 14.384 30.000 200.000 239.425 
0.535 0.572 386.934 471.430 0.043 8.859 30.000 200.000 297.536 
0.535 0.572 471.430 568.039 0.043 14.384 40.000 200.000 360.234 
0.535 0.572 568.039 687.001 0.026 14.384 40.000 300.000 372.366 
0.535 0.572 687.001 857.702 0.043 14.384 50.000 400.000 530.491 
0.535 0.572 857.702 1336.082 0.043 37.927 50.000 600.000 655.478 
0.535 0.572 1336.082 1951.718 0.070 23.357 90.000 1000.000 1113.077 
0.535 0.572 1951.718 2606.033 0.070 8.859 200.000 1000.000 1586.078 
0.535 0.572 2606.033 3325.925 0.043 14.384 200.000 1000.000 2031.738 
0.535 0.572 3325.925 4109.893 0.043 100.000 60.000 1000.000 2495.942 
0.535 0.572 4109.893 4999.966 0.043 23.357 300.000 1000.000 3135.623 
0.572 0.610 1.779 9.135 0.043 8.859 1.000 4.000 4.863 
0.572 0.610 9.135 16.106 0.043 8.859 1.000 8.000 8.359 
0.572 0.610 16.106 22.943 0.070 14.384 1.000 10.000 13.476 
0.572 0.610 22.943 32.084 0.043 14.384 2.000 10.000 19.386 
0.572 0.610 32.084 48.795 0.043 14.384 3.000 20.000 26.568 
0.572 0.610 48.795 78.233 0.043 14.384 4.000 30.000 41.836 
0.572 0.610 78.233 176.596 0.043 8.859 7.000 90.000 67.355 
0.572 0.610 176.596 273.796 0.043 8.859 20.000 100.000 165.572 
0.572 0.610 273.796 350.429 0.043 8.859 30.000 100.000 232.507 
0.572 0.610 350.429 426.479 0.043 8.859 30.000 200.000 276.732 
0.572 0.610 426.479 508.629 0.043 8.859 40.000 200.000 329.978 
0.572 0.610 508.629 605.859 0.070 8.859 40.000 300.000 394.406 
0.572 0.610 605.859 720.120 0.070 14.384 40.000 300.000 410.405 
0.572 0.610 720.120 904.277 0.070 14.384 50.000 400.000 566.873 
0.572 0.610 904.277 1482.910 0.070 23.357 80.000 700.000 729.196 
0.572 0.610 1482.910 2066.077 0.070 23.357 70.000 900.000 1270.651 
0.572 0.610 2066.077 2726.587 0.070 8.859 200.000 1000.000 1781.579 
0.572 0.610 2726.587 3437.421 0.043 61.585 70.000 1000.000 2292.722 
0.572 0.610 3437.421 4188.157 0.070 14.384 300.000 1000.000 2749.714 
0.572 0.610 4188.157 4999.755 0.070 14.384 300.000 1000.000 3233.273 
0.610 0.652 1.753 9.151 0.070 5.456 1.000 4.000 5.265 
0.610 0.652 9.151 16.192 0.070 8.859 1.000 7.000 9.108 
0.610 0.652 16.192 23.109 0.070 14.384 1.000 10.000 13.630 
0.610 0.652 23.109 32.062 0.070 8.859 2.000 10.000 20.140 
0.610 0.652 32.062 48.706 0.043 8.859 3.000 20.000 27.338 
0.610 0.652 48.706 85.752 0.043 37.927 3.000 40.000 46.590 
0.610 0.652 85.752 213.665 0.043 8.859 6.000 100.000 121.938 
0.610 0.652 213.665 305.003 0.070 8.859 20.000 100.000 205.582 
0.610 0.652 305.003 376.364 0.070 8.859 30.000 200.000 254.920 
0.610 0.652 376.364 449.166 0.070 8.859 30.000 200.000 317.543 
0.610 0.652 449.166 531.271 0.043 8.859 40.000 200.000 371.814 
0.610 0.652 531.271 624.040 0.070 14.384 40.000 300.000 426.906 
0.610 0.652 624.040 738.228 0.070 8.859 50.000 300.000 501.672 
0.610 0.652 738.228 922.519 0.043 14.384 60.000 400.000 613.603 
0.610 0.652 922.519 1549.727 0.043 23.357 50.000 700.000 832.768 
0.610 0.652 1549.727 2144.778 0.043 14.384 100.000 900.000 1358.846 
0.610 0.652 2144.778 2800.340 0.070 14.384 200.000 1000.000 1858.673 
0.610 0.652 2800.340 3472.696 0.043 14.384 200.000 1000.000 2397.926 
0.610 0.652 3472.696 4198.866 0.070 8.859 300.000 1000.000 2789.339 
0.610 0.652 4198.866 4999.985 0.043 14.384 300.000 1000.000 3330.578 
0.652 0.707 1.792 9.156 0.043 8.859 1.000 4.000 5.492 
0.652 0.707 9.156 16.218 0.070 8.859 1.000 7.000 10.315 
0.652 0.707 16.218 23.027 0.070 8.859 2.000 10.000 14.237 
0.652 0.707 23.027 31.364 0.070 8.859 2.000 9.000 20.905 
0.652 0.707 31.364 48.321 0.043 37.927 2.000 20.000 27.795 
0.652 0.707 48.321 98.495 0.043 14.384 4.000 40.000 47.871 
0.652 0.707 98.495 248.480 0.043 37.927 3.000 100.000 153.923 
0.652 0.707 248.480 331.097 0.070 8.859 20.000 100.000 233.679 
0.652 0.707 331.097 398.920 0.070 8.859 30.000 100.000 284.020 
0.652 0.707 398.920 471.442 0.070 14.384 40.000 200.000 336.945 
0.652 0.707 471.442 552.188 0.070 8.859 40.000 200.000 403.125 
0.652 0.707 552.188 643.165 0.070 14.384 50.000 200.000 466.525 
0.652 0.707 643.165 756.003 0.043 8.859 60.000 300.000 547.818 
0.652 0.707 756.003 949.802 0.043 8.859 60.000 400.000 628.670 
0.652 0.707 949.802 1603.359 0.070 8.859 70.000 800.000 906.843 
0.652 0.707 1603.359 2220.500 0.070 14.384 90.000 1000.000 1400.538 
0.652 0.707 2220.500 2856.873 0.070 61.585 70.000 1000.000 1962.790 
0.652 0.707 2856.873 3543.600 0.070 8.859 300.000 1000.000 2490.255 
0.652 0.707 3543.600 4259.175 0.070 8.859 300.000 1000.000 3013.640 
0.652 0.707 4259.175 4999.898 0.043 8.859 300.000 1000.000 3582.913 
0.707 0.965 1.710 9.069 0.070 8.859 1.000 4.000 6.031 
0.707 0.965 9.069 16.011 0.043 8.859 1.000 8.000 10.525 
0.707 0.965 16.011 22.534 0.070 5.456 2.000 10.000 15.250 
0.707 0.965 22.534 30.083 0.070 8.859 2.000 10.000 21.742 
0.707 0.965 30.083 46.160 0.070 8.859 3.000 20.000 27.960 
0.707 0.965 46.160 119.312 0.043 14.384 3.000 60.000 46.569 
0.707 0.965 119.312 273.554 0.070 8.859 10.000 100.000 185.120 
0.707 0.965 273.554 347.769 0.070 8.859 30.000 100.000 269.720 
0.707 0.965 347.769 418.028 0.070 8.859 30.000 100.000 323.498 
0.707 0.965 418.028 489.677 0.070 5.456 40.000 100.000 372.759 
0.707 0.965 489.677 567.773 0.070 8.859 40.000 200.000 437.560 
0.707 0.965 567.773 657.198 0.043 8.859 50.000 300.000 500.791 
0.707 0.965 657.198 764.855 0.026 8.859 60.000 300.000 595.303 
0.707 0.965 764.855 953.648 0.070 8.859 60.000 500.000 709.400 
0.707 0.965 953.648 1631.679 0.070 14.384 70.000 600.000 1064.882 
0.707 0.965 1631.679 2279.315 0.070 8.859 200.000 800.000 1628.446 
0.707 0.965 2279.315 2918.405 0.070 8.859 200.000 1000.000 2158.504 
0.707 0.965 2918.405 3591.220 0.113 5.456 300.000 1000.000 2778.675 
0.707 0.965 3591.220 4268.814 0.070 8.859 300.000 1000.000 3282.885 
0.707 0.965 4268.814 4999.994 0.070 8.859 400.000 1000.000 3906.270 
