Ice-Agg collection for the flat orientation. 
Characteristic values taken from the peak of a fit 
gamma distribution from 300 aggregates. 
Ranges are taken from the aggregates being pulled from the db, 
not the bin edges (maximum range) 
Order: agg phi min, agg phi max, agg r min, agg r max, 
 monomer phi min, monomer phi max, monomer r min, monomer r max, value 
0.005 0.273 2.032 13.848 0.010 100.000 1.000 5.000 17.033 
0.005 0.273 13.848 23.547 0.010 100.000 1.000 10.000 32.215 
0.005 0.273 23.547 33.680 0.010 100.000 1.000 10.000 54.307 
0.005 0.273 33.680 46.037 0.010 100.000 1.000 10.000 72.969 
0.005 0.273 46.037 62.917 0.010 100.000 1.000 20.000 98.547 
0.005 0.273 62.917 85.527 0.010 100.000 1.000 30.000 127.612 
0.005 0.273 85.527 117.637 0.010 100.000 1.000 50.000 173.477 
0.005 0.273 117.637 160.303 0.010 100.000 2.000 60.000 232.799 
0.005 0.273 160.303 215.184 0.010 100.000 2.000 90.000 319.336 
0.005 0.273 215.184 283.210 0.010 100.000 3.000 100.000 434.421 
0.005 0.273 283.210 370.632 0.010 100.000 3.000 100.000 632.439 
0.005 0.273 370.632 485.754 0.010 100.000 4.000 200.000 570.070 
0.005 0.273 485.754 647.997 0.010 100.000 6.000 200.000 787.517 
0.005 0.273 647.997 874.237 0.010 100.000 5.000 300.000 1237.498 
0.005 0.273 874.237 1192.512 0.010 100.000 8.000 500.000 1690.459 
0.005 0.273 1192.512 1635.899 0.010 100.000 20.000 600.000 2194.121 
0.005 0.273 1635.899 2209.750 0.010 100.000 30.000 900.000 3524.654 
0.005 0.273 2209.750 2914.894 0.010 100.000 30.000 1000.000 4439.650 
0.005 0.273 2914.894 3819.789 0.010 100.000 40.000 1000.000 5979.931 
0.005 0.273 3819.789 4999.616 0.010 100.000 40.000 1000.000 7377.850 
0.273 0.327 2.317 16.449 0.010 37.927 1.000 5.000 14.374 
0.273 0.327 16.449 28.014 0.010 61.585 1.000 10.000 33.603 
0.273 0.327 28.014 40.364 0.010 100.000 1.000 10.000 50.232 
0.273 0.327 40.364 55.830 0.010 100.000 1.000 20.000 69.230 
0.273 0.327 55.830 75.513 0.010 100.000 1.000 30.000 95.450 
0.273 0.327 75.513 101.046 0.010 100.000 1.000 40.000 122.751 
0.273 0.327 101.046 136.422 0.010 100.000 2.000 50.000 142.397 
0.273 0.327 136.422 184.228 0.010 100.000 2.000 60.000 219.440 
0.273 0.327 184.228 243.514 0.010 100.000 2.000 90.000 321.594 
0.273 0.327 243.514 318.852 0.010 100.000 3.000 100.000 393.656 
0.273 0.327 318.852 411.029 0.010 100.000 4.000 100.000 512.430 
0.273 0.327 411.029 529.999 0.010 100.000 4.000 200.000 585.443 
0.273 0.327 529.999 690.419 0.010 100.000 6.000 200.000 763.105 
0.273 0.327 690.419 912.722 0.010 100.000 8.000 300.000 1235.590 
0.273 0.327 912.722 1234.540 0.010 100.000 8.000 500.000 1479.633 
0.273 0.327 1234.540 1672.826 0.010 100.000 20.000 600.000 1999.204 
0.273 0.327 1672.826 2234.324 0.010 100.000 20.000 900.000 2904.864 
0.273 0.327 2234.324 2940.909 0.010 100.000 30.000 1000.000 3645.287 
0.273 0.327 2940.909 3866.037 0.010 100.000 30.000 1000.000 4767.519 
0.273 0.327 3866.037 4999.992 0.010 100.000 40.000 1000.000 5574.989 
0.327 0.359 2.245 16.439 0.010 37.927 1.000 6.000 15.125 
0.327 0.359 16.439 28.135 0.010 61.585 1.000 10.000 32.415 
0.327 0.359 28.135 40.455 0.010 100.000 1.000 10.000 46.729 
0.327 0.359 40.455 54.683 0.010 100.000 1.000 20.000 63.282 
0.327 0.359 54.683 72.535 0.010 100.000 1.000 20.000 86.889 
0.327 0.359 72.535 96.311 0.010 100.000 1.000 30.000 112.786 
0.327 0.359 96.311 130.900 0.010 100.000 1.000 50.000 133.766 
0.327 0.359 130.900 178.517 0.010 100.000 2.000 60.000 213.242 
0.327 0.359 178.517 241.948 0.010 100.000 2.000 90.000 288.151 
0.327 0.359 241.948 318.552 0.010 100.000 2.000 100.000 400.796 
0.327 0.359 318.552 413.040 0.010 100.000 3.000 100.000 554.936 
0.327 0.359 413.040 529.438 0.010 100.000 4.000 100.000 555.400 
0.327 0.359 529.438 683.702 0.010 100.000 5.000 200.000 894.716 
0.327 0.359 683.702 891.891 0.010 100.000 7.000 300.000 1114.241 
0.327 0.359 891.891 1192.181 0.010 100.000 9.000 400.000 1238.352 
0.327 0.359 1192.181 1614.767 0.010 100.000 20.000 600.000 1983.729 
0.327 0.359 1614.767 2190.391 0.010 100.000 20.000 800.000 2730.654 
0.327 0.359 2190.391 2931.292 0.010 100.000 20.000 1000.000 3011.515 
0.327 0.359 2931.292 3853.969 0.010 100.000 40.000 1000.000 4863.309 
0.327 0.359 3853.969 4999.905 0.010 100.000 40.000 1000.000 5220.767 
0.359 0.384 2.107 16.131 0.010 14.384 1.000 6.000 15.043 
0.359 0.384 16.131 27.712 0.010 61.585 1.000 10.000 31.300 
0.359 0.384 27.712 39.985 0.010 61.585 1.000 10.000 43.400 
0.359 0.384 39.985 54.297 0.010 100.000 1.000 20.000 66.840 
0.359 0.384 54.297 71.610 0.010 100.000 1.000 20.000 72.863 
0.359 0.384 71.610 94.928 0.010 100.000 1.000 30.000 119.527 
0.359 0.384 94.928 128.038 0.010 100.000 1.000 40.000 145.318 
0.359 0.384 128.038 174.169 0.010 100.000 2.000 70.000 194.035 
0.359 0.384 174.169 235.493 0.010 100.000 2.000 100.000 240.630 
0.359 0.384 235.493 314.256 0.010 100.000 2.000 100.000 315.839 
0.359 0.384 314.256 410.336 0.010 100.000 3.000 100.000 507.278 
0.359 0.384 410.336 528.783 0.010 100.000 4.000 200.000 612.374 
0.359 0.384 528.783 683.371 0.010 100.000 6.000 200.000 845.966 
0.359 0.384 683.371 894.571 0.010 100.000 7.000 300.000 1031.325 
0.359 0.384 894.571 1192.865 0.010 100.000 8.000 400.000 1191.404 
0.359 0.384 1192.865 1623.361 0.010 100.000 20.000 500.000 2021.105 
0.359 0.384 1623.361 2208.123 0.010 100.000 20.000 800.000 2464.909 
0.359 0.384 2208.123 2957.549 0.010 100.000 20.000 1000.000 2952.821 
0.359 0.384 2957.549 3871.942 0.010 100.000 40.000 1000.000 4467.514 
0.359 0.384 3871.942 4999.849 0.010 100.000 40.000 1000.000 5909.187 
0.384 0.405 2.095 15.942 0.010 23.357 1.000 6.000 14.275 
0.384 0.405 15.942 27.139 0.010 100.000 1.000 10.000 26.178 
0.384 0.405 27.139 39.331 0.010 100.000 1.000 10.000 48.074 
0.384 0.405 39.331 53.263 0.010 100.000 1.000 20.000 58.218 
0.384 0.405 53.263 70.509 0.010 100.000 1.000 20.000 81.368 
0.384 0.405 70.509 93.368 0.010 100.000 1.000 30.000 104.491 
0.384 0.405 93.368 125.305 0.010 100.000 1.000 50.000 140.839 
0.384 0.405 125.305 171.622 0.010 100.000 1.000 80.000 193.356 
0.384 0.405 171.622 232.549 0.010 100.000 2.000 80.000 271.246 
0.384 0.405 232.549 310.746 0.010 100.000 2.000 100.000 342.712 
0.384 0.405 310.746 408.494 0.010 100.000 3.000 100.000 417.303 
0.384 0.405 408.494 528.297 0.010 100.000 4.000 200.000 645.173 
0.384 0.405 528.297 682.485 0.010 100.000 5.000 200.000 701.886 
0.384 0.405 682.485 885.199 0.010 100.000 6.000 300.000 1112.092 
0.384 0.405 885.199 1173.790 0.010 100.000 7.000 400.000 1132.612 
0.384 0.405 1173.790 1602.361 0.010 100.000 20.000 600.000 1765.233 
0.384 0.405 1602.361 2175.161 0.010 100.000 20.000 900.000 2141.126 
0.384 0.405 2175.161 2927.756 0.010 100.000 20.000 1000.000 3420.257 
0.384 0.405 2927.756 3844.753 0.010 100.000 30.000 1000.000 4995.604 
0.384 0.405 3844.753 4999.840 0.010 100.000 40.000 1000.000 5960.035 
0.405 0.424 2.121 16.044 0.010 23.357 1.000 7.000 14.346 
0.405 0.424 16.044 27.042 0.010 23.357 1.000 10.000 26.424 
0.405 0.424 27.042 39.104 0.010 37.927 1.000 10.000 41.552 
0.405 0.424 39.104 53.181 0.010 100.000 1.000 20.000 57.001 
0.405 0.424 53.181 70.026 0.010 100.000 1.000 20.000 79.405 
0.405 0.424 70.026 91.833 0.010 100.000 1.000 40.000 90.695 
0.405 0.424 91.833 124.442 0.010 100.000 1.000 50.000 144.463 
0.405 0.424 124.442 170.696 0.010 100.000 2.000 60.000 183.786 
0.405 0.424 170.696 233.380 0.010 100.000 2.000 90.000 255.702 
0.405 0.424 233.380 312.896 0.010 100.000 2.000 100.000 344.262 
0.405 0.424 312.896 410.762 0.010 100.000 3.000 100.000 458.609 
0.405 0.424 410.762 531.906 0.010 100.000 4.000 200.000 635.682 
0.405 0.424 531.906 681.625 0.010 100.000 5.000 200.000 702.045 
0.405 0.424 681.625 876.926 0.010 100.000 6.000 300.000 982.985 
0.405 0.424 876.926 1154.657 0.010 100.000 7.000 400.000 1131.935 
0.405 0.424 1154.657 1570.490 0.010 100.000 20.000 600.000 1700.127 
0.405 0.424 1570.490 2139.713 0.010 100.000 20.000 700.000 2323.013 
0.405 0.424 2139.713 2866.855 0.010 100.000 20.000 1000.000 3391.685 
0.405 0.424 2866.855 3820.840 0.010 100.000 30.000 1000.000 4554.983 
0.405 0.424 3820.840 4999.925 0.010 100.000 40.000 1000.000 5744.523 
0.424 0.441 2.089 15.794 0.010 37.927 1.000 6.000 11.076 
0.424 0.441 15.794 26.683 0.010 37.927 1.000 10.000 25.446 
0.424 0.441 26.683 38.693 0.010 61.585 1.000 10.000 44.831 
0.424 0.441 38.693 52.369 0.010 61.585 1.000 20.000 57.376 
0.424 0.441 52.369 68.832 0.010 100.000 1.000 20.000 67.797 
0.424 0.441 68.832 89.605 0.010 100.000 1.000 30.000 85.922 
0.424 0.441 89.605 119.660 0.010 100.000 1.000 50.000 130.738 
0.424 0.441 119.660 164.357 0.010 100.000 2.000 60.000 187.804 
0.424 0.441 164.357 224.512 0.010 100.000 2.000 80.000 239.925 
0.424 0.441 224.512 303.504 0.010 100.000 3.000 100.000 330.192 
0.424 0.441 303.504 402.589 0.010 100.000 3.000 100.000 510.829 
0.424 0.441 402.589 520.271 0.010 100.000 4.000 100.000 519.269 
0.424 0.441 520.271 666.840 0.010 100.000 5.000 200.000 737.990 
0.424 0.441 666.840 857.833 0.010 100.000 6.000 300.000 984.364 
0.424 0.441 857.833 1137.124 0.010 100.000 7.000 400.000 1111.166 
0.424 0.441 1137.124 1538.563 0.010 100.000 20.000 500.000 1766.932 
0.424 0.441 1538.563 2107.727 0.010 100.000 20.000 900.000 2046.411 
0.424 0.441 2107.727 2876.392 0.010 100.000 20.000 1000.000 2771.484 
0.424 0.441 2876.392 3844.031 0.010 100.000 30.000 1000.000 3698.682 
0.424 0.441 3844.031 4999.556 0.010 100.000 40.000 1000.000 5779.590 
0.441 0.458 2.073 15.599 0.010 23.357 1.000 6.000 14.006 
0.441 0.458 15.599 26.599 0.010 61.585 1.000 10.000 27.419 
0.441 0.458 26.599 38.628 0.010 61.585 1.000 10.000 40.816 
0.441 0.458 38.628 52.408 0.010 100.000 1.000 20.000 56.903 
0.441 0.458 52.408 68.646 0.010 100.000 1.000 20.000 73.896 
0.441 0.458 68.646 89.015 0.010 100.000 1.000 30.000 101.734 
0.441 0.458 89.015 118.670 0.010 100.000 1.000 50.000 130.235 
0.441 0.458 118.670 162.293 0.010 100.000 2.000 70.000 184.974 
0.441 0.458 162.293 223.568 0.010 100.000 2.000 100.000 234.987 
0.441 0.458 223.568 304.308 0.010 100.000 3.000 100.000 329.771 
0.441 0.458 304.308 405.203 0.010 100.000 3.000 100.000 482.142 
0.441 0.458 405.203 524.061 0.010 100.000 4.000 100.000 655.584 
0.441 0.458 524.061 669.908 0.010 100.000 5.000 200.000 651.816 
0.441 0.458 669.908 857.560 0.010 100.000 7.000 300.000 844.905 
0.441 0.458 857.560 1128.734 0.010 100.000 7.000 400.000 1314.399 
0.441 0.458 1128.734 1540.761 0.010 100.000 10.000 600.000 1455.432 
0.441 0.458 1540.761 2114.377 0.010 100.000 20.000 800.000 2040.043 
0.441 0.458 2114.377 2870.332 0.010 100.000 20.000 1000.000 3073.341 
0.441 0.458 2870.332 3834.171 0.010 100.000 30.000 1000.000 4083.772 
0.441 0.458 3834.171 4999.915 0.010 100.000 40.000 1000.000 5693.017 
0.458 0.474 2.065 15.842 0.010 23.357 1.000 6.000 14.333 
0.458 0.474 15.842 26.673 0.010 37.927 1.000 10.000 28.565 
0.458 0.474 26.673 38.919 0.010 61.585 1.000 10.000 42.751 
0.458 0.474 38.919 52.528 0.010 100.000 1.000 20.000 58.986 
0.458 0.474 52.528 68.346 0.010 61.585 1.000 30.000 80.673 
0.458 0.474 68.346 88.637 0.010 100.000 1.000 30.000 101.861 
0.458 0.474 88.637 117.278 0.010 100.000 1.000 40.000 134.334 
0.458 0.474 117.278 160.037 0.010 100.000 1.000 60.000 166.385 
0.458 0.474 160.037 220.936 0.010 100.000 2.000 80.000 232.211 
0.458 0.474 220.936 299.432 0.010 100.000 3.000 100.000 344.159 
0.458 0.474 299.432 402.516 0.010 100.000 3.000 100.000 376.581 
0.458 0.474 402.516 520.997 0.010 100.000 4.000 200.000 608.275 
0.458 0.474 520.997 666.129 0.010 100.000 5.000 200.000 722.704 
0.458 0.474 666.129 850.665 0.010 100.000 7.000 300.000 969.998 
0.458 0.474 850.665 1110.892 0.010 100.000 9.000 400.000 1199.247 
0.458 0.474 1110.892 1519.455 0.010 100.000 10.000 600.000 1574.393 
0.458 0.474 1519.455 2080.019 0.010 100.000 20.000 800.000 2178.114 
0.458 0.474 2080.019 2862.234 0.010 100.000 20.000 1000.000 2991.969 
0.458 0.474 2862.234 3821.696 0.010 100.000 30.000 1000.000 4060.947 
0.458 0.474 3821.696 4999.951 0.010 100.000 40.000 1000.000 5607.881 
0.474 0.490 2.128 15.709 0.010 14.384 1.000 7.000 10.547 
0.474 0.490 15.709 26.492 0.010 61.585 1.000 10.000 24.761 
0.474 0.490 26.492 38.965 0.010 61.585 1.000 10.000 43.481 
0.474 0.490 38.965 52.738 0.010 61.585 1.000 20.000 55.163 
0.474 0.490 52.738 68.870 0.010 100.000 1.000 20.000 65.616 
0.474 0.490 68.870 88.271 0.010 100.000 1.000 30.000 85.386 
0.474 0.490 88.271 115.897 0.010 100.000 1.000 50.000 130.236 
0.474 0.490 115.897 158.785 0.010 100.000 1.000 60.000 146.460 
0.474 0.490 158.785 217.676 0.010 100.000 2.000 80.000 199.842 
0.474 0.490 217.676 298.121 0.010 100.000 3.000 100.000 329.576 
0.474 0.490 298.121 399.432 0.010 100.000 4.000 100.000 413.672 
0.474 0.490 399.432 518.090 0.010 100.000 4.000 200.000 505.221 
0.474 0.490 518.090 661.919 0.010 100.000 6.000 200.000 717.013 
0.474 0.490 661.919 840.030 0.010 100.000 6.000 300.000 820.858 
0.474 0.490 840.030 1097.017 0.010 100.000 7.000 400.000 1182.957 
0.474 0.490 1097.017 1494.097 0.010 100.000 10.000 600.000 1735.871 
0.474 0.490 1494.097 2050.378 0.010 100.000 20.000 800.000 2059.350 
0.474 0.490 2050.378 2814.122 0.010 100.000 30.000 1000.000 3137.462 
0.474 0.490 2814.122 3806.081 0.010 100.000 30.000 1000.000 4248.801 
0.474 0.490 3806.081 4999.515 0.010 100.000 40.000 1000.000 5305.056 
0.490 0.506 2.133 15.630 0.010 37.927 1.000 6.000 11.987 
0.490 0.506 15.630 26.636 0.010 37.927 1.000 10.000 27.587 
0.490 0.506 26.636 39.046 0.010 100.000 1.000 10.000 39.097 
0.490 0.506 39.046 52.692 0.010 100.000 1.000 20.000 49.236 
0.490 0.506 52.692 68.547 0.010 100.000 1.000 30.000 73.027 
0.490 0.506 68.547 88.060 0.010 100.000 1.000 30.000 95.920 
0.490 0.506 88.060 115.650 0.010 100.000 1.000 50.000 123.781 
0.490 0.506 115.650 158.111 0.010 100.000 2.000 60.000 165.205 
0.490 0.506 158.111 216.720 0.010 100.000 2.000 90.000 216.522 
0.490 0.506 216.720 298.157 0.010 100.000 2.000 100.000 261.419 
0.490 0.506 298.157 401.089 0.010 100.000 3.000 100.000 415.727 
0.490 0.506 401.089 520.806 0.010 100.000 4.000 200.000 559.124 
0.490 0.506 520.806 665.741 0.010 100.000 5.000 200.000 635.752 
0.490 0.506 665.741 846.497 0.010 100.000 7.000 300.000 848.059 
0.490 0.506 846.497 1111.342 0.010 100.000 8.000 400.000 1176.307 
0.490 0.506 1111.342 1511.254 0.010 100.000 20.000 600.000 1552.617 
0.490 0.506 1511.254 2067.967 0.010 100.000 20.000 900.000 2075.237 
0.490 0.506 2067.967 2816.271 0.010 100.000 20.000 1000.000 2945.112 
0.490 0.506 2816.271 3795.551 0.010 100.000 30.000 1000.000 4245.952 
0.490 0.506 3795.551 4999.953 0.010 100.000 40.000 1000.000 5209.338 
0.506 0.522 2.068 15.808 0.010 14.384 1.000 6.000 12.910 
0.506 0.522 15.808 26.595 0.010 23.357 1.000 10.000 26.482 
0.506 0.522 26.595 39.053 0.010 100.000 1.000 10.000 40.710 
0.506 0.522 39.053 52.695 0.010 100.000 1.000 20.000 59.337 
0.506 0.522 52.695 68.487 0.010 100.000 1.000 20.000 75.127 
0.506 0.522 68.487 87.552 0.010 100.000 1.000 40.000 84.111 
0.506 0.522 87.552 113.538 0.010 100.000 1.000 50.000 120.170 
0.506 0.522 113.538 155.073 0.010 100.000 2.000 60.000 165.817 
0.506 0.522 155.073 214.946 0.010 100.000 2.000 90.000 224.109 
0.506 0.522 214.946 296.879 0.010 100.000 3.000 100.000 323.957 
0.506 0.522 296.879 403.990 0.010 100.000 3.000 100.000 428.980 
0.506 0.522 403.990 524.709 0.010 100.000 4.000 200.000 589.039 
0.506 0.522 524.709 665.468 0.010 100.000 5.000 200.000 719.993 
0.506 0.522 665.468 843.097 0.010 100.000 7.000 300.000 909.169 
0.506 0.522 843.097 1099.462 0.010 100.000 8.000 500.000 1135.166 
0.506 0.522 1099.462 1490.514 0.010 100.000 20.000 600.000 1536.774 
0.506 0.522 1490.514 2044.873 0.010 100.000 20.000 900.000 1836.625 
0.506 0.522 2044.873 2804.759 0.010 100.000 20.000 1000.000 2981.717 
0.506 0.522 2804.759 3820.504 0.010 100.000 30.000 1000.000 3491.969 
0.506 0.522 3820.504 4999.731 0.010 100.000 30.000 1000.000 5463.901 
0.522 0.539 2.011 15.818 0.010 23.357 1.000 6.000 11.107 
0.522 0.539 15.818 26.872 0.010 23.357 1.000 10.000 23.251 
0.522 0.539 26.872 39.154 0.010 23.357 1.000 10.000 38.308 
0.522 0.539 39.154 52.703 0.010 100.000 1.000 20.000 53.437 
0.522 0.539 52.703 68.379 0.010 100.000 1.000 30.000 74.603 
0.522 0.539 68.379 87.346 0.010 100.000 1.000 30.000 91.257 
0.522 0.539 87.346 114.565 0.010 100.000 1.000 40.000 116.570 
0.522 0.539 114.565 155.573 0.010 100.000 2.000 60.000 155.630 
0.522 0.539 155.573 214.045 0.010 100.000 2.000 90.000 214.232 
0.522 0.539 214.045 297.101 0.010 100.000 2.000 100.000 297.027 
0.522 0.539 297.101 402.737 0.010 100.000 3.000 100.000 369.391 
0.522 0.539 402.737 520.615 0.010 100.000 4.000 200.000 499.239 
0.522 0.539 520.615 660.932 0.010 100.000 5.000 200.000 701.924 
0.522 0.539 660.932 837.338 0.010 100.000 6.000 300.000 898.086 
0.522 0.539 837.338 1085.478 0.010 100.000 8.000 400.000 1015.733 
0.522 0.539 1085.478 1480.401 0.010 100.000 20.000 600.000 1474.174 
0.522 0.539 1480.401 2028.888 0.010 100.000 20.000 800.000 2059.800 
0.522 0.539 2028.888 2802.716 0.010 100.000 20.000 1000.000 2967.345 
0.522 0.539 2802.716 3825.654 0.010 100.000 30.000 1000.000 4054.915 
0.522 0.539 3825.654 4999.707 0.010 100.000 40.000 1000.000 4691.568 
0.539 0.557 1.959 16.001 0.010 37.927 1.000 7.000 11.485 
0.539 0.557 16.001 27.185 0.010 61.585 1.000 10.000 26.577 
0.539 0.557 27.185 39.680 0.010 61.585 1.000 10.000 37.945 
0.539 0.557 39.680 53.266 0.010 61.585 1.000 20.000 57.022 
0.539 0.557 53.266 68.876 0.010 100.000 1.000 30.000 70.414 
0.539 0.557 68.876 87.484 0.010 100.000 1.000 40.000 83.629 
0.539 0.557 87.484 113.729 0.010 100.000 1.000 50.000 119.607 
0.539 0.557 113.729 154.716 0.010 100.000 2.000 60.000 153.729 
0.539 0.557 154.716 211.433 0.010 100.000 2.000 90.000 211.203 
0.539 0.557 211.433 296.934 0.010 100.000 2.000 100.000 291.970 
0.539 0.557 296.934 401.937 0.010 100.000 3.000 100.000 430.091 
0.539 0.557 401.937 522.250 0.010 100.000 4.000 200.000 496.245 
0.539 0.557 522.250 661.821 0.010 100.000 5.000 200.000 630.116 
0.539 0.557 661.821 834.369 0.010 100.000 6.000 300.000 779.783 
0.539 0.557 834.369 1082.727 0.010 100.000 9.000 400.000 998.463 
0.539 0.557 1082.727 1469.820 0.010 100.000 8.000 600.000 1457.302 
0.539 0.557 1469.820 2019.045 0.010 100.000 20.000 900.000 2029.735 
0.539 0.557 2019.045 2795.866 0.010 100.000 20.000 1000.000 2762.458 
0.539 0.557 2795.866 3824.914 0.010 100.000 30.000 1000.000 3804.577 
0.539 0.557 3824.914 4999.915 0.010 100.000 40.000 1000.000 4560.059 
0.557 0.576 2.057 16.266 0.010 23.357 1.000 7.000 12.810 
0.557 0.576 16.266 27.727 0.010 23.357 1.000 10.000 24.043 
0.557 0.576 27.727 40.203 0.010 100.000 1.000 10.000 43.235 
0.557 0.576 40.203 53.713 0.010 61.585 1.000 20.000 53.910 
0.557 0.576 53.713 69.190 0.010 100.000 1.000 30.000 71.508 
0.557 0.576 69.190 88.186 0.010 100.000 1.000 30.000 91.272 
0.557 0.576 88.186 114.108 0.010 100.000 1.000 50.000 117.671 
0.557 0.576 114.108 155.583 0.010 100.000 2.000 60.000 154.655 
0.557 0.576 155.583 213.859 0.010 100.000 2.000 90.000 211.817 
0.557 0.576 213.859 298.892 0.010 100.000 2.000 100.000 297.514 
0.557 0.576 298.892 406.377 0.010 100.000 3.000 100.000 415.255 
0.557 0.576 406.377 528.196 0.010 100.000 5.000 200.000 531.721 
0.557 0.576 528.196 667.071 0.010 100.000 5.000 300.000 625.406 
0.557 0.576 667.071 836.674 0.010 100.000 7.000 300.000 804.633 
0.557 0.576 836.674 1076.836 0.010 100.000 9.000 400.000 1078.786 
0.557 0.576 1076.836 1457.463 0.010 100.000 20.000 600.000 1547.804 
0.557 0.576 1457.463 2004.190 0.010 100.000 20.000 800.000 1769.247 
0.557 0.576 2004.190 2797.898 0.010 100.000 20.000 1000.000 2656.474 
0.557 0.576 2797.898 3830.165 0.010 100.000 30.000 1000.000 4045.314 
0.557 0.576 3830.165 4999.994 0.010 100.000 40.000 1000.000 5270.359 
0.576 0.598 1.885 16.813 0.010 23.357 1.000 7.000 12.589 
0.576 0.598 16.813 28.400 0.010 100.000 1.000 10.000 27.210 
0.576 0.598 28.400 40.825 0.010 61.585 1.000 10.000 39.176 
0.576 0.598 40.825 54.540 0.010 61.585 1.000 20.000 58.646 
0.576 0.598 54.540 70.098 0.010 61.585 1.000 30.000 63.499 
0.576 0.598 70.098 88.220 0.010 100.000 1.000 30.000 93.011 
0.576 0.598 88.220 114.754 0.010 100.000 1.000 40.000 116.479 
0.576 0.598 114.754 156.916 0.010 100.000 2.000 70.000 148.566 
0.576 0.598 156.916 216.602 0.010 100.000 2.000 90.000 217.137 
0.576 0.598 216.602 303.938 0.010 100.000 3.000 100.000 314.183 
0.576 0.598 303.938 408.260 0.010 100.000 3.000 100.000 406.021 
0.576 0.598 408.260 530.344 0.010 100.000 4.000 200.000 532.549 
0.576 0.598 530.344 669.203 0.010 100.000 5.000 300.000 684.496 
0.576 0.598 669.203 842.689 0.010 100.000 7.000 300.000 789.471 
0.576 0.598 842.689 1078.716 0.010 100.000 9.000 400.000 1127.536 
0.576 0.598 1078.716 1460.514 0.010 100.000 20.000 600.000 1578.347 
0.576 0.598 1460.514 2018.955 0.010 100.000 20.000 800.000 2137.608 
0.576 0.598 2018.955 2815.696 0.010 100.000 20.000 1000.000 2737.602 
0.576 0.598 2815.696 3847.211 0.010 100.000 40.000 1000.000 3783.612 
0.576 0.598 3847.211 4999.894 0.010 100.000 40.000 1000.000 5233.263 
0.598 0.623 2.016 17.116 0.010 14.384 1.000 7.000 13.108 
0.598 0.623 17.116 28.640 0.010 61.585 1.000 10.000 27.047 
0.598 0.623 28.640 41.184 0.010 61.585 1.000 20.000 43.658 
0.598 0.623 41.184 54.631 0.010 61.585 1.000 20.000 48.790 
0.598 0.623 54.631 69.523 0.010 100.000 1.000 30.000 71.689 
0.598 0.623 69.523 87.447 0.010 100.000 1.000 30.000 88.418 
0.598 0.623 87.447 113.513 0.010 100.000 1.000 50.000 115.009 
0.598 0.623 113.513 155.808 0.010 100.000 1.000 70.000 157.143 
0.598 0.623 155.808 215.460 0.010 100.000 2.000 100.000 213.274 
0.598 0.623 215.460 300.619 0.010 100.000 3.000 100.000 285.438 
0.598 0.623 300.619 405.819 0.010 100.000 3.000 100.000 419.567 
0.598 0.623 405.819 524.708 0.010 100.000 4.000 200.000 529.306 
0.598 0.623 524.708 660.886 0.010 100.000 5.000 300.000 605.681 
0.598 0.623 660.886 828.190 0.010 100.000 8.000 300.000 758.293 
0.598 0.623 828.190 1057.510 0.010 100.000 8.000 400.000 1071.743 
0.598 0.623 1057.510 1432.556 0.010 100.000 10.000 700.000 1405.537 
0.598 0.623 1432.556 1997.260 0.010 100.000 20.000 1000.000 1868.866 
0.598 0.623 1997.260 2821.448 0.010 100.000 20.000 1000.000 2661.469 
0.598 0.623 2821.448 3835.954 0.010 100.000 30.000 1000.000 3719.927 
0.598 0.623 3835.954 4999.871 0.010 100.000 40.000 1000.000 4542.257 
0.623 0.655 1.941 17.218 0.010 37.927 1.000 7.000 11.942 
0.623 0.655 17.218 29.146 0.010 37.927 1.000 10.000 26.164 
0.623 0.655 29.146 41.876 0.010 37.927 1.000 10.000 42.345 
0.623 0.655 41.876 55.166 0.010 37.927 1.000 20.000 55.579 
0.623 0.655 55.166 69.546 0.010 100.000 1.000 20.000 71.683 
0.623 0.655 69.546 87.256 0.010 100.000 1.000 30.000 81.003 
0.623 0.655 87.256 112.932 0.010 100.000 1.000 30.000 110.328 
0.623 0.655 112.932 155.017 0.010 100.000 1.000 50.000 146.846 
0.623 0.655 155.017 216.746 0.010 100.000 2.000 100.000 202.821 
0.623 0.655 216.746 305.877 0.010 100.000 2.000 100.000 288.791 
0.623 0.655 305.877 414.011 0.010 100.000 4.000 200.000 357.021 
0.623 0.655 414.011 531.854 0.010 100.000 5.000 200.000 536.717 
0.623 0.655 531.854 671.259 0.010 100.000 6.000 200.000 709.583 
0.623 0.655 671.259 838.619 0.010 100.000 9.000 200.000 754.793 
0.623 0.655 838.619 1070.612 0.010 100.000 8.000 400.000 945.233 
0.623 0.655 1070.612 1449.570 0.010 100.000 20.000 500.000 1449.318 
0.623 0.655 1449.570 2024.619 0.010 100.000 20.000 800.000 1677.250 
0.623 0.655 2024.619 2833.989 0.010 100.000 20.000 1000.000 2870.784 
0.623 0.655 2833.989 3860.711 0.010 100.000 30.000 1000.000 3892.176 
0.623 0.655 3860.711 4999.766 0.010 100.000 40.000 1000.000 4880.335 
0.655 0.701 1.728 17.416 0.010 37.927 1.000 9.000 13.152 
0.655 0.701 17.416 29.331 0.010 37.927 1.000 10.000 27.487 
0.655 0.701 29.331 41.788 0.010 37.927 1.000 20.000 40.845 
0.655 0.701 41.788 54.864 0.010 61.585 1.000 20.000 52.802 
0.655 0.701 54.864 69.803 0.010 100.000 1.000 20.000 62.586 
0.655 0.701 69.803 87.175 0.010 100.000 1.000 30.000 80.002 
0.655 0.701 87.175 113.305 0.010 100.000 1.000 30.000 113.364 
0.655 0.701 113.305 155.700 0.010 100.000 1.000 80.000 129.795 
0.655 0.701 155.700 217.201 0.010 100.000 2.000 70.000 196.738 
0.655 0.701 217.201 307.844 0.010 100.000 2.000 90.000 279.976 
0.655 0.701 307.844 415.527 0.010 100.000 4.000 100.000 393.971 
0.655 0.701 415.527 534.123 0.010 100.000 4.000 100.000 470.855 
0.655 0.701 534.123 670.014 0.010 100.000 6.000 200.000 674.508 
0.655 0.701 670.014 829.634 0.010 100.000 6.000 300.000 755.218 
0.655 0.701 829.634 1051.509 0.010 100.000 8.000 400.000 1064.241 
0.655 0.701 1051.509 1423.753 0.010 100.000 20.000 400.000 1323.371 
0.655 0.701 1423.753 1999.933 0.010 100.000 20.000 700.000 1918.748 
0.655 0.701 1999.933 2826.612 0.010 100.000 20.000 900.000 2517.592 
0.655 0.701 2826.612 3851.615 0.010 100.000 30.000 1000.000 3850.229 
0.655 0.701 3851.615 4999.985 0.010 100.000 60.000 1000.000 5056.224 
0.701 0.975 1.813 17.529 0.010 14.384 1.000 8.000 9.989 
0.701 0.975 17.529 29.477 0.010 14.384 1.000 9.000 25.102 
0.701 0.975 29.477 42.071 0.010 37.927 1.000 10.000 40.860 
0.701 0.975 42.071 54.691 0.010 37.927 1.000 20.000 51.611 
0.701 0.975 54.691 68.859 0.010 100.000 1.000 20.000 66.102 
0.701 0.975 68.859 86.435 0.010 100.000 1.000 30.000 88.058 
0.701 0.975 86.435 110.730 0.010 100.000 1.000 20.000 109.280 
0.701 0.975 110.730 153.595 0.010 100.000 2.000 50.000 134.577 
0.701 0.975 153.595 215.188 0.010 100.000 2.000 80.000 187.814 
0.701 0.975 215.188 303.315 0.010 100.000 2.000 100.000 271.559 
0.701 0.975 303.315 410.812 0.010 100.000 4.000 100.000 405.273 
0.701 0.975 410.812 528.159 0.010 100.000 4.000 200.000 534.619 
0.701 0.975 528.159 657.419 0.010 100.000 5.000 200.000 706.217 
0.701 0.975 657.419 817.322 0.010 100.000 7.000 400.000 782.576 
0.701 0.975 817.322 1043.064 0.010 100.000 9.000 400.000 968.421 
0.701 0.975 1043.064 1418.899 0.010 100.000 10.000 600.000 1251.938 
0.701 0.975 1418.899 1984.068 0.010 100.000 20.000 600.000 1787.863 
0.701 0.975 1984.068 2823.781 0.010 100.000 20.000 800.000 2440.983 
0.701 0.975 2823.781 3877.262 0.010 100.000 30.000 1000.000 3883.434 
0.701 0.975 3877.262 4999.971 0.010 100.000 40.000 1000.000 5094.029 
