Ice-Agg collection for the flat orientation. 
Characteristic values taken from the peak of a fit 
gamma distribution from 300 aggregates. 
Ranges are taken from the aggregates being pulled from the db, 
not the bin edges (maximum range) 
Order: agg phi min, agg phi max, agg r min, agg r max, 
 monomer phi min, monomer phi max, monomer r min, monomer r max, value 
0.010 0.273 2.286 13.842 0.010 100.000 1.000 5.000 17.033 
0.010 0.273 13.855 23.535 0.010 100.000 1.000 10.000 32.215 
0.014 0.273 23.551 33.676 0.010 100.000 1.000 10.000 54.307 
0.010 0.273 33.685 45.986 0.010 100.000 1.000 10.000 72.969 
0.009 0.271 46.055 62.900 0.010 100.000 1.000 20.000 98.547 
0.010 0.272 63.100 85.171 0.010 100.000 1.000 30.000 127.612 
0.010 0.272 85.727 117.455 0.010 100.000 1.000 50.000 173.477 
0.020 0.273 117.640 160.107 0.010 100.000 2.000 60.000 232.799 
0.012 0.272 160.357 215.123 0.010 100.000 2.000 90.000 319.336 
0.009 0.272 216.129 283.186 0.010 100.000 3.000 100.000 434.421 
0.008 0.272 283.546 370.316 0.010 100.000 3.000 100.000 632.439 
0.009 0.272 372.116 485.648 0.010 100.000 4.000 200.000 570.070 
0.007 0.272 486.598 647.896 0.010 100.000 6.000 200.000 787.517 
0.008 0.272 650.418 873.957 0.010 100.000 5.000 300.000 1237.498 
0.012 0.273 874.889 1190.885 0.010 100.000 8.000 500.000 1690.459 
0.018 0.273 1192.840 1635.059 0.010 100.000 20.000 600.000 2194.121 
0.008 0.272 1636.658 2207.022 0.010 100.000 30.000 900.000 3524.654 
0.011 0.272 2210.067 2914.791 0.010 100.000 30.000 1000.000 4439.650 
0.008 0.272 2916.032 3817.855 0.010 100.000 40.000 1000.000 5979.931 
0.006 0.273 3820.098 4995.932 0.010 100.000 40.000 1000.000 7377.850 
0.273 0.326 2.470 16.357 0.010 37.927 1.000 5.000 14.374 
0.273 0.327 16.469 28.001 0.010 61.585 1.000 10.000 33.603 
0.273 0.326 28.095 40.309 0.010 100.000 1.000 10.000 50.232 
0.273 0.327 40.367 55.813 0.010 100.000 1.000 20.000 69.230 
0.273 0.327 55.869 75.510 0.010 100.000 1.000 30.000 95.450 
0.273 0.327 75.520 100.729 0.010 100.000 1.000 40.000 122.751 
0.273 0.327 101.051 136.364 0.010 100.000 2.000 50.000 142.397 
0.273 0.327 136.450 184.198 0.010 100.000 2.000 60.000 219.440 
0.273 0.327 184.267 243.441 0.010 100.000 2.000 90.000 321.594 
0.273 0.327 243.559 318.564 0.010 100.000 3.000 100.000 393.656 
0.273 0.327 318.874 410.816 0.010 100.000 4.000 100.000 512.430 
0.273 0.327 411.070 529.988 0.010 100.000 4.000 200.000 585.443 
0.273 0.327 530.429 688.511 0.010 100.000 6.000 200.000 763.105 
0.273 0.327 690.773 911.450 0.010 100.000 8.000 300.000 1235.590 
0.273 0.327 913.118 1234.532 0.010 100.000 8.000 500.000 1479.633 
0.273 0.326 1234.598 1672.389 0.010 100.000 20.000 600.000 1999.204 
0.273 0.327 1673.572 2232.932 0.010 100.000 20.000 900.000 2904.864 
0.273 0.327 2239.380 2940.154 0.010 100.000 30.000 1000.000 3645.287 
0.273 0.326 2945.020 3864.178 0.010 100.000 30.000 1000.000 4767.519 
0.273 0.326 3866.085 4991.501 0.010 100.000 40.000 1000.000 5574.989 
0.327 0.359 3.139 16.388 0.010 37.927 1.000 6.000 15.125 
0.327 0.359 16.594 28.108 0.010 61.585 1.000 10.000 32.415 
0.327 0.359 28.236 40.433 0.010 100.000 1.000 10.000 46.729 
0.327 0.359 40.532 54.655 0.010 100.000 1.000 20.000 63.282 
0.327 0.359 54.742 72.533 0.010 100.000 1.000 20.000 86.889 
0.327 0.359 72.592 96.298 0.010 100.000 1.000 30.000 112.786 
0.327 0.359 96.338 130.859 0.010 100.000 1.000 50.000 133.766 
0.327 0.359 131.195 178.468 0.010 100.000 2.000 60.000 213.242 
0.327 0.359 178.703 241.854 0.010 100.000 2.000 90.000 288.151 
0.327 0.359 242.214 318.495 0.010 100.000 2.000 100.000 400.796 
0.327 0.359 318.708 412.221 0.010 100.000 3.000 100.000 554.936 
0.327 0.359 413.145 529.396 0.010 100.000 4.000 100.000 555.400 
0.327 0.359 529.463 682.971 0.010 100.000 5.000 200.000 894.716 
0.327 0.359 684.429 891.350 0.010 100.000 7.000 300.000 1114.241 
0.327 0.359 891.968 1192.136 0.010 100.000 9.000 400.000 1238.352 
0.327 0.359 1192.182 1613.880 0.010 100.000 20.000 600.000 1983.729 
0.327 0.359 1615.650 2187.525 0.010 100.000 20.000 800.000 2730.654 
0.327 0.359 2190.432 2928.102 0.010 100.000 20.000 1000.000 3011.515 
0.327 0.359 2936.381 3842.892 0.010 100.000 40.000 1000.000 4863.309 
0.327 0.359 3856.895 4995.806 0.010 100.000 40.000 1000.000 5220.767 
0.359 0.384 2.306 16.069 0.010 14.384 1.000 6.000 15.043 
0.359 0.384 16.159 27.710 0.010 61.585 1.000 10.000 31.300 
0.359 0.384 27.796 39.946 0.010 61.585 1.000 10.000 43.400 
0.359 0.384 40.017 54.273 0.010 100.000 1.000 20.000 66.840 
0.359 0.384 54.355 71.539 0.010 100.000 1.000 20.000 72.863 
0.359 0.384 71.614 94.889 0.010 100.000 1.000 30.000 119.527 
0.359 0.384 95.001 128.023 0.010 100.000 1.000 40.000 145.318 
0.359 0.383 128.066 174.137 0.010 100.000 2.000 70.000 194.035 
0.359 0.384 174.323 235.467 0.010 100.000 2.000 100.000 240.630 
0.359 0.384 236.006 313.795 0.010 100.000 2.000 100.000 315.839 
0.359 0.384 314.655 410.305 0.010 100.000 3.000 100.000 507.278 
0.359 0.384 410.677 528.296 0.010 100.000 4.000 200.000 612.374 
0.359 0.384 529.208 682.849 0.010 100.000 6.000 200.000 845.966 
0.359 0.384 683.799 892.734 0.010 100.000 7.000 300.000 1031.325 
0.359 0.384 895.142 1192.842 0.010 100.000 8.000 400.000 1191.404 
0.359 0.384 1194.291 1623.022 0.010 100.000 20.000 500.000 2021.105 
0.359 0.384 1624.204 2206.118 0.010 100.000 20.000 800.000 2464.909 
0.359 0.384 2210.105 2956.919 0.010 100.000 20.000 1000.000 2952.821 
0.359 0.384 2963.649 3868.501 0.010 100.000 40.000 1000.000 4467.514 
0.359 0.384 3876.681 4985.616 0.010 100.000 40.000 1000.000 5909.187 
0.384 0.405 2.328 15.902 0.010 23.357 1.000 6.000 14.275 
0.384 0.405 15.948 27.114 0.010 100.000 1.000 10.000 26.178 
0.384 0.405 27.156 39.298 0.010 100.000 1.000 10.000 48.074 
0.384 0.405 39.430 53.158 0.010 100.000 1.000 20.000 58.218 
0.384 0.405 53.267 70.322 0.010 100.000 1.000 20.000 81.368 
0.384 0.405 70.685 93.167 0.010 100.000 1.000 30.000 104.491 
0.384 0.405 93.401 125.056 0.010 100.000 1.000 50.000 140.839 
0.384 0.405 125.359 171.050 0.010 100.000 1.000 80.000 193.356 
0.384 0.405 171.679 232.071 0.010 100.000 2.000 80.000 271.246 
0.384 0.404 232.801 310.705 0.010 100.000 2.000 100.000 342.712 
0.384 0.405 310.823 408.366 0.010 100.000 3.000 100.000 417.303 
0.384 0.404 408.715 527.630 0.010 100.000 4.000 200.000 645.173 
0.384 0.405 528.394 681.573 0.010 100.000 5.000 200.000 701.886 
0.384 0.405 682.841 883.840 0.010 100.000 6.000 300.000 1112.092 
0.384 0.405 885.545 1173.765 0.010 100.000 7.000 400.000 1132.612 
0.384 0.405 1174.079 1601.328 0.010 100.000 20.000 600.000 1765.233 
0.384 0.405 1602.585 2172.886 0.010 100.000 20.000 900.000 2141.126 
0.384 0.405 2175.433 2927.653 0.010 100.000 20.000 1000.000 3420.257 
0.384 0.405 2928.462 3838.295 0.010 100.000 30.000 1000.000 4995.604 
0.384 0.405 3850.632 4987.513 0.010 100.000 40.000 1000.000 5960.035 
0.405 0.424 2.614 15.946 0.010 23.357 1.000 7.000 14.346 
0.405 0.423 16.048 27.035 0.010 23.357 1.000 10.000 26.424 
0.405 0.424 27.104 38.980 0.010 37.927 1.000 10.000 41.552 
0.405 0.424 39.143 53.027 0.010 100.000 1.000 20.000 57.001 
0.405 0.424 53.195 70.003 0.010 100.000 1.000 20.000 79.405 
0.405 0.423 70.050 91.759 0.010 100.000 1.000 40.000 90.695 
0.405 0.423 91.856 124.305 0.010 100.000 1.000 50.000 144.463 
0.405 0.424 124.656 170.661 0.010 100.000 2.000 60.000 183.786 
0.405 0.424 170.730 233.269 0.010 100.000 2.000 90.000 255.702 
0.405 0.423 233.505 312.557 0.010 100.000 2.000 100.000 344.262 
0.405 0.423 312.985 410.655 0.010 100.000 3.000 100.000 458.609 
0.405 0.423 410.764 531.779 0.010 100.000 4.000 200.000 635.682 
0.405 0.424 531.921 679.521 0.010 100.000 5.000 200.000 702.045 
0.405 0.424 681.744 876.438 0.010 100.000 6.000 300.000 982.985 
0.405 0.424 879.566 1154.393 0.010 100.000 7.000 400.000 1131.935 
0.405 0.423 1154.709 1569.761 0.010 100.000 20.000 600.000 1700.127 
0.405 0.423 1570.855 2139.708 0.010 100.000 20.000 700.000 2323.013 
0.405 0.424 2140.780 2862.980 0.010 100.000 20.000 1000.000 3391.685 
0.405 0.424 2874.095 3808.737 0.010 100.000 30.000 1000.000 4554.983 
0.405 0.423 3828.191 4994.481 0.010 100.000 40.000 1000.000 5744.523 
0.424 0.441 2.197 15.662 0.010 37.927 1.000 6.000 11.076 
0.424 0.441 15.830 26.666 0.010 37.927 1.000 10.000 25.446 
0.424 0.441 26.695 38.652 0.010 61.585 1.000 10.000 44.831 
0.424 0.441 38.739 52.358 0.010 61.585 1.000 20.000 57.376 
0.424 0.441 52.404 68.765 0.010 100.000 1.000 20.000 67.797 
0.424 0.441 68.834 89.473 0.010 100.000 1.000 30.000 85.922 
0.424 0.441 89.611 119.514 0.010 100.000 1.000 50.000 130.738 
0.424 0.441 119.782 164.268 0.010 100.000 2.000 60.000 187.804 
0.424 0.441 164.620 224.493 0.010 100.000 2.000 80.000 239.925 
0.424 0.441 224.556 303.474 0.010 100.000 3.000 100.000 330.192 
0.424 0.441 304.205 401.802 0.010 100.000 3.000 100.000 510.829 
0.424 0.441 403.380 518.812 0.010 100.000 4.000 100.000 519.269 
0.424 0.441 521.377 666.449 0.010 100.000 5.000 200.000 737.990 
0.424 0.441 666.949 856.770 0.010 100.000 6.000 300.000 984.364 
0.424 0.441 860.161 1136.712 0.010 100.000 7.000 400.000 1111.166 
0.424 0.441 1139.087 1538.232 0.010 100.000 20.000 500.000 1766.932 
0.424 0.441 1539.311 2106.627 0.010 100.000 20.000 900.000 2046.411 
0.424 0.441 2111.715 2874.860 0.010 100.000 20.000 1000.000 2771.484 
0.424 0.441 2876.401 3838.999 0.010 100.000 30.000 1000.000 3698.682 
0.424 0.441 3847.994 4999.088 0.010 100.000 40.000 1000.000 5779.590 
0.441 0.458 2.363 15.579 0.010 23.357 1.000 6.000 14.006 
0.441 0.458 15.647 26.599 0.010 61.585 1.000 10.000 27.419 
0.441 0.457 26.652 38.597 0.010 61.585 1.000 10.000 40.816 
0.441 0.458 38.665 52.331 0.010 100.000 1.000 20.000 56.903 
0.441 0.458 52.426 68.590 0.010 100.000 1.000 20.000 73.896 
0.441 0.458 68.738 88.886 0.010 100.000 1.000 30.000 101.734 
0.441 0.458 89.075 118.558 0.010 100.000 1.000 50.000 130.235 
0.441 0.458 118.688 162.256 0.010 100.000 2.000 70.000 184.974 
0.441 0.458 162.477 223.496 0.010 100.000 2.000 100.000 234.987 
0.441 0.458 223.733 304.190 0.010 100.000 3.000 100.000 329.771 
0.441 0.458 305.116 405.166 0.010 100.000 3.000 100.000 482.142 
0.441 0.458 405.732 523.797 0.010 100.000 4.000 100.000 655.584 
0.441 0.458 524.273 669.091 0.010 100.000 5.000 200.000 651.816 
0.441 0.458 671.292 856.792 0.010 100.000 7.000 300.000 844.905 
0.441 0.458 858.366 1127.342 0.010 100.000 7.000 400.000 1314.399 
0.441 0.458 1129.259 1540.451 0.010 100.000 10.000 600.000 1455.432 
0.441 0.458 1541.926 2114.052 0.010 100.000 20.000 800.000 2040.043 
0.441 0.457 2115.809 2868.781 0.010 100.000 20.000 1000.000 3073.341 
0.441 0.458 2873.328 3833.935 0.010 100.000 30.000 1000.000 4083.772 
0.441 0.458 3836.421 4993.492 0.010 100.000 40.000 1000.000 5693.017 
0.458 0.474 2.518 15.842 0.010 23.357 1.000 6.000 14.333 
0.458 0.474 15.870 26.626 0.010 37.927 1.000 10.000 28.565 
0.458 0.474 26.687 38.881 0.010 61.585 1.000 10.000 42.751 
0.458 0.474 38.973 52.508 0.010 100.000 1.000 20.000 58.986 
0.458 0.474 52.560 68.315 0.010 61.585 1.000 30.000 80.673 
0.458 0.474 68.445 88.574 0.010 100.000 1.000 30.000 101.861 
0.458 0.474 88.653 117.238 0.010 100.000 1.000 40.000 134.334 
0.458 0.474 117.542 159.797 0.010 100.000 1.000 60.000 166.385 
0.458 0.474 160.146 220.745 0.010 100.000 2.000 80.000 232.211 
0.458 0.474 221.113 298.742 0.010 100.000 3.000 100.000 344.159 
0.458 0.474 299.824 401.749 0.010 100.000 3.000 100.000 376.581 
0.458 0.474 402.722 520.689 0.010 100.000 4.000 200.000 608.275 
0.458 0.474 521.707 665.861 0.010 100.000 5.000 200.000 722.704 
0.458 0.474 666.375 849.801 0.010 100.000 7.000 300.000 969.998 
0.458 0.474 851.452 1109.070 0.010 100.000 9.000 400.000 1199.247 
0.458 0.474 1117.673 1517.312 0.010 100.000 10.000 600.000 1574.393 
0.458 0.474 1519.489 2079.468 0.010 100.000 20.000 800.000 2178.114 
0.458 0.474 2080.909 2858.263 0.010 100.000 20.000 1000.000 2991.969 
0.458 0.474 2864.904 3820.507 0.010 100.000 30.000 1000.000 4060.947 
0.458 0.474 3823.062 4998.391 0.010 100.000 40.000 1000.000 5607.881 
0.474 0.490 2.252 15.681 0.010 14.384 1.000 7.000 10.547 
0.474 0.490 15.718 26.453 0.010 61.585 1.000 10.000 24.761 
0.474 0.490 26.565 38.886 0.010 61.585 1.000 10.000 43.481 
0.474 0.490 38.975 52.656 0.010 61.585 1.000 20.000 55.163 
0.474 0.490 52.814 68.829 0.010 100.000 1.000 20.000 65.616 
0.474 0.490 68.921 88.270 0.010 100.000 1.000 30.000 85.386 
0.474 0.490 88.357 115.824 0.010 100.000 1.000 50.000 130.236 
0.474 0.490 115.978 158.597 0.010 100.000 1.000 60.000 146.460 
0.474 0.490 159.227 216.696 0.010 100.000 2.000 80.000 199.842 
0.474 0.490 217.738 297.101 0.010 100.000 3.000 100.000 329.576 
0.474 0.490 298.678 397.965 0.010 100.000 4.000 100.000 413.672 
0.474 0.490 399.489 517.758 0.010 100.000 4.000 200.000 505.221 
0.474 0.490 518.410 661.642 0.010 100.000 6.000 200.000 717.013 
0.474 0.490 662.113 839.705 0.010 100.000 6.000 300.000 820.858 
0.474 0.490 840.329 1096.654 0.010 100.000 7.000 400.000 1182.957 
0.474 0.490 1097.352 1493.489 0.010 100.000 10.000 600.000 1735.871 
0.474 0.490 1495.441 2049.128 0.010 100.000 20.000 800.000 2059.350 
0.474 0.490 2050.890 2811.265 0.010 100.000 30.000 1000.000 3137.462 
0.474 0.490 2815.291 3802.570 0.010 100.000 30.000 1000.000 4248.801 
0.474 0.490 3808.535 4992.693 0.010 100.000 40.000 1000.000 5305.056 
0.490 0.506 2.335 15.584 0.010 37.927 1.000 6.000 11.987 
0.490 0.506 15.705 26.593 0.010 37.927 1.000 10.000 27.587 
0.490 0.506 26.680 39.021 0.010 100.000 1.000 10.000 39.097 
0.490 0.506 39.128 52.686 0.010 100.000 1.000 20.000 49.236 
0.490 0.506 52.708 68.444 0.010 100.000 1.000 30.000 73.027 
0.490 0.506 68.564 88.026 0.010 100.000 1.000 30.000 95.920 
0.490 0.506 88.421 115.363 0.010 100.000 1.000 50.000 123.781 
0.490 0.506 115.822 157.996 0.010 100.000 2.000 60.000 165.205 
0.490 0.506 158.646 216.494 0.010 100.000 2.000 90.000 216.522 
0.490 0.506 216.735 297.050 0.010 100.000 2.000 100.000 261.419 
0.490 0.505 299.071 400.978 0.010 100.000 3.000 100.000 415.727 
0.490 0.506 401.125 520.631 0.010 100.000 4.000 200.000 559.124 
0.490 0.506 520.885 665.448 0.010 100.000 5.000 200.000 635.752 
0.490 0.506 666.524 845.496 0.010 100.000 7.000 300.000 848.059 
0.490 0.506 846.857 1111.132 0.010 100.000 8.000 400.000 1176.307 
0.490 0.506 1112.459 1507.241 0.010 100.000 20.000 600.000 1552.617 
0.490 0.506 1515.083 2064.637 0.010 100.000 20.000 900.000 2075.237 
0.490 0.506 2073.004 2814.194 0.010 100.000 20.000 1000.000 2945.112 
0.490 0.506 2817.041 3795.332 0.010 100.000 30.000 1000.000 4245.952 
0.490 0.506 3800.416 4993.184 0.010 100.000 40.000 1000.000 5209.338 
0.506 0.522 2.310 15.789 0.010 14.384 1.000 6.000 12.910 
0.506 0.522 15.848 26.565 0.010 23.357 1.000 10.000 26.482 
0.506 0.522 26.728 39.036 0.010 100.000 1.000 10.000 40.710 
0.506 0.522 39.065 52.641 0.010 100.000 1.000 20.000 59.337 
0.506 0.522 52.698 68.433 0.010 100.000 1.000 20.000 75.127 
0.506 0.522 68.663 87.440 0.010 100.000 1.000 40.000 84.111 
0.506 0.522 87.643 113.379 0.010 100.000 1.000 50.000 120.170 
0.506 0.522 113.562 154.880 0.010 100.000 2.000 60.000 165.817 
0.506 0.522 155.228 214.564 0.010 100.000 2.000 90.000 224.109 
0.506 0.522 215.453 296.362 0.010 100.000 3.000 100.000 323.957 
0.506 0.522 297.020 403.860 0.010 100.000 3.000 100.000 428.980 
0.506 0.522 404.274 524.637 0.010 100.000 4.000 200.000 589.039 
0.506 0.522 524.790 665.200 0.010 100.000 5.000 200.000 719.993 
0.506 0.522 665.473 842.658 0.010 100.000 7.000 300.000 909.169 
0.506 0.522 843.762 1099.211 0.010 100.000 8.000 500.000 1135.166 
0.506 0.522 1100.278 1487.798 0.010 100.000 20.000 600.000 1536.774 
0.506 0.522 1491.554 2044.603 0.010 100.000 20.000 900.000 1836.625 
0.506 0.522 2045.381 2797.502 0.010 100.000 20.000 1000.000 2981.717 
0.506 0.522 2811.197 3818.266 0.010 100.000 30.000 1000.000 3491.969 
0.506 0.522 3821.266 4995.745 0.010 100.000 30.000 1000.000 5463.901 
0.522 0.539 2.257 15.658 0.010 23.357 1.000 6.000 11.107 
0.522 0.539 15.819 26.827 0.010 23.357 1.000 10.000 23.251 
0.522 0.539 26.874 39.072 0.010 23.357 1.000 10.000 38.308 
0.522 0.539 39.181 52.694 0.010 100.000 1.000 20.000 53.437 
0.522 0.539 52.705 68.367 0.010 100.000 1.000 30.000 74.603 
0.522 0.539 68.439 87.346 0.010 100.000 1.000 30.000 91.257 
0.522 0.539 87.367 114.459 0.010 100.000 1.000 40.000 116.570 
0.522 0.539 115.143 155.307 0.010 100.000 2.000 60.000 155.630 
0.522 0.539 155.650 213.712 0.010 100.000 2.000 90.000 214.232 
0.522 0.539 214.401 296.948 0.010 100.000 2.000 100.000 297.027 
0.522 0.539 297.411 402.517 0.010 100.000 3.000 100.000 369.391 
0.522 0.539 402.876 520.615 0.010 100.000 4.000 200.000 499.239 
0.522 0.539 521.711 660.523 0.010 100.000 5.000 200.000 701.924 
0.522 0.539 661.803 836.282 0.010 100.000 6.000 300.000 898.086 
0.522 0.539 837.616 1085.330 0.010 100.000 8.000 400.000 1015.733 
0.522 0.539 1085.780 1479.358 0.010 100.000 20.000 600.000 1474.174 
0.522 0.539 1480.531 2025.290 0.010 100.000 20.000 800.000 2059.800 
0.522 0.539 2029.179 2800.345 0.010 100.000 20.000 1000.000 2967.345 
0.522 0.539 2802.729 3821.206 0.010 100.000 30.000 1000.000 4054.915 
0.522 0.539 3830.563 4992.345 0.010 100.000 40.000 1000.000 4691.568 
0.539 0.557 2.231 15.984 0.010 37.927 1.000 7.000 11.485 
0.539 0.557 16.070 27.166 0.010 61.585 1.000 10.000 26.577 
0.539 0.557 27.198 39.667 0.010 61.585 1.000 10.000 37.945 
0.539 0.557 39.682 53.242 0.010 61.585 1.000 20.000 57.022 
0.539 0.557 53.272 68.873 0.010 100.000 1.000 30.000 70.414 
0.539 0.557 68.904 87.443 0.010 100.000 1.000 40.000 83.629 
0.539 0.557 87.508 113.616 0.010 100.000 1.000 50.000 119.607 
0.539 0.557 113.916 154.580 0.010 100.000 2.000 60.000 153.729 
0.539 0.557 154.878 210.993 0.010 100.000 2.000 90.000 211.203 
0.539 0.557 211.904 296.662 0.010 100.000 2.000 100.000 291.970 
0.539 0.557 299.189 401.237 0.010 100.000 3.000 100.000 430.091 
0.539 0.557 402.529 522.103 0.010 100.000 4.000 200.000 496.245 
0.539 0.557 523.760 661.709 0.010 100.000 5.000 200.000 630.116 
0.539 0.557 661.979 833.938 0.010 100.000 6.000 300.000 779.783 
0.539 0.557 834.463 1082.282 0.010 100.000 9.000 400.000 998.463 
0.539 0.557 1083.950 1468.307 0.010 100.000 8.000 600.000 1457.302 
0.539 0.557 1471.018 2018.154 0.010 100.000 20.000 900.000 2029.735 
0.539 0.557 2022.485 2794.046 0.010 100.000 20.000 1000.000 2762.458 
0.539 0.557 2796.175 3824.027 0.010 100.000 30.000 1000.000 3804.577 
0.539 0.557 3826.920 4993.019 0.010 100.000 40.000 1000.000 4560.059 
0.557 0.576 2.266 16.253 0.010 23.357 1.000 7.000 12.810 
0.557 0.576 16.328 27.674 0.010 23.357 1.000 10.000 24.043 
0.557 0.576 27.748 40.175 0.010 100.000 1.000 10.000 43.235 
0.557 0.576 40.205 53.705 0.010 61.585 1.000 20.000 53.910 
0.557 0.576 53.780 68.959 0.010 100.000 1.000 30.000 71.508 
0.557 0.576 69.214 88.076 0.010 100.000 1.000 30.000 91.272 
0.557 0.576 88.202 114.106 0.010 100.000 1.000 50.000 117.671 
0.557 0.576 114.146 155.565 0.010 100.000 2.000 60.000 154.655 
0.557 0.576 155.584 213.789 0.010 100.000 2.000 90.000 211.817 
0.557 0.576 213.890 298.847 0.010 100.000 2.000 100.000 297.514 
0.557 0.576 299.291 406.062 0.010 100.000 3.000 100.000 415.255 
0.557 0.576 406.514 528.132 0.010 100.000 5.000 200.000 531.721 
0.557 0.576 528.578 666.962 0.010 100.000 5.000 300.000 625.406 
0.557 0.576 669.801 835.875 0.010 100.000 7.000 300.000 804.633 
0.557 0.576 837.020 1076.150 0.010 100.000 9.000 400.000 1078.786 
0.557 0.576 1077.318 1454.607 0.010 100.000 20.000 600.000 1547.804 
0.557 0.576 1457.825 2001.576 0.010 100.000 20.000 800.000 1769.247 
0.557 0.576 2004.488 2795.431 0.010 100.000 20.000 1000.000 2656.474 
0.557 0.576 2800.392 3828.588 0.010 100.000 30.000 1000.000 4045.314 
0.557 0.576 3831.454 4970.878 0.010 100.000 40.000 1000.000 5270.359 
0.576 0.598 2.038 16.798 0.010 23.357 1.000 7.000 12.589 
0.576 0.598 16.831 28.360 0.010 100.000 1.000 10.000 27.210 
0.576 0.598 28.404 40.793 0.010 61.585 1.000 10.000 39.176 
0.576 0.598 40.846 54.535 0.010 61.585 1.000 20.000 58.646 
0.576 0.598 54.585 70.035 0.010 61.585 1.000 30.000 63.499 
0.576 0.598 70.153 88.199 0.010 100.000 1.000 30.000 93.011 
0.576 0.598 88.233 114.664 0.010 100.000 1.000 40.000 116.479 
0.576 0.598 114.784 156.796 0.010 100.000 2.000 70.000 148.566 
0.576 0.598 157.059 216.421 0.010 100.000 2.000 90.000 217.137 
0.576 0.598 217.630 303.613 0.010 100.000 3.000 100.000 314.183 
0.576 0.598 305.161 408.162 0.010 100.000 3.000 100.000 406.021 
0.576 0.598 408.456 529.755 0.010 100.000 4.000 200.000 532.549 
0.576 0.598 530.602 669.118 0.010 100.000 5.000 300.000 684.496 
0.576 0.598 669.650 841.810 0.010 100.000 7.000 300.000 789.471 
0.576 0.598 844.342 1074.609 0.010 100.000 9.000 400.000 1127.536 
0.576 0.598 1078.719 1460.214 0.010 100.000 20.000 600.000 1578.347 
0.576 0.598 1461.926 2018.565 0.010 100.000 20.000 800.000 2137.608 
0.576 0.598 2021.936 2811.677 0.010 100.000 20.000 1000.000 2737.602 
0.576 0.598 2818.197 3845.808 0.010 100.000 40.000 1000.000 3783.612 
0.576 0.598 3847.228 4993.457 0.010 100.000 40.000 1000.000 5233.263 
0.598 0.623 2.109 16.937 0.010 14.384 1.000 7.000 13.108 
0.598 0.623 17.229 28.622 0.010 61.585 1.000 10.000 27.047 
0.598 0.623 28.649 41.181 0.010 61.585 1.000 20.000 43.658 
0.598 0.623 41.228 54.631 0.010 61.585 1.000 20.000 48.790 
0.598 0.623 54.657 69.466 0.010 100.000 1.000 30.000 71.689 
0.598 0.623 69.529 87.365 0.010 100.000 1.000 30.000 88.418 
0.598 0.623 87.471 113.452 0.010 100.000 1.000 50.000 115.009 
0.598 0.623 113.707 155.597 0.010 100.000 1.000 70.000 157.143 
0.598 0.623 155.883 215.328 0.010 100.000 2.000 100.000 213.274 
0.598 0.623 215.618 299.788 0.010 100.000 3.000 100.000 285.438 
0.598 0.623 300.706 405.787 0.010 100.000 3.000 100.000 419.567 
0.598 0.623 406.009 524.040 0.010 100.000 4.000 200.000 529.306 
0.598 0.623 526.274 660.866 0.010 100.000 5.000 300.000 605.681 
0.598 0.623 661.067 827.445 0.010 100.000 8.000 300.000 758.293 
0.598 0.623 831.090 1055.998 0.010 100.000 8.000 400.000 1071.743 
0.598 0.623 1059.801 1432.387 0.010 100.000 10.000 700.000 1405.537 
0.598 0.623 1435.616 1996.563 0.010 100.000 20.000 1000.000 1868.866 
0.598 0.623 2001.502 2816.469 0.010 100.000 20.000 1000.000 2661.469 
0.598 0.623 2822.468 3835.943 0.010 100.000 30.000 1000.000 3719.927 
0.598 0.623 3838.130 4998.286 0.010 100.000 40.000 1000.000 4542.257 
0.623 0.655 2.354 17.205 0.010 37.927 1.000 7.000 11.942 
0.623 0.655 17.229 29.136 0.010 37.927 1.000 10.000 26.164 
0.623 0.655 29.165 41.843 0.010 37.927 1.000 10.000 42.345 
0.623 0.655 41.898 55.049 0.010 37.927 1.000 20.000 55.579 
0.623 0.655 55.199 69.510 0.010 100.000 1.000 20.000 71.683 
0.623 0.654 69.722 87.200 0.010 100.000 1.000 30.000 81.003 
0.623 0.655 87.403 112.798 0.010 100.000 1.000 30.000 110.328 
0.623 0.655 113.038 154.817 0.010 100.000 1.000 50.000 146.846 
0.623 0.655 155.099 216.733 0.010 100.000 2.000 100.000 202.821 
0.623 0.655 216.878 305.843 0.010 100.000 2.000 100.000 288.791 
0.623 0.655 305.948 413.982 0.010 100.000 4.000 200.000 357.021 
0.623 0.655 415.155 531.709 0.010 100.000 5.000 200.000 536.717 
0.623 0.655 531.925 671.110 0.010 100.000 6.000 200.000 709.583 
0.623 0.655 671.542 837.977 0.010 100.000 9.000 200.000 754.793 
0.623 0.655 839.126 1069.716 0.010 100.000 8.000 400.000 945.233 
0.623 0.655 1073.324 1448.921 0.010 100.000 20.000 500.000 1449.318 
0.623 0.655 1450.103 2024.613 0.010 100.000 20.000 800.000 1677.250 
0.623 0.654 2025.326 2822.134 0.010 100.000 20.000 1000.000 2870.784 
0.623 0.654 2837.003 3859.341 0.010 100.000 30.000 1000.000 3892.176 
0.623 0.655 3865.808 4994.538 0.010 100.000 40.000 1000.000 4880.335 
0.655 0.701 2.843 17.416 0.010 37.927 1.000 9.000 13.152 
0.655 0.701 17.417 29.327 0.010 37.927 1.000 10.000 27.487 
0.655 0.700 29.337 41.745 0.010 37.927 1.000 20.000 40.845 
0.655 0.700 41.829 54.838 0.010 61.585 1.000 20.000 52.802 
0.655 0.701 54.921 69.747 0.010 100.000 1.000 20.000 62.586 
0.655 0.700 69.835 87.167 0.010 100.000 1.000 30.000 80.002 
0.655 0.701 87.190 113.283 0.010 100.000 1.000 30.000 113.364 
0.655 0.700 113.445 155.441 0.010 100.000 1.000 80.000 129.795 
0.655 0.701 155.723 216.943 0.010 100.000 2.000 70.000 196.738 
0.655 0.701 217.280 307.761 0.010 100.000 2.000 90.000 279.976 
0.655 0.701 308.106 415.349 0.010 100.000 4.000 100.000 393.971 
0.655 0.701 416.128 533.578 0.010 100.000 4.000 100.000 470.855 
0.655 0.700 534.448 669.884 0.010 100.000 6.000 200.000 674.508 
0.655 0.701 670.214 829.071 0.010 100.000 6.000 300.000 755.218 
0.655 0.701 830.064 1051.507 0.010 100.000 8.000 400.000 1064.241 
0.655 0.701 1052.363 1422.701 0.010 100.000 20.000 400.000 1323.371 
0.655 0.701 1424.957 1999.778 0.010 100.000 20.000 700.000 1918.748 
0.655 0.701 2000.128 2821.282 0.010 100.000 20.000 900.000 2517.592 
0.655 0.701 2829.473 3842.648 0.010 100.000 30.000 1000.000 3850.229 
0.655 0.701 3851.777 4999.591 0.010 100.000 60.000 1000.000 5056.224 
0.701 0.934 2.463 17.499 0.010 14.384 1.000 8.000 9.989 
0.701 0.893 17.594 29.454 0.010 14.384 1.000 9.000 25.102 
0.701 0.963 29.527 42.048 0.010 37.927 1.000 10.000 40.860 
0.701 0.902 42.075 54.689 0.010 37.927 1.000 20.000 51.611 
0.701 0.878 54.721 68.835 0.010 100.000 1.000 20.000 66.102 
0.701 0.872 68.880 86.428 0.010 100.000 1.000 30.000 88.058 
0.701 0.917 86.642 110.477 0.010 100.000 1.000 20.000 109.280 
0.701 0.922 110.814 153.253 0.010 100.000 2.000 50.000 134.577 
0.701 0.906 153.729 215.162 0.010 100.000 2.000 80.000 187.814 
0.701 0.900 215.304 302.866 0.010 100.000 2.000 100.000 271.559 
0.701 0.942 303.430 409.832 0.010 100.000 4.000 100.000 405.273 
0.701 0.905 411.062 528.130 0.010 100.000 4.000 200.000 534.619 
0.701 0.913 528.300 657.398 0.010 100.000 5.000 200.000 706.217 
0.701 0.920 657.560 816.583 0.010 100.000 7.000 400.000 782.576 
0.701 0.893 818.022 1042.743 0.010 100.000 9.000 400.000 968.421 
0.701 0.942 1043.921 1417.013 0.010 100.000 10.000 600.000 1251.938 
0.701 0.902 1429.568 1983.180 0.010 100.000 20.000 600.000 1787.863 
0.701 0.936 1985.283 2810.281 0.010 100.000 20.000 800.000 2440.983 
0.701 0.899 2825.164 3877.064 0.010 100.000 30.000 1000.000 3883.434 
0.701 0.932 3877.534 4999.052 0.010 100.000 40.000 1000.000 5094.029 
