Agg-Agg collection from the database for the random orientation. 
Characteristic values taken from the peak of a fitted 
gamma distribution from 300 aggregates.  10 even count agg aspect 
ratio bins are produced from values 0.01 to the closest value to 1.0 
and the closest value to 1.0 to 100.0 
0.008, 0.208, 1.94, 12.56, -0.2338 
0.008, 0.208, 12.56, 21.67, -0.6055 
0.008, 0.208, 21.67, 31.17, -0.6702 
0.008, 0.208, 31.17, 41.18, -0.3397 
0.008, 0.208, 41.18, 51.57, -0.1273 
0.008, 0.208, 51.57, 62.48, -0.5909 
0.008, 0.208, 62.48, 74.77, -0.2863 
0.008, 0.208, 74.77, 94.74, -0.2526 
0.008, 0.208, 94.74, 165.29, -0.1297 
0.008, 0.208, 165.29, 254.51, -0.5055 
0.008, 0.208, 254.51, 351.28, -0.8266 
0.008, 0.208, 351.28, 454.52, -0.2889 
0.008, 0.208, 454.52, 566.14, -0.3210 
0.008, 0.208, 566.14, 702.53, -0.3201 
0.008, 0.208, 702.53, 923.98, -0.2789 
0.008, 0.208, 923.98, 1771.26, -0.1440 
0.008, 0.208, 1771.26, 2470.77, -0.1212 
0.008, 0.208, 2470.77, 3199.77, -0.2534 
0.008, 0.208, 3199.77, 4068.02, -0.1273 
0.008, 0.208, 4068.02, 4999.91, -0.1324 
0.208, 0.261, 1.98, 12.64, -0.1354 
0.208, 0.261, 12.64, 22.06, -0.1541 
0.208, 0.261, 22.06, 31.25, -0.1269 
0.208, 0.261, 31.25, 40.79, -0.2970 
0.208, 0.261, 40.79, 50.90, -0.1077 
0.208, 0.261, 50.90, 62.66, -0.1134 
0.208, 0.261, 62.66, 76.62, -0.1019 
0.208, 0.261, 76.62, 99.05, -0.2616 
0.208, 0.261, 99.05, 156.40, -0.0935 
0.208, 0.261, 156.40, 233.08, -0.1205 
0.208, 0.261, 233.08, 328.36, -0.1271 
0.208, 0.261, 328.36, 432.47, -0.3335 
0.208, 0.261, 432.47, 549.23, -0.2555 
0.208, 0.261, 549.23, 692.39, -0.1210 
0.208, 0.261, 692.39, 910.29, -0.2434 
0.208, 0.261, 910.29, 1612.23, -0.3257 
0.208, 0.261, 1612.23, 2422.20, -0.1028 
0.208, 0.261, 2422.20, 3210.00, -0.1032 
0.208, 0.261, 3210.00, 4027.36, -0.1066 
0.208, 0.261, 4027.36, 4999.94, -0.1220 
0.261, 0.311, 1.94, 13.01, -0.1265 
0.261, 0.311, 13.01, 22.51, -0.1337 
0.261, 0.311, 22.51, 31.97, -0.2680 
0.261, 0.311, 31.97, 42.38, -0.2865 
0.261, 0.311, 42.38, 54.18, -0.1008 
0.261, 0.311, 54.18, 67.43, -0.1047 
0.261, 0.311, 67.43, 84.54, -0.2603 
0.261, 0.311, 84.54, 114.09, -0.2517 
0.261, 0.311, 114.09, 169.93, -0.0809 
0.261, 0.311, 169.93, 248.23, -0.1233 
0.261, 0.311, 248.23, 345.82, -0.1164 
0.261, 0.311, 345.82, 455.73, -0.1136 
0.261, 0.311, 455.73, 577.46, -0.1294 
0.261, 0.311, 577.46, 728.23, -0.1415 
0.261, 0.311, 728.23, 939.66, -0.2440 
0.261, 0.311, 939.66, 1461.85, -0.0911 
0.261, 0.311, 1461.85, 2241.05, -0.3440 
0.261, 0.311, 2241.05, 3116.33, -0.2834 
0.261, 0.311, 3116.33, 4020.92, -0.1059 
0.261, 0.311, 4020.92, 4999.82, -0.1075 
0.311, 0.362, 1.92, 13.21, -0.1435 
0.311, 0.362, 13.21, 22.55, -0.1251 
0.311, 0.362, 22.55, 32.05, -0.1168 
0.311, 0.362, 32.05, 42.63, -0.2893 
0.311, 0.362, 42.63, 54.78, -0.1119 
0.311, 0.362, 54.78, 69.70, -0.1171 
0.311, 0.362, 69.70, 89.05, -0.0965 
0.311, 0.362, 89.05, 119.24, -0.2233 
0.311, 0.362, 119.24, 170.07, -0.0968 
0.311, 0.362, 170.07, 248.19, -0.1156 
0.311, 0.362, 248.19, 348.59, -0.3300 
0.311, 0.362, 348.59, 465.63, -0.1177 
0.311, 0.362, 465.63, 598.77, -0.1157 
0.311, 0.362, 598.77, 756.12, -0.0908 
0.311, 0.362, 756.12, 956.90, -0.1017 
0.311, 0.362, 956.90, 1320.28, -0.0930 
0.311, 0.362, 1320.28, 1991.22, -0.2541 
0.311, 0.362, 1991.22, 2870.45, -0.2866 
0.311, 0.362, 2870.45, 3894.61, -0.0890 
0.311, 0.362, 3894.61, 4999.98, -0.1063 
0.362, 0.415, 1.94, 14.66, -0.2329 
0.362, 0.415, 14.66, 24.73, -0.0873 
0.362, 0.415, 24.73, 35.61, -0.0888 
0.362, 0.415, 35.61, 47.79, -0.1082 
0.362, 0.415, 47.79, 61.79, -0.2617 
0.362, 0.415, 61.79, 78.71, -0.0759 
0.362, 0.415, 78.71, 100.37, -0.0772 
0.362, 0.415, 100.37, 133.68, -0.1113 
0.362, 0.415, 133.68, 186.55, -0.2096 
0.362, 0.415, 186.55, 264.66, -0.0866 
0.362, 0.415, 264.66, 369.43, -0.3021 
0.362, 0.415, 369.43, 490.55, -0.2554 
0.362, 0.415, 490.55, 634.59, -0.2189 
0.362, 0.415, 634.59, 803.30, -0.1022 
0.362, 0.415, 803.30, 1024.42, -0.2344 
0.362, 0.415, 1024.42, 1365.06, -0.2255 
0.362, 0.415, 1365.06, 1901.50, -0.2347 
0.362, 0.415, 1901.50, 2687.40, -0.2180 
0.362, 0.415, 2687.40, 3749.43, -0.2519 
0.362, 0.415, 3749.43, 4999.94, -0.0941 
0.415, 0.469, 1.94, 16.51, -0.1146 
0.415, 0.469, 16.51, 27.49, -0.0706 
0.415, 0.469, 27.49, 39.63, -0.0671 
0.415, 0.469, 39.63, 53.04, -0.0736 
0.415, 0.469, 53.04, 69.12, -0.2704 
0.415, 0.469, 69.12, 88.22, -0.2421 
0.415, 0.469, 88.22, 112.58, -0.0563 
0.415, 0.469, 112.58, 147.75, -0.0794 
0.415, 0.469, 147.75, 200.90, -0.2524 
0.415, 0.469, 200.90, 280.12, -0.0846 
0.415, 0.469, 280.12, 392.37, -0.0746 
0.415, 0.469, 392.37, 532.03, -0.2720 
0.415, 0.469, 532.03, 695.58, -0.2264 
0.415, 0.469, 695.58, 887.58, -0.0871 
0.415, 0.469, 887.58, 1120.35, -0.0746 
0.415, 0.469, 1120.35, 1437.05, -0.2076 
0.415, 0.469, 1437.05, 1903.30, -0.2035 
0.415, 0.469, 1903.30, 2599.97, -0.2449 
0.415, 0.469, 2599.97, 3632.46, -0.2610 
0.415, 0.469, 3632.46, 4999.92, -0.0732 
0.469, 0.521, 1.97, 19.42, -0.3485 
0.469, 0.521, 19.42, 32.09, -0.2682 
0.469, 0.521, 32.09, 46.16, -0.0960 
0.469, 0.521, 46.16, 61.71, -0.2221 
0.469, 0.521, 61.71, 79.97, -0.1918 
0.469, 0.521, 79.97, 101.83, -0.0768 
0.469, 0.521, 101.83, 130.24, -0.0544 
0.469, 0.521, 130.24, 168.44, -0.1641 
0.469, 0.521, 168.44, 227.34, -0.2029 
0.469, 0.521, 227.34, 314.04, -0.2546 
0.469, 0.521, 314.04, 433.23, -0.0727 
0.469, 0.521, 433.23, 585.36, -0.0621 
0.469, 0.521, 585.36, 768.08, -0.0815 
0.469, 0.521, 768.08, 976.39, -0.2095 
0.469, 0.521, 976.39, 1226.93, -0.0588 
0.469, 0.521, 1226.93, 1547.59, -0.2400 
0.469, 0.521, 1547.59, 1973.06, -0.2199 
0.469, 0.521, 1973.06, 2600.65, -0.1440 
0.469, 0.521, 2600.65, 3554.02, -0.0664 
0.469, 0.521, 3554.02, 4999.96, -0.0679 
0.521, 0.578, 2.01, 22.67, -0.2313 
0.521, 0.578, 22.67, 37.84, -0.2031 
0.521, 0.578, 37.84, 54.13, -0.2031 
0.521, 0.578, 54.13, 73.04, -0.0508 
0.521, 0.578, 73.04, 94.26, -0.1425 
0.521, 0.578, 94.26, 119.38, -0.1830 
0.521, 0.578, 119.38, 150.87, -0.0495 
0.521, 0.578, 150.87, 193.94, -0.1804 
0.521, 0.578, 193.94, 254.99, -0.0480 
0.521, 0.578, 254.99, 342.04, -0.0600 
0.521, 0.578, 342.04, 475.26, -0.1793 
0.521, 0.578, 475.26, 652.29, -0.2363 
0.521, 0.578, 652.29, 851.48, -0.0521 
0.521, 0.578, 851.48, 1082.42, -0.0484 
0.521, 0.578, 1082.42, 1348.29, -0.0702 
0.521, 0.578, 1348.29, 1682.92, -0.0461 
0.521, 0.578, 1682.92, 2115.88, -0.0510 
0.521, 0.578, 2115.88, 2697.89, -0.1830 
0.521, 0.578, 2697.89, 3578.79, -0.0367 
0.521, 0.578, 3578.79, 4999.97, -0.0673 
0.578, 0.649, 2.00, 26.08, -0.2528 
0.578, 0.649, 26.08, 43.19, -0.0675 
0.578, 0.649, 43.19, 62.57, -0.1806 
0.578, 0.649, 62.57, 85.81, -0.0565 
0.578, 0.649, 85.81, 111.41, -0.1617 
0.578, 0.649, 111.41, 141.39, -0.1436 
0.578, 0.649, 141.39, 180.07, -0.0398 
0.578, 0.649, 180.07, 229.29, -0.0424 
0.578, 0.649, 229.29, 296.54, -0.0665 
0.578, 0.649, 296.54, 396.28, -0.0497 
0.578, 0.649, 396.28, 546.61, -0.0666 
0.578, 0.649, 546.61, 745.86, -0.2100 
0.578, 0.649, 745.86, 968.99, -0.1768 
0.578, 0.649, 968.99, 1218.40, -0.0451 
0.578, 0.649, 1218.40, 1513.91, -0.0644 
0.578, 0.649, 1513.91, 1865.32, -0.1099 
0.578, 0.649, 1865.32, 2292.85, -0.0323 
0.578, 0.649, 2292.85, 2857.54, -0.1346 
0.578, 0.649, 2857.54, 3671.82, -0.1220 
0.578, 0.649, 3671.82, 4999.78, -0.2169 
0.649, 0.971, 2.24, 31.97, -0.2792 
0.649, 0.971, 31.97, 52.45, -0.1858 
0.649, 0.971, 52.45, 76.71, -0.0526 
0.649, 0.971, 76.71, 103.48, -0.0305 
0.649, 0.971, 103.48, 132.04, -0.1050 
0.649, 0.971, 132.04, 167.51, -0.0319 
0.649, 0.971, 167.51, 208.93, -0.0303 
0.649, 0.971, 208.93, 260.36, -0.0276 
0.649, 0.971, 260.36, 332.85, -0.0366 
0.649, 0.971, 332.85, 439.26, -0.2212 
0.649, 0.971, 439.26, 609.45, -0.1825 
0.649, 0.971, 609.45, 834.23, -0.0472 
0.649, 0.971, 834.23, 1068.57, -0.0329 
0.649, 0.971, 1068.57, 1315.61, -0.0436 
0.649, 0.971, 1315.61, 1632.43, -0.1222 
0.649, 0.971, 1632.43, 1982.89, -0.0373 
0.649, 0.971, 1982.89, 2417.99, -0.0989 
0.649, 0.971, 2417.99, 2968.76, -0.1254 
0.649, 0.971, 2968.76, 3730.49, -0.0405 
0.649, 0.971, 3730.49, 4999.93, -0.0266 
1.049, 2.112, 1.86, 12.11, -0.0104 
1.049, 2.112, 12.11, 20.49, -0.0605 
1.049, 2.112, 20.49, 29.91, -0.1253 
1.049, 2.112, 29.91, 41.01, -0.0082 
1.049, 2.112, 41.01, 54.41, -0.0182 
1.049, 2.112, 54.41, 72.26, -0.0159 
1.049, 2.112, 72.26, 97.97, -0.0175 
1.049, 2.112, 97.97, 131.56, -0.0497 
1.049, 2.112, 131.56, 177.68, -0.0262 
1.049, 2.112, 177.68, 236.20, -0.0221 
1.049, 2.112, 236.20, 305.16, -0.0426 
1.049, 2.112, 305.16, 391.49, -0.0648 
1.049, 2.112, 391.49, 503.30, -0.0423 
1.049, 2.112, 503.30, 673.39, -0.0162 
1.049, 2.112, 673.39, 939.41, -0.1245 
1.049, 2.112, 939.41, 1388.75, -0.1087 
1.049, 2.112, 1388.75, 2075.43, -0.1124 
1.049, 2.112, 2075.43, 2969.05, -0.1048 
1.049, 2.112, 2969.05, 3905.42, -0.1263 
1.049, 2.112, 3905.42, 5000.00, -0.0344 
2.112, 2.512, 1.96, 12.27, -0.1204 
2.112, 2.512, 12.27, 20.36, -0.0148 
2.112, 2.512, 20.36, 29.84, -0.0813 
2.112, 2.512, 29.84, 40.90, -0.1564 
2.112, 2.512, 40.90, 53.85, -0.1002 
2.112, 2.512, 53.85, 69.76, -0.0297 
2.112, 2.512, 69.76, 90.04, -0.1394 
2.112, 2.512, 90.04, 117.00, -0.0353 
2.112, 2.512, 117.00, 157.96, -0.1020 
2.112, 2.512, 157.96, 223.71, -0.0239 
2.112, 2.512, 223.71, 312.49, -0.0103 
2.112, 2.512, 312.49, 419.38, -0.0580 
2.112, 2.512, 419.38, 548.98, -0.0561 
2.112, 2.512, 548.98, 722.65, -0.0903 
2.112, 2.512, 722.65, 954.50, -0.0949 
2.112, 2.512, 954.50, 1280.10, -0.1582 
2.112, 2.512, 1280.10, 1813.22, -0.1093 
2.112, 2.512, 1813.22, 2659.43, -0.1532 
2.112, 2.512, 2659.43, 3701.58, -0.1128 
2.112, 2.512, 3701.58, 4999.95, -0.1049 
2.512, 2.845, 2.02, 12.83, -0.1337 
2.512, 2.845, 12.83, 21.64, -0.0169 
2.512, 2.845, 21.64, 31.69, -0.2652 
2.512, 2.845, 31.69, 43.21, -0.0162 
2.512, 2.845, 43.21, 56.37, -0.1038 
2.512, 2.845, 56.37, 72.63, -0.0163 
2.512, 2.845, 72.63, 93.39, -0.0815 
2.512, 2.845, 93.39, 122.80, -0.0146 
2.512, 2.845, 122.80, 171.81, -0.0930 
2.512, 2.845, 171.81, 249.48, -0.1313 
2.512, 2.845, 249.48, 347.64, -0.0111 
2.512, 2.845, 347.64, 458.63, -0.0632 
2.512, 2.845, 458.63, 591.80, -0.0068 
2.512, 2.845, 591.80, 757.67, -0.0586 
2.512, 2.845, 757.67, 969.83, -0.0152 
2.512, 2.845, 969.83, 1280.74, -0.1058 
2.512, 2.845, 1280.74, 1791.33, -0.0181 
2.512, 2.845, 1791.33, 2605.60, -0.1119 
2.512, 2.845, 2605.60, 3709.94, -0.0282 
2.512, 2.845, 3709.94, 4999.87, -0.0278 
2.845, 3.158, 2.01, 13.60, -0.1231 
2.845, 3.158, 13.60, 22.55, -0.0862 
2.845, 3.158, 22.55, 32.80, -0.0460 
2.845, 3.158, 32.80, 44.18, -0.2162 
2.845, 3.158, 44.18, 57.30, -0.0143 
2.845, 3.158, 57.30, 73.15, -0.1480 
2.845, 3.158, 73.15, 93.64, -0.0164 
2.845, 3.158, 93.64, 123.51, -0.0191 
2.845, 3.158, 123.51, 175.98, -0.0896 
2.845, 3.158, 175.98, 259.40, -0.0129 
2.845, 3.158, 259.40, 357.96, -0.0683 
2.845, 3.158, 357.96, 467.16, -0.0090 
2.845, 3.158, 467.16, 596.43, -0.0482 
2.845, 3.158, 596.43, 753.85, -0.0188 
2.845, 3.158, 753.85, 958.74, -0.0061 
2.845, 3.158, 958.74, 1256.94, -0.0273 
2.845, 3.158, 1256.94, 1758.20, -0.2155 
2.845, 3.158, 1758.20, 2621.04, -0.0360 
2.845, 3.158, 2621.04, 3736.72, -0.0308 
2.845, 3.158, 3736.72, 4999.98, -0.1085 
3.158, 3.475, 2.03, 13.72, -0.1253 
3.158, 3.475, 13.72, 22.69, -0.0763 
3.158, 3.475, 22.69, 32.69, -0.0352 
3.158, 3.475, 32.69, 43.85, -0.0279 
3.158, 3.475, 43.85, 56.43, -0.1837 
3.158, 3.475, 56.43, 71.57, -0.1487 
3.158, 3.475, 71.57, 90.77, -0.1099 
3.158, 3.475, 90.77, 120.97, -0.0251 
3.158, 3.475, 120.97, 177.14, -0.0242 
3.158, 3.475, 177.14, 262.59, -0.0209 
3.158, 3.475, 262.59, 361.39, -0.0822 
3.158, 3.475, 361.39, 467.09, -0.0174 
3.158, 3.475, 467.09, 590.88, -0.0750 
3.158, 3.475, 590.88, 741.21, -0.0157 
3.158, 3.475, 741.21, 936.72, -0.0171 
3.158, 3.475, 936.72, 1226.24, -0.2519 
3.158, 3.475, 1226.24, 1725.28, -0.1291 
3.158, 3.475, 1725.28, 2593.48, -0.0279 
3.158, 3.475, 2593.48, 3730.24, -0.1812 
3.158, 3.475, 3730.24, 4999.83, -0.0179 
3.475, 3.827, 2.06, 13.61, -0.0367 
3.475, 3.827, 13.61, 22.65, -0.1275 
3.475, 3.827, 22.65, 32.43, -0.0225 
3.475, 3.827, 32.43, 42.96, -0.1091 
3.475, 3.827, 42.96, 54.89, -0.1235 
3.475, 3.827, 54.89, 69.21, -0.0931 
3.475, 3.827, 69.21, 87.81, -0.0239 
3.475, 3.827, 87.81, 117.96, -0.0213 
3.475, 3.827, 117.96, 174.99, -0.0886 
3.475, 3.827, 174.99, 262.26, -0.0896 
3.475, 3.827, 262.26, 357.83, -0.1012 
3.475, 3.827, 357.83, 462.08, -0.0160 
3.475, 3.827, 462.08, 582.07, -0.0181 
3.475, 3.827, 582.07, 721.19, -0.0164 
3.475, 3.827, 721.19, 904.99, -0.1028 
3.475, 3.827, 904.99, 1193.59, -0.1778 
3.475, 3.827, 1193.59, 1705.78, -0.1541 
3.475, 3.827, 1705.78, 2623.14, -0.1229 
3.475, 3.827, 2623.14, 3748.97, -0.1549 
3.475, 3.827, 3748.97, 4999.99, -0.0800 
3.827, 4.238, 1.91, 13.78, -0.1044 
3.827, 4.238, 13.78, 22.89, -0.0848 
3.827, 4.238, 22.89, 32.57, -0.1027 
3.827, 4.238, 32.57, 43.11, -0.0327 
3.827, 4.238, 43.11, 55.10, -0.0277 
3.827, 4.238, 55.10, 68.93, -0.0248 
3.827, 4.238, 68.93, 87.50, -0.0384 
3.827, 4.238, 87.50, 121.26, -0.1075 
3.827, 4.238, 121.26, 184.15, -0.1046 
3.827, 4.238, 184.15, 272.67, -0.0969 
3.827, 4.238, 272.67, 367.62, -0.0945 
3.827, 4.238, 367.62, 470.56, -0.0867 
3.827, 4.238, 470.56, 587.04, -0.0651 
3.827, 4.238, 587.04, 722.76, -0.0731 
3.827, 4.238, 722.76, 901.25, -0.0571 
3.827, 4.238, 901.25, 1199.96, -0.1023 
3.827, 4.238, 1199.96, 1751.57, -0.1329 
3.827, 4.238, 1751.57, 2733.39, -0.1519 
3.827, 4.238, 2733.39, 3819.71, -0.0390 
3.827, 4.238, 3819.71, 4999.95, -0.0784 
4.238, 4.759, 1.50, 13.34, -0.0469 
4.238, 4.759, 13.34, 21.94, -0.1147 
4.238, 4.759, 21.94, 31.08, -0.1090 
4.238, 4.759, 31.08, 40.69, -0.1584 
4.238, 4.759, 40.69, 51.43, -0.1407 
4.238, 4.759, 51.43, 64.49, -0.0270 
4.238, 4.759, 64.49, 81.80, -0.1453 
4.238, 4.759, 81.80, 111.73, -0.0313 
4.238, 4.759, 111.73, 174.24, -0.0935 
4.238, 4.759, 174.24, 264.18, -0.1124 
4.238, 4.759, 264.18, 358.20, -0.0949 
4.238, 4.759, 358.20, 458.73, -0.0986 
4.238, 4.759, 458.73, 570.33, -0.0956 
4.238, 4.759, 570.33, 697.95, -0.0597 
4.238, 4.759, 697.95, 866.47, -0.0681 
4.238, 4.759, 866.47, 1169.68, -0.0112 
4.238, 4.759, 1169.68, 1760.64, -0.0327 
4.238, 4.759, 1760.64, 2810.52, -0.1602 
4.238, 4.759, 2810.52, 3901.52, -0.1389 
4.238, 4.759, 3901.52, 4999.96, -0.1048 
4.759, 5.550, 1.72, 13.26, -0.0453 
4.759, 5.550, 13.26, 22.08, -0.1178 
4.759, 5.550, 22.08, 31.20, -0.1278 
4.759, 5.550, 31.20, 40.57, -0.0355 
4.759, 5.550, 40.57, 50.77, -0.1180 
4.759, 5.550, 50.77, 62.72, -0.1213 
4.759, 5.550, 62.72, 78.47, -0.1176 
4.759, 5.550, 78.47, 109.50, -0.1311 
4.759, 5.550, 109.50, 179.47, -0.1416 
4.759, 5.550, 179.47, 271.60, -0.1206 
4.759, 5.550, 271.60, 366.80, -0.0438 
4.759, 5.550, 366.80, 465.63, -0.1132 
4.759, 5.550, 465.63, 571.49, -0.1059 
4.759, 5.550, 571.49, 691.70, -0.1536 
4.759, 5.550, 691.70, 846.36, -0.1184 
4.759, 5.550, 846.36, 1127.04, -0.0187 
4.759, 5.550, 1127.04, 1730.04, -0.0306 
4.759, 5.550, 1730.04, 2860.66, -0.0633 
4.759, 5.550, 2860.66, 3936.95, -0.1417 
4.759, 5.550, 3936.95, 4999.94, -0.1118 
5.550, 126.725, 1.53, 12.72, -0.1528 
5.550, 126.725, 12.72, 21.31, -0.0459 
5.550, 126.725, 21.31, 30.06, -0.0408 
5.550, 126.725, 30.06, 38.94, -0.0475 
5.550, 126.725, 38.94, 48.45, -0.1377 
5.550, 126.725, 48.45, 59.27, -0.1228 
5.550, 126.725, 59.27, 73.67, -0.0449 
5.550, 126.725, 73.67, 103.86, -0.1367 
5.550, 126.725, 103.86, 184.39, -0.1504 
5.550, 126.725, 184.39, 279.37, -0.0449 
5.550, 126.725, 279.37, 369.30, -0.1311 
5.550, 126.725, 369.30, 458.88, -0.0467 
5.550, 126.725, 458.88, 553.38, -0.0431 
5.550, 126.725, 553.38, 658.92, -0.1033 
5.550, 126.725, 658.92, 789.52, -0.1137 
5.550, 126.725, 789.52, 1047.35, -0.0663 
5.550, 126.725, 1047.35, 1762.71, -0.0382 
5.550, 126.725, 1762.71, 3021.61, -0.1546 
5.550, 126.725, 3021.61, 4043.39, -0.1371 
5.550, 126.725, 4043.39, 4999.89, -0.1192 
