0.008, 0.215, 1.54, 8.83, 37.09 
0.008, 0.215, 8.83, 15.22, 70.52 
0.008, 0.215, 15.22, 21.87, 115.26 
0.008, 0.215, 21.87, 30.39, 144.71 
0.008, 0.215, 30.39, 40.59, 179.69 
0.008, 0.215, 40.59, 51.04, 252.29 
0.008, 0.215, 51.04, 64.73, 353.18 
0.008, 0.215, 64.73, 87.20, 390.74 
0.008, 0.215, 87.20, 150.41, 655.81 
0.008, 0.215, 150.41, 213.98, 949.82 
0.008, 0.215, 213.98, 296.66, 1269.43 
0.008, 0.215, 296.66, 393.25, 1724.68 
0.008, 0.215, 393.25, 489.03, 2525.63 
0.008, 0.215, 489.03, 602.24, 3025.36 
0.008, 0.215, 602.24, 747.97, 3212.36 
0.008, 0.215, 747.97, 1000.37, 5435.77 
0.008, 0.215, 1000.37, 1741.32, 6863.32 
0.008, 0.215, 1741.32, 2806.13, 12118.58 
0.008, 0.215, 2806.13, 3942.71, 18392.08 
0.008, 0.215, 3942.71, 4999.91, 20646.28 
0.215, 0.273, 1.56, 10.65, 28.14 
0.215, 0.273, 10.65, 18.69, 60.55 
0.215, 0.273, 18.69, 26.71, 93.29 
0.215, 0.273, 26.71, 35.06, 115.79 
0.215, 0.273, 35.06, 44.28, 149.41 
0.215, 0.273, 44.28, 54.95, 181.89 
0.215, 0.273, 54.95, 68.44, 265.28 
0.215, 0.273, 68.44, 92.32, 339.51 
0.215, 0.273, 92.32, 159.68, 487.69 
0.215, 0.273, 159.68, 235.02, 743.91 
0.215, 0.273, 235.02, 318.49, 1032.90 
0.215, 0.273, 318.49, 408.25, 1316.85 
0.215, 0.273, 408.25, 505.06, 1709.29 
0.215, 0.273, 505.06, 615.78, 2239.84 
0.215, 0.273, 615.78, 755.87, 2910.61 
0.215, 0.273, 755.87, 999.84, 4385.95 
0.215, 0.273, 999.84, 1798.16, 4964.66 
0.215, 0.273, 1798.16, 3009.46, 8391.95 
0.215, 0.273, 3009.46, 3988.82, 12026.20 
0.215, 0.273, 3988.82, 4999.94, 16341.22 
0.273, 0.327, 1.58, 11.56, 26.64 
0.273, 0.327, 11.56, 19.75, 50.00 
0.273, 0.327, 19.75, 28.37, 75.31 
0.273, 0.327, 28.37, 37.87, 111.47 
0.273, 0.327, 37.87, 48.79, 147.70 
0.273, 0.327, 48.79, 62.34, 194.32 
0.273, 0.327, 62.34, 80.13, 249.24 
0.273, 0.327, 80.13, 112.52, 329.67 
0.273, 0.327, 112.52, 177.53, 495.31 
0.273, 0.327, 177.53, 255.74, 691.66 
0.273, 0.327, 255.74, 343.03, 994.73 
0.273, 0.327, 343.03, 438.98, 1285.17 
0.273, 0.327, 438.98, 547.06, 1588.62 
0.273, 0.327, 547.06, 672.94, 2167.75 
0.273, 0.327, 672.94, 831.90, 2412.93 
0.273, 0.327, 831.90, 1087.58, 3406.28 
0.273, 0.327, 1087.58, 1748.11, 4935.51 
0.273, 0.327, 1748.11, 2777.32, 7158.02 
0.273, 0.327, 2777.32, 3923.21, 10436.90 
0.273, 0.327, 3923.21, 4999.82, 14907.01 
0.327, 0.381, 1.61, 12.33, 24.49 
0.327, 0.381, 12.33, 20.94, 56.02 
0.327, 0.381, 20.94, 30.38, 74.38 
0.327, 0.381, 30.38, 40.89, 106.98 
0.327, 0.381, 40.89, 53.06, 156.59 
0.327, 0.381, 53.06, 67.92, 203.96 
0.327, 0.381, 67.92, 88.38, 229.31 
0.327, 0.381, 88.38, 120.57, 336.78 
0.327, 0.381, 120.57, 176.63, 441.74 
0.327, 0.381, 176.63, 253.10, 741.50 
0.327, 0.381, 253.10, 345.76, 919.23 
0.327, 0.381, 345.76, 452.45, 1151.75 
0.327, 0.381, 452.45, 575.16, 1502.35 
0.327, 0.381, 575.16, 717.90, 1969.54 
0.327, 0.381, 717.90, 893.80, 2678.92 
0.327, 0.381, 893.80, 1156.08, 3575.56 
0.327, 0.381, 1156.08, 1672.22, 4548.01 
0.327, 0.381, 1672.22, 2517.61, 6677.05 
0.327, 0.381, 2517.61, 3731.60, 10024.68 
0.327, 0.381, 3731.60, 4999.98, 13457.67 
0.381, 0.436, 1.57, 14.17, 26.64 
0.381, 0.436, 14.17, 24.08, 54.06 
0.381, 0.436, 24.08, 35.17, 81.61 
0.381, 0.436, 35.17, 47.48, 121.74 
0.381, 0.436, 47.48, 62.00, 149.33 
0.381, 0.436, 62.00, 79.49, 204.89 
0.381, 0.436, 79.49, 102.65, 324.98 
0.381, 0.436, 102.65, 138.59, 424.86 
0.381, 0.436, 138.59, 192.53, 511.10 
0.381, 0.436, 192.53, 269.31, 682.72 
0.381, 0.436, 269.31, 370.60, 893.71 
0.381, 0.436, 370.60, 487.29, 1355.34 
0.381, 0.436, 487.29, 630.11, 1554.92 
0.381, 0.436, 630.11, 796.52, 2686.64 
0.381, 0.436, 796.52, 1003.43, 2893.38 
0.381, 0.436, 1003.43, 1296.32, 4086.68 
0.381, 0.436, 1296.32, 1762.02, 4505.71 
0.381, 0.436, 1762.02, 2485.38, 6004.53 
0.381, 0.436, 2485.38, 3617.93, 9781.86 
0.381, 0.436, 3617.93, 4999.92, 11682.31 
0.436, 0.488, 1.57, 16.33, 26.19 
0.436, 0.488, 16.33, 27.85, 61.40 
0.436, 0.488, 27.85, 40.51, 92.95 
0.436, 0.488, 40.51, 55.05, 130.51 
0.436, 0.488, 55.05, 71.89, 179.73 
0.436, 0.488, 71.89, 91.96, 232.46 
0.436, 0.488, 91.96, 118.15, 291.49 
0.436, 0.488, 118.15, 155.47, 403.42 
0.436, 0.488, 155.47, 208.12, 518.01 
0.436, 0.488, 208.12, 287.53, 667.07 
0.436, 0.488, 287.53, 397.02, 1133.15 
0.436, 0.488, 397.02, 535.65, 1349.72 
0.436, 0.488, 535.65, 702.28, 1650.81 
0.436, 0.488, 702.28, 892.75, 2194.97 
0.436, 0.488, 892.75, 1126.23, 2809.37 
0.436, 0.488, 1126.23, 1426.40, 3514.58 
0.436, 0.488, 1426.40, 1844.24, 4846.02 
0.436, 0.488, 1844.24, 2503.17, 6217.92 
0.436, 0.488, 2503.17, 3542.65, 9569.37 
0.436, 0.488, 3542.65, 4999.90, 11859.90 
0.488, 0.541, 1.66, 19.65, 32.63 
0.488, 0.541, 19.65, 33.24, 68.20 
0.488, 0.541, 33.24, 48.37, 117.97 
0.488, 0.541, 48.37, 65.37, 166.29 
0.488, 0.541, 65.37, 84.98, 211.31 
0.488, 0.541, 84.98, 109.41, 262.45 
0.488, 0.541, 109.41, 139.72, 331.71 
0.488, 0.541, 139.72, 181.85, 428.04 
0.488, 0.541, 181.85, 243.78, 589.54 
0.488, 0.541, 243.78, 331.09, 829.88 
0.488, 0.541, 331.09, 452.33, 966.91 
0.488, 0.541, 452.33, 609.01, 1345.78 
0.488, 0.541, 609.01, 795.31, 2036.02 
0.488, 0.541, 795.31, 1006.63, 2403.42 
0.488, 0.541, 1006.63, 1261.15, 3468.77 
0.488, 0.541, 1261.15, 1576.15, 3931.10 
0.488, 0.541, 1576.15, 2002.21, 4631.34 
0.488, 0.541, 2002.21, 2609.47, 7051.35 
0.488, 0.541, 2609.47, 3530.97, 8695.41 
0.488, 0.541, 3530.97, 4999.97, 12588.27 
0.541, 0.599, 1.60, 22.65, 37.91 
0.541, 0.599, 22.65, 38.78, 78.35 
0.541, 0.599, 38.78, 56.02, 117.44 
0.541, 0.599, 56.02, 76.42, 164.09 
0.541, 0.599, 76.42, 99.10, 235.46 
0.541, 0.599, 99.10, 125.50, 297.46 
0.541, 0.599, 125.50, 158.33, 391.58 
0.541, 0.599, 158.33, 201.37, 503.14 
0.541, 0.599, 201.37, 262.43, 624.25 
0.541, 0.599, 262.43, 349.48, 842.79 
0.541, 0.599, 349.48, 485.90, 1111.15 
0.541, 0.599, 485.90, 665.28, 1459.56 
0.541, 0.599, 665.28, 870.64, 1889.22 
0.541, 0.599, 870.64, 1100.35, 2754.12 
0.541, 0.599, 1100.35, 1366.34, 3545.24 
0.541, 0.599, 1366.34, 1703.76, 4208.68 
0.541, 0.599, 1703.76, 2123.63, 5574.52 
0.541, 0.599, 2123.63, 2690.83, 6999.23 
0.541, 0.599, 2690.83, 3551.74, 8297.04 
0.541, 0.599, 3551.74, 4999.92, 11300.51 
0.599, 0.677, 1.75, 26.39, 42.13 
0.599, 0.677, 26.39, 44.36, 96.42 
0.599, 0.677, 44.36, 64.98, 146.41 
0.599, 0.677, 64.98, 89.45, 198.45 
0.599, 0.677, 89.45, 116.16, 264.45 
0.599, 0.677, 116.16, 148.19, 373.31 
0.599, 0.677, 148.19, 187.28, 489.70 
0.599, 0.677, 187.28, 236.94, 554.15 
0.599, 0.677, 236.94, 305.53, 704.64 
0.599, 0.677, 305.53, 404.48, 1176.37 
0.599, 0.677, 404.48, 560.41, 1297.47 
0.599, 0.677, 560.41, 763.22, 1709.01 
0.599, 0.677, 763.22, 992.64, 2103.72 
0.599, 0.677, 992.64, 1245.41, 3122.01 
0.599, 0.677, 1245.41, 1541.00, 4362.03 
0.599, 0.677, 1541.00, 1886.53, 5117.54 
0.599, 0.677, 1886.53, 2318.13, 5760.94 
0.599, 0.677, 2318.13, 2882.23, 6808.86 
0.599, 0.677, 2882.23, 3685.23, 9865.82 
0.599, 0.677, 3685.23, 4999.78, 10996.02 
0.677, 1.721, 1.66, 18.69, 30.84 
0.677, 1.721, 18.69, 33.84, 69.71 
0.677, 1.721, 33.84, 51.55, 106.80 
0.677, 1.721, 51.55, 74.96, 170.58 
0.677, 1.721, 74.96, 103.89, 230.95 
0.677, 1.721, 103.89, 136.27, 328.33 
0.677, 1.721, 136.27, 175.93, 464.87 
0.677, 1.721, 175.93, 222.74, 561.63 
0.677, 1.721, 222.74, 283.70, 687.60 
0.677, 1.721, 283.70, 365.83, 840.32 
0.677, 1.721, 365.83, 484.20, 1129.58 
0.677, 1.721, 484.20, 670.07, 1391.30 
0.677, 1.721, 670.07, 906.56, 1969.06 
0.677, 1.721, 906.56, 1173.53, 2640.59 
0.677, 1.721, 1173.53, 1492.80, 3336.51 
0.677, 1.721, 1492.80, 1874.59, 4310.12 
0.677, 1.721, 1874.59, 2340.21, 4822.48 
0.677, 1.721, 2340.21, 2929.32, 6451.65 
0.677, 1.721, 2929.32, 3725.33, 9235.28 
0.677, 1.721, 3725.33, 4999.93, 11149.15 
1.721, 2.262, 1.55, 9.35, 15.69 
1.721, 2.262, 9.35, 15.47, 32.78 
1.721, 2.262, 15.47, 22.57, 54.83 
1.721, 2.262, 22.57, 31.89, 71.10 
1.721, 2.262, 31.89, 42.82, 106.11 
1.721, 2.262, 42.82, 56.82, 128.17 
1.721, 2.262, 56.82, 75.74, 170.79 
1.721, 2.262, 75.74, 104.19, 251.25 
1.721, 2.262, 104.19, 145.44, 342.86 
1.721, 2.262, 145.44, 202.69, 462.69 
1.721, 2.262, 202.69, 283.63, 627.31 
1.721, 2.262, 283.63, 379.90, 842.46 
1.721, 2.262, 379.90, 500.43, 1112.84 
1.721, 2.262, 500.43, 673.10, 1441.03 
1.721, 2.262, 673.10, 901.76, 1944.54 
1.721, 2.262, 901.76, 1229.48, 2627.96 
1.721, 2.262, 1229.48, 1697.54, 3958.10 
1.721, 2.262, 1697.54, 2466.88, 5336.55 
1.721, 2.262, 2466.88, 3568.11, 7348.84 
1.721, 2.262, 3568.11, 4999.82, 10599.09 
2.262, 2.625, 1.48, 11.52, 19.11 
2.262, 2.625, 11.52, 19.09, 39.51 
2.262, 2.625, 19.09, 28.00, 70.32 
2.262, 2.625, 28.00, 38.77, 89.12 
2.262, 2.625, 38.77, 51.38, 116.68 
2.262, 2.625, 51.38, 66.82, 164.71 
2.262, 2.625, 66.82, 87.27, 237.00 
2.262, 2.625, 87.27, 115.91, 298.25 
2.262, 2.625, 115.91, 158.99, 377.98 
2.262, 2.625, 158.99, 227.41, 571.69 
2.262, 2.625, 227.41, 315.99, 702.75 
2.262, 2.625, 315.99, 418.87, 1084.51 
2.262, 2.625, 418.87, 540.67, 1272.61 
2.262, 2.625, 540.67, 699.58, 1755.30 
2.262, 2.625, 699.58, 904.46, 2316.36 
2.262, 2.625, 904.46, 1186.17, 3753.09 
2.262, 2.625, 1186.17, 1640.94, 4010.73 
2.262, 2.625, 1640.94, 2418.03, 5280.39 
2.262, 2.625, 2418.03, 3596.20, 7692.20 
2.262, 2.625, 3596.20, 4999.95, 11038.33 
2.625, 2.937, 1.32, 12.56, 22.94 
2.625, 2.937, 12.56, 20.89, 46.80 
2.625, 2.937, 20.89, 30.60, 74.00 
2.625, 2.937, 30.60, 41.91, 105.57 
2.625, 2.937, 41.91, 55.09, 145.02 
2.625, 2.937, 55.09, 71.25, 180.51 
2.625, 2.937, 71.25, 92.01, 267.05 
2.625, 2.937, 92.01, 122.89, 309.44 
2.625, 2.937, 122.89, 173.33, 495.11 
2.625, 2.937, 173.33, 251.02, 665.29 
2.625, 2.937, 251.02, 346.16, 1015.93 
2.625, 2.937, 346.16, 452.02, 1196.19 
2.625, 2.937, 452.02, 575.66, 1581.71 
2.625, 2.937, 575.66, 727.07, 1895.03 
2.625, 2.937, 727.07, 919.73, 2574.67 
2.625, 2.937, 919.73, 1194.08, 3094.15 
2.625, 2.937, 1194.08, 1642.93, 4249.05 
2.625, 2.937, 1642.93, 2446.30, 5748.56 
2.625, 2.937, 2446.30, 3650.69, 8234.13 
2.625, 2.937, 3650.69, 4999.98, 11980.32 
2.937, 3.241, 1.56, 13.04, 26.52 
2.937, 3.241, 13.04, 21.52, 50.54 
2.937, 3.241, 21.52, 31.46, 78.30 
2.937, 3.241, 31.46, 42.48, 108.90 
2.937, 3.241, 42.48, 55.23, 167.93 
2.937, 3.241, 55.23, 71.07, 198.58 
2.937, 3.241, 71.07, 91.87, 291.22 
2.937, 3.241, 91.87, 122.70, 338.75 
2.937, 3.241, 122.70, 176.13, 456.22 
2.937, 3.241, 176.13, 257.90, 665.18 
2.937, 3.241, 257.90, 352.93, 980.42 
2.937, 3.241, 352.93, 457.50, 1246.53 
2.937, 3.241, 457.50, 581.02, 1590.52 
2.937, 3.241, 581.02, 730.37, 2097.96 
2.937, 3.241, 730.37, 921.13, 3079.40 
2.937, 3.241, 921.13, 1191.54, 3276.47 
2.937, 3.241, 1191.54, 1654.93, 6227.01 
2.937, 3.241, 1654.93, 2508.82, 6833.36 
2.937, 3.241, 2508.82, 3742.51, 10017.70 
2.937, 3.241, 3742.51, 4999.84, 12960.01 
3.241, 3.549, 1.55, 13.26, 30.39 
3.241, 3.549, 13.26, 21.99, 55.58 
3.241, 3.549, 21.99, 31.68, 84.38 
3.241, 3.549, 31.68, 42.41, 124.86 
3.241, 3.549, 42.41, 54.64, 159.21 
3.241, 3.549, 54.64, 69.72, 210.59 
3.241, 3.549, 69.72, 89.96, 298.57 
3.241, 3.549, 89.96, 121.55, 365.44 
3.241, 3.549, 121.55, 177.67, 519.77 
3.241, 3.549, 177.67, 260.29, 689.28 
3.241, 3.549, 260.29, 354.85, 993.22 
3.241, 3.549, 354.85, 455.92, 1389.95 
3.241, 3.549, 455.92, 573.85, 1765.73 
3.241, 3.549, 573.85, 713.83, 2139.49 
3.241, 3.549, 713.83, 891.59, 2979.78 
3.241, 3.549, 891.59, 1153.35, 3634.62 
3.241, 3.549, 1153.35, 1597.86, 4758.94 
3.241, 3.549, 1597.86, 2467.73, 7363.21 
3.241, 3.549, 2467.73, 3707.54, 9428.61 
3.241, 3.549, 3707.54, 4999.93, 14192.24 
3.549, 3.895, 1.16, 13.22, 29.58 
3.549, 3.895, 13.22, 21.92, 68.44 
3.549, 3.895, 21.92, 31.43, 93.88 
3.549, 3.895, 31.43, 41.85, 121.07 
3.549, 3.895, 41.85, 53.74, 173.00 
3.549, 3.895, 53.74, 68.11, 219.77 
3.549, 3.895, 68.11, 87.81, 350.17 
3.549, 3.895, 87.81, 119.67, 438.59 
3.549, 3.895, 119.67, 176.80, 597.41 
3.549, 3.895, 176.80, 261.86, 780.75 
3.549, 3.895, 261.86, 353.80, 1110.27 
3.549, 3.895, 353.80, 453.69, 1486.97 
3.549, 3.895, 453.69, 567.24, 2027.07 
3.549, 3.895, 567.24, 698.78, 2446.28 
3.549, 3.895, 698.78, 866.14, 2938.11 
3.549, 3.895, 866.14, 1128.32, 3554.51 
3.549, 3.895, 1128.32, 1601.83, 4944.78 
3.549, 3.895, 1601.83, 2559.84, 8521.29 
3.549, 3.895, 2559.84, 3784.46, 10699.33 
3.549, 3.895, 3784.46, 4999.99, 14918.13 
3.895, 4.299, 1.36, 13.45, 32.09 
3.895, 4.299, 13.45, 22.29, 68.21 
3.895, 4.299, 22.29, 31.76, 100.80 
3.895, 4.299, 31.76, 42.02, 140.34 
3.895, 4.299, 42.02, 54.03, 182.81 
3.895, 4.299, 54.03, 68.07, 243.55 
3.895, 4.299, 68.07, 87.84, 320.45 
3.895, 4.299, 87.84, 123.79, 421.03 
3.895, 4.299, 123.79, 186.04, 556.04 
3.895, 4.299, 186.04, 271.96, 826.46 
3.895, 4.299, 271.96, 363.89, 1196.07 
3.895, 4.299, 363.89, 463.30, 1583.53 
3.895, 4.299, 463.30, 575.54, 2147.98 
3.895, 4.299, 575.54, 703.41, 2522.87 
3.895, 4.299, 703.41, 868.52, 3182.65 
3.895, 4.299, 868.52, 1143.22, 4326.13 
3.895, 4.299, 1143.22, 1651.41, 5200.09 
3.895, 4.299, 1651.41, 2692.88, 7844.01 
3.895, 4.299, 2692.88, 3840.29, 12074.37 
3.895, 4.299, 3840.29, 4999.95, 15088.01 
4.299, 4.816, 1.29, 12.90, 34.42 
4.299, 4.816, 12.90, 21.27, 67.38 
4.299, 4.816, 21.27, 30.15, 101.15 
4.299, 4.816, 30.15, 39.62, 144.34 
4.299, 4.816, 39.62, 49.92, 175.83 
4.299, 4.816, 49.92, 62.80, 230.83 
4.299, 4.816, 62.80, 80.62, 321.26 
4.299, 4.816, 80.62, 111.85, 408.00 
4.299, 4.816, 111.85, 173.58, 597.89 
4.299, 4.816, 173.58, 261.04, 814.62 
4.299, 4.816, 261.04, 353.70, 1126.88 
4.299, 4.816, 353.70, 451.57, 1635.62 
4.299, 4.816, 451.57, 559.51, 1948.02 
4.299, 4.816, 559.51, 681.90, 2485.13 
4.299, 4.816, 681.90, 838.76, 2952.64 
4.299, 4.816, 838.76, 1107.50, 4125.48 
4.299, 4.816, 1107.50, 1660.15, 5624.31 
4.299, 4.816, 1660.15, 2801.00, 8264.91 
4.299, 4.816, 2801.00, 3929.82, 12322.09 
4.299, 4.816, 3929.82, 4999.96, 18052.20 
4.816, 5.597, 1.15, 12.90, 37.34 
4.816, 5.597, 12.90, 21.59, 72.72 
4.816, 5.597, 21.59, 30.54, 110.07 
4.816, 5.597, 30.54, 39.82, 161.61 
4.816, 5.597, 39.82, 49.82, 188.29 
4.816, 5.597, 49.82, 61.92, 251.61 
4.816, 5.597, 61.92, 78.46, 335.11 
4.816, 5.597, 78.46, 113.15, 413.61 
4.816, 5.597, 113.15, 183.27, 665.32 
4.816, 5.597, 183.27, 274.55, 955.59 
4.816, 5.597, 274.55, 367.61, 1353.08 
4.816, 5.597, 367.61, 463.49, 1905.00 
4.816, 5.597, 463.49, 565.67, 2572.27 
4.816, 5.597, 565.67, 680.82, 2963.64 
4.816, 5.597, 680.82, 826.77, 2997.66 
4.816, 5.597, 826.77, 1075.00, 4834.64 
4.816, 5.597, 1075.00, 1640.85, 6157.49 
4.816, 5.597, 1640.85, 2864.84, 9809.42 
4.816, 5.597, 2864.84, 3960.21, 15277.22 
4.816, 5.597, 3960.21, 4999.94, 17703.20 
5.597, 27.983, 1.10, 12.13, 44.28 
5.597, 27.983, 12.13, 20.61, 88.40 
5.597, 27.983, 20.61, 29.17, 126.86 
5.597, 27.983, 29.17, 37.89, 170.63 
5.597, 27.983, 37.89, 47.29, 217.28 
5.597, 27.983, 47.29, 58.00, 326.98 
5.597, 27.983, 58.00, 72.65, 350.54 
5.597, 27.983, 72.65, 106.18, 496.50 
5.597, 27.983, 106.18, 184.76, 773.36 
5.597, 27.983, 184.76, 277.56, 1294.48 
5.597, 27.983, 277.56, 365.06, 1557.39 
5.597, 27.983, 365.06, 453.29, 2010.14 
5.597, 27.983, 453.29, 544.80, 2982.09 
5.597, 27.983, 544.80, 646.52, 2979.64 
5.597, 27.983, 646.52, 769.19, 4294.06 
5.597, 27.983, 769.19, 986.31, 4399.37 
5.597, 27.983, 986.31, 1655.35, 7056.77 
5.597, 27.983, 1655.35, 3056.72, 11920.49 
5.597, 27.983, 3056.72, 4064.71, 18441.67 
5.597, 27.983, 4064.71, 4999.89, 22754.39 
