Agg-Agg collection from the database for the random orientation. 
Characteristic values taken from the peak of a fitted 
gamma distribution from 300 aggregates.  10 even count agg aspect 
ratio bins are produced from values 0.01 to the closest value to 1.0 
and the closest value to 1.0 to 100.0 
0.008, 0.208, 1.94, 12.56, 15.69 
0.008, 0.208, 12.56, 21.67, 39.40 
0.008, 0.208, 21.67, 31.17, 70.24 
0.008, 0.208, 31.17, 41.18, 89.87 
0.008, 0.208, 41.18, 51.57, 113.84 
0.008, 0.208, 51.57, 62.48, 150.77 
0.008, 0.208, 62.48, 74.77, 189.31 
0.008, 0.208, 74.77, 94.74, 221.54 
0.008, 0.208, 94.74, 165.29, 280.15 
0.008, 0.208, 165.29, 254.51, 525.01 
0.008, 0.208, 254.51, 351.28, 768.01 
0.008, 0.208, 351.28, 454.52, 1103.47 
0.008, 0.208, 454.52, 566.14, 1332.86 
0.008, 0.208, 566.14, 702.53, 1627.20 
0.008, 0.208, 702.53, 923.98, 2169.22 
0.008, 0.208, 923.98, 1771.26, 2766.34 
0.008, 0.208, 1771.26, 2470.77, 5047.18 
0.008, 0.208, 2470.77, 3199.77, 7195.98 
0.008, 0.208, 3199.77, 4068.02, 8865.40 
0.008, 0.208, 4068.02, 4999.91, 11695.00 
0.208, 0.261, 1.98, 12.64, 14.06 
0.208, 0.261, 12.64, 22.06, 32.58 
0.208, 0.261, 22.06, 31.25, 58.63 
0.208, 0.261, 31.25, 40.79, 74.21 
0.208, 0.261, 40.79, 50.90, 104.52 
0.208, 0.261, 50.90, 62.66, 121.26 
0.208, 0.261, 62.66, 76.62, 158.91 
0.208, 0.261, 76.62, 99.05, 190.79 
0.208, 0.261, 99.05, 156.40, 270.34 
0.208, 0.261, 156.40, 233.08, 413.61 
0.208, 0.261, 233.08, 328.36, 597.66 
0.208, 0.261, 328.36, 432.47, 782.95 
0.208, 0.261, 432.47, 549.23, 1070.49 
0.208, 0.261, 549.23, 692.39, 1442.54 
0.208, 0.261, 692.39, 910.29, 1873.15 
0.208, 0.261, 910.29, 1612.23, 2581.43 
0.208, 0.261, 1612.23, 2422.20, 4438.43 
0.208, 0.261, 2422.20, 3210.00, 5366.01 
0.208, 0.261, 3210.00, 4027.36, 7921.35 
0.208, 0.261, 4027.36, 4999.94, 10113.72 
0.261, 0.311, 1.94, 13.01, 5.98 
0.261, 0.311, 13.01, 22.51, 31.45 
0.261, 0.311, 22.51, 31.97, 56.32 
0.261, 0.311, 31.97, 42.38, 74.02 
0.261, 0.311, 42.38, 54.18, 100.39 
0.261, 0.311, 54.18, 67.43, 121.59 
0.261, 0.311, 67.43, 84.54, 145.21 
0.261, 0.311, 84.54, 114.09, 189.14 
0.261, 0.311, 114.09, 169.93, 271.07 
0.261, 0.311, 169.93, 248.23, 422.18 
0.261, 0.311, 248.23, 345.82, 562.41 
0.261, 0.311, 345.82, 455.73, 1028.06 
0.261, 0.311, 455.73, 577.46, 1047.19 
0.261, 0.311, 577.46, 728.23, 1315.27 
0.261, 0.311, 728.23, 939.66, 1654.88 
0.261, 0.311, 939.66, 1461.85, 2194.32 
0.261, 0.311, 1461.85, 2241.05, 2945.47 
0.261, 0.311, 2241.05, 3116.33, 5208.14 
0.261, 0.311, 3116.33, 4020.92, 6360.11 
0.261, 0.311, 4020.92, 4999.82, 8821.12 
0.311, 0.362, 1.92, 13.21, 17.54 
0.311, 0.362, 13.21, 22.55, 45.26 
0.311, 0.362, 22.55, 32.05, 46.39 
0.311, 0.362, 32.05, 42.63, 69.20 
0.311, 0.362, 42.63, 54.78, 90.72 
0.311, 0.362, 54.78, 69.70, 116.12 
0.311, 0.362, 69.70, 89.05, 136.52 
0.311, 0.362, 89.05, 119.24, 193.34 
0.311, 0.362, 119.24, 170.07, 255.61 
0.311, 0.362, 170.07, 248.19, 363.40 
0.311, 0.362, 248.19, 348.59, 511.04 
0.311, 0.362, 348.59, 465.63, 694.93 
0.311, 0.362, 465.63, 598.77, 937.10 
0.311, 0.362, 598.77, 756.12, 1258.19 
0.311, 0.362, 756.12, 956.90, 1530.70 
0.311, 0.362, 956.90, 1320.28, 1976.00 
0.311, 0.362, 1320.28, 1991.22, 2867.07 
0.311, 0.362, 1991.22, 2870.45, 4331.35 
0.311, 0.362, 2870.45, 3894.61, 5954.90 
0.311, 0.362, 3894.61, 4999.98, 7828.97 
0.362, 0.415, 1.94, 14.66, 7.44 
0.362, 0.415, 14.66, 24.73, 31.37 
0.362, 0.415, 24.73, 35.61, 45.63 
0.362, 0.415, 35.61, 47.79, 67.12 
0.362, 0.415, 47.79, 61.79, 91.99 
0.362, 0.415, 61.79, 78.71, 123.54 
0.362, 0.415, 78.71, 100.37, 161.90 
0.362, 0.415, 100.37, 133.68, 204.04 
0.362, 0.415, 133.68, 186.55, 260.21 
0.362, 0.415, 186.55, 264.66, 391.25 
0.362, 0.415, 264.66, 369.43, 549.14 
0.362, 0.415, 369.43, 490.55, 726.97 
0.362, 0.415, 490.55, 634.59, 989.38 
0.362, 0.415, 634.59, 803.30, 1200.21 
0.362, 0.415, 803.30, 1024.42, 1692.41 
0.362, 0.415, 1024.42, 1365.06, 1858.74 
0.362, 0.415, 1365.06, 1901.50, 2434.94 
0.362, 0.415, 1901.50, 2687.40, 3536.47 
0.362, 0.415, 2687.40, 3749.43, 5172.65 
0.362, 0.415, 3749.43, 4999.94, 7150.53 
0.415, 0.469, 1.94, 16.51, 9.27 
0.415, 0.469, 16.51, 27.49, 32.12 
0.415, 0.469, 27.49, 39.63, 52.38 
0.415, 0.469, 39.63, 53.04, 71.25 
0.415, 0.469, 53.04, 69.12, 95.90 
0.415, 0.469, 69.12, 88.22, 118.93 
0.415, 0.469, 88.22, 112.58, 150.71 
0.415, 0.469, 112.58, 147.75, 210.12 
0.415, 0.469, 147.75, 200.90, 276.78 
0.415, 0.469, 200.90, 280.12, 411.47 
0.415, 0.469, 280.12, 392.37, 554.96 
0.415, 0.469, 392.37, 532.03, 732.16 
0.415, 0.469, 532.03, 695.58, 939.04 
0.415, 0.469, 695.58, 887.58, 1289.59 
0.415, 0.469, 887.58, 1120.35, 1634.23 
0.415, 0.469, 1120.35, 1437.05, 1989.32 
0.415, 0.469, 1437.05, 1903.30, 2742.32 
0.415, 0.469, 1903.30, 2599.97, 3776.99 
0.415, 0.469, 2599.97, 3632.46, 5086.90 
0.415, 0.469, 3632.46, 4999.92, 8929.44 
0.469, 0.521, 1.97, 19.42, 9.51 
0.469, 0.521, 19.42, 32.09, 34.39 
0.469, 0.521, 32.09, 46.16, 56.75 
0.469, 0.521, 46.16, 61.71, 82.66 
0.469, 0.521, 61.71, 79.97, 114.91 
0.469, 0.521, 79.97, 101.83, 147.46 
0.469, 0.521, 101.83, 130.24, 176.07 
0.469, 0.521, 130.24, 168.44, 230.79 
0.469, 0.521, 168.44, 227.34, 301.50 
0.469, 0.521, 227.34, 314.04, 391.54 
0.469, 0.521, 314.04, 433.23, 591.46 
0.469, 0.521, 433.23, 585.36, 842.39 
0.469, 0.521, 585.36, 768.08, 1124.65 
0.469, 0.521, 768.08, 976.39, 1333.85 
0.469, 0.521, 976.39, 1226.93, 1891.01 
0.469, 0.521, 1226.93, 1547.59, 2323.50 
0.469, 0.521, 1547.59, 1973.06, 2927.71 
0.469, 0.521, 1973.06, 2600.65, 3755.54 
0.469, 0.521, 2600.65, 3554.02, 4628.89 
0.469, 0.521, 3554.02, 4999.96, 6441.53 
0.521, 0.578, 2.01, 22.67, 8.59 
0.521, 0.578, 22.67, 37.84, 42.72 
0.521, 0.578, 37.84, 54.13, 72.51 
0.521, 0.578, 54.13, 73.04, 103.17 
0.521, 0.578, 73.04, 94.26, 132.16 
0.521, 0.578, 94.26, 119.38, 170.08 
0.521, 0.578, 119.38, 150.87, 227.23 
0.521, 0.578, 150.87, 193.94, 271.15 
0.521, 0.578, 193.94, 254.99, 357.56 
0.521, 0.578, 254.99, 342.04, 472.79 
0.521, 0.578, 342.04, 475.26, 606.81 
0.521, 0.578, 475.26, 652.29, 875.58 
0.521, 0.578, 652.29, 851.48, 1119.96 
0.521, 0.578, 851.48, 1082.42, 1565.04 
0.521, 0.578, 1082.42, 1348.29, 1809.03 
0.521, 0.578, 1348.29, 1682.92, 2360.12 
0.521, 0.578, 1682.92, 2115.88, 3159.89 
0.521, 0.578, 2115.88, 2697.89, 4064.41 
0.521, 0.578, 2697.89, 3578.79, 4546.72 
0.521, 0.578, 3578.79, 4999.97, 6419.51 
0.578, 0.649, 2.00, 26.08, 7.38 
0.578, 0.649, 26.08, 43.19, 53.23 
0.578, 0.649, 43.19, 62.57, 64.16 
0.578, 0.649, 62.57, 85.81, 114.65 
0.578, 0.649, 85.81, 111.41, 150.07 
0.578, 0.649, 111.41, 141.39, 211.89 
0.578, 0.649, 141.39, 180.07, 259.53 
0.578, 0.649, 180.07, 229.29, 320.41 
0.578, 0.649, 229.29, 296.54, 387.08 
0.578, 0.649, 296.54, 396.28, 542.28 
0.578, 0.649, 396.28, 546.61, 725.53 
0.578, 0.649, 546.61, 745.86, 992.85 
0.578, 0.649, 745.86, 968.99, 1433.09 
0.578, 0.649, 968.99, 1218.40, 1652.53 
0.578, 0.649, 1218.40, 1513.91, 2217.38 
0.578, 0.649, 1513.91, 1865.32, 2758.66 
0.578, 0.649, 1865.32, 2292.85, 3185.39 
0.578, 0.649, 2292.85, 2857.54, 4167.56 
0.578, 0.649, 2857.54, 3671.82, 5170.14 
0.578, 0.649, 3671.82, 4999.78, 6782.59 
0.649, 0.971, 2.24, 31.97, 9.22 
0.649, 0.971, 31.97, 52.45, 58.21 
0.649, 0.971, 52.45, 76.71, 93.79 
0.649, 0.971, 76.71, 103.48, 142.11 
0.649, 0.971, 103.48, 132.04, 195.86 
0.649, 0.971, 132.04, 167.51, 254.44 
0.649, 0.971, 167.51, 208.93, 325.87 
0.649, 0.971, 208.93, 260.36, 399.17 
0.649, 0.971, 260.36, 332.85, 454.68 
0.649, 0.971, 332.85, 439.26, 616.28 
0.649, 0.971, 439.26, 609.45, 809.71 
0.649, 0.971, 609.45, 834.23, 1021.71 
0.649, 0.971, 834.23, 1068.57, 1511.50 
0.649, 0.971, 1068.57, 1315.61, 1907.75 
0.649, 0.971, 1315.61, 1632.43, 2434.57 
0.649, 0.971, 1632.43, 1982.89, 3077.64 
0.649, 0.971, 1982.89, 2417.99, 3618.58 
0.649, 0.971, 2417.99, 2968.76, 4209.81 
0.649, 0.971, 2968.76, 3730.49, 5696.39 
0.649, 0.971, 3730.49, 4999.93, 6792.59 
1.049, 2.112, 1.86, 12.11, 13.91 
1.049, 2.112, 12.11, 20.49, 21.37 
1.049, 2.112, 20.49, 29.91, 38.13 
1.049, 2.112, 29.91, 41.01, 43.69 
1.049, 2.112, 41.01, 54.41, 72.05 
1.049, 2.112, 54.41, 72.26, 87.32 
1.049, 2.112, 72.26, 97.97, 129.36 
1.049, 2.112, 97.97, 131.56, 180.20 
1.049, 2.112, 131.56, 177.68, 230.93 
1.049, 2.112, 177.68, 236.20, 315.84 
1.049, 2.112, 236.20, 305.16, 409.75 
1.049, 2.112, 305.16, 391.49, 553.39 
1.049, 2.112, 391.49, 503.30, 723.04 
1.049, 2.112, 503.30, 673.39, 911.27 
1.049, 2.112, 673.39, 939.41, 1241.45 
1.049, 2.112, 939.41, 1388.75, 1794.74 
1.049, 2.112, 1388.75, 2075.43, 2586.28 
1.049, 2.112, 2075.43, 2969.05, 3711.52 
1.049, 2.112, 2969.05, 3905.42, 5034.80 
1.049, 2.112, 3905.42, 5000.00, 6735.78 
2.112, 2.512, 1.96, 12.27, 4.86 
2.112, 2.512, 12.27, 20.36, 22.49 
2.112, 2.512, 20.36, 29.84, 38.70 
2.112, 2.512, 29.84, 40.90, 56.29 
2.112, 2.512, 40.90, 53.85, 77.52 
2.112, 2.512, 53.85, 69.76, 92.11 
2.112, 2.512, 69.76, 90.04, 129.18 
2.112, 2.512, 90.04, 117.00, 163.30 
2.112, 2.512, 117.00, 157.96, 217.40 
2.112, 2.512, 157.96, 223.71, 301.62 
2.112, 2.512, 223.71, 312.49, 393.95 
2.112, 2.512, 312.49, 419.38, 789.98 
2.112, 2.512, 419.38, 548.98, 822.32 
2.112, 2.512, 548.98, 722.65, 883.17 
2.112, 2.512, 722.65, 954.50, 1388.15 
2.112, 2.512, 954.50, 1280.10, 1792.98 
2.112, 2.512, 1280.10, 1813.22, 2347.57 
2.112, 2.512, 1813.22, 2659.43, 3314.91 
2.112, 2.512, 2659.43, 3701.58, 5030.48 
2.112, 2.512, 3701.58, 4999.95, 6690.05 
2.512, 2.845, 2.02, 12.83, 19.68 
2.512, 2.845, 12.83, 21.64, 24.40 
2.512, 2.845, 21.64, 31.69, 43.35 
2.512, 2.845, 31.69, 43.21, 56.89 
2.512, 2.845, 43.21, 56.37, 77.94 
2.512, 2.845, 56.37, 72.63, 114.10 
2.512, 2.845, 72.63, 93.39, 143.62 
2.512, 2.845, 93.39, 122.80, 191.78 
2.512, 2.845, 122.80, 171.81, 230.80 
2.512, 2.845, 171.81, 249.48, 310.92 
2.512, 2.845, 249.48, 347.64, 715.36 
2.512, 2.845, 347.64, 458.63, 587.07 
2.512, 2.845, 458.63, 591.80, 850.67 
2.512, 2.845, 591.80, 757.67, 1238.86 
2.512, 2.845, 757.67, 969.83, 1498.15 
2.512, 2.845, 969.83, 1280.74, 1964.72 
2.512, 2.845, 1280.74, 1791.33, 2656.08 
2.512, 2.845, 1791.33, 2605.60, 3480.30 
2.512, 2.845, 2605.60, 3709.94, 5313.16 
2.512, 2.845, 3709.94, 4999.87, 7384.00 
2.845, 3.158, 2.01, 13.60, 19.09 
2.845, 3.158, 13.60, 22.55, 29.04 
2.845, 3.158, 22.55, 32.80, 43.66 
2.845, 3.158, 32.80, 44.18, 64.14 
2.845, 3.158, 44.18, 57.30, 83.41 
2.845, 3.158, 57.30, 73.15, 103.38 
2.845, 3.158, 73.15, 93.64, 149.30 
2.845, 3.158, 93.64, 123.51, 199.42 
2.845, 3.158, 123.51, 175.98, 254.34 
2.845, 3.158, 175.98, 259.40, 361.24 
2.845, 3.158, 259.40, 357.96, 583.30 
2.845, 3.158, 357.96, 467.16, 681.57 
2.845, 3.158, 467.16, 596.43, 958.38 
2.845, 3.158, 596.43, 753.85, 1173.01 
2.845, 3.158, 753.85, 958.74, 1604.49 
2.845, 3.158, 958.74, 1256.94, 1937.90 
2.845, 3.158, 1256.94, 1758.20, 2847.87 
2.845, 3.158, 1758.20, 2621.04, 3531.11 
2.845, 3.158, 2621.04, 3736.72, 4876.61 
2.845, 3.158, 3736.72, 4999.98, 7828.76 
3.158, 3.475, 2.03, 13.72, 8.68 
3.158, 3.475, 13.72, 22.69, 28.76 
3.158, 3.475, 22.69, 32.69, 48.59 
3.158, 3.475, 32.69, 43.85, 69.88 
3.158, 3.475, 43.85, 56.43, 94.49 
3.158, 3.475, 56.43, 71.57, 118.24 
3.158, 3.475, 71.57, 90.77, 156.91 
3.158, 3.475, 90.77, 120.97, 200.16 
3.158, 3.475, 120.97, 177.14, 267.98 
3.158, 3.475, 177.14, 262.59, 390.67 
3.158, 3.475, 262.59, 361.39, 549.23 
3.158, 3.475, 361.39, 467.09, 716.46 
3.158, 3.475, 467.09, 590.88, 1029.87 
3.158, 3.475, 590.88, 741.21, 1355.74 
3.158, 3.475, 741.21, 936.72, 1637.60 
3.158, 3.475, 936.72, 1226.24, 1973.71 
3.158, 3.475, 1226.24, 1725.28, 2893.39 
3.158, 3.475, 1725.28, 2593.48, 3720.10 
3.158, 3.475, 2593.48, 3730.24, 5949.14 
3.158, 3.475, 3730.24, 4999.83, 8319.23 
3.475, 3.827, 2.06, 13.61, 19.82 
3.475, 3.827, 13.61, 22.65, 34.33 
3.475, 3.827, 22.65, 32.43, 55.43 
3.475, 3.827, 32.43, 42.96, 65.90 
3.475, 3.827, 42.96, 54.89, 93.68 
3.475, 3.827, 54.89, 69.21, 129.78 
3.475, 3.827, 69.21, 87.81, 161.29 
3.475, 3.827, 87.81, 117.96, 199.79 
3.475, 3.827, 117.96, 174.99, 271.95 
3.475, 3.827, 174.99, 262.26, 401.45 
3.475, 3.827, 262.26, 357.83, 616.38 
3.475, 3.827, 357.83, 462.08, 857.18 
3.475, 3.827, 462.08, 582.07, 977.81 
3.475, 3.827, 582.07, 721.19, 1422.19 
3.475, 3.827, 721.19, 904.99, 1725.52 
3.475, 3.827, 904.99, 1193.59, 2047.84 
3.475, 3.827, 1193.59, 1705.78, 2895.22 
3.475, 3.827, 1705.78, 2623.14, 4099.06 
3.475, 3.827, 2623.14, 3748.97, 6574.22 
3.475, 3.827, 3748.97, 4999.99, 8853.49 
3.827, 4.238, 1.91, 13.78, 21.47 
3.827, 4.238, 13.78, 22.89, 34.03 
3.827, 4.238, 22.89, 32.57, 57.79 
3.827, 4.238, 32.57, 43.11, 82.26 
3.827, 4.238, 43.11, 55.10, 109.76 
3.827, 4.238, 55.10, 68.93, 138.55 
3.827, 4.238, 68.93, 87.50, 177.44 
3.827, 4.238, 87.50, 121.26, 226.84 
3.827, 4.238, 121.26, 184.15, 287.42 
3.827, 4.238, 184.15, 272.67, 464.62 
3.827, 4.238, 272.67, 367.62, 658.00 
3.827, 4.238, 367.62, 470.56, 932.08 
3.827, 4.238, 470.56, 587.04, 1225.67 
3.827, 4.238, 587.04, 722.76, 1490.15 
3.827, 4.238, 722.76, 901.25, 1710.61 
3.827, 4.238, 901.25, 1199.96, 2296.43 
3.827, 4.238, 1199.96, 1751.57, 3197.75 
3.827, 4.238, 1751.57, 2733.39, 4478.95 
3.827, 4.238, 2733.39, 3819.71, 7240.73 
3.827, 4.238, 3819.71, 4999.95, 9683.54 
4.238, 4.759, 1.50, 13.34, 8.77 
4.238, 4.759, 13.34, 21.94, 39.56 
4.238, 4.759, 21.94, 31.08, 61.94 
4.238, 4.759, 31.08, 40.69, 88.15 
4.238, 4.759, 40.69, 51.43, 107.27 
4.238, 4.759, 51.43, 64.49, 137.76 
4.238, 4.759, 64.49, 81.80, 150.82 
4.238, 4.759, 81.80, 111.73, 208.75 
4.238, 4.759, 111.73, 174.24, 320.76 
4.238, 4.759, 174.24, 264.18, 482.78 
4.238, 4.759, 264.18, 358.20, 729.74 
4.238, 4.759, 358.20, 458.73, 889.64 
4.238, 4.759, 458.73, 570.33, 1125.11 
4.238, 4.759, 570.33, 697.95, 1596.23 
4.238, 4.759, 697.95, 866.47, 1757.14 
4.238, 4.759, 866.47, 1169.68, 2294.52 
4.238, 4.759, 1169.68, 1760.64, 3421.56 
4.238, 4.759, 1760.64, 2810.52, 4886.40 
4.238, 4.759, 2810.52, 3901.52, 7734.56 
4.238, 4.759, 3901.52, 4999.96, 10865.21 
4.759, 5.550, 1.72, 13.26, 28.24 
4.759, 5.550, 13.26, 22.08, 41.86 
4.759, 5.550, 22.08, 31.20, 68.16 
4.759, 5.550, 31.20, 40.57, 126.38 
4.759, 5.550, 40.57, 50.77, 119.02 
4.759, 5.550, 50.77, 62.72, 138.40 
4.759, 5.550, 62.72, 78.47, 177.47 
4.759, 5.550, 78.47, 109.50, 234.56 
4.759, 5.550, 109.50, 179.47, 306.79 
4.759, 5.550, 179.47, 271.60, 507.16 
4.759, 5.550, 271.60, 366.80, 751.66 
4.759, 5.550, 366.80, 465.63, 1084.21 
4.759, 5.550, 465.63, 571.49, 1263.17 
4.759, 5.550, 571.49, 691.70, 1638.29 
4.759, 5.550, 691.70, 846.36, 2057.24 
4.759, 5.550, 846.36, 1127.04, 2376.60 
4.759, 5.550, 1127.04, 1730.04, 3484.02 
4.759, 5.550, 1730.04, 2860.66, 5375.27 
4.759, 5.550, 2860.66, 3936.95, 8803.30 
4.759, 5.550, 3936.95, 4999.94, 11223.42 
5.550, 126.725, 1.53, 12.72, 20.49 
5.550, 126.725, 12.72, 21.31, 41.87 
5.550, 126.725, 21.31, 30.06, 78.86 
5.550, 126.725, 30.06, 38.94, 100.48 
5.550, 126.725, 38.94, 48.45, 129.66 
5.550, 126.725, 48.45, 59.27, 157.76 
5.550, 126.725, 59.27, 73.67, 193.09 
5.550, 126.725, 73.67, 103.86, 244.88 
5.550, 126.725, 103.86, 184.39, 338.41 
5.550, 126.725, 184.39, 279.37, 608.29 
5.550, 126.725, 279.37, 369.30, 867.77 
5.550, 126.725, 369.30, 458.88, 1262.98 
5.550, 126.725, 458.88, 553.38, 1557.81 
5.550, 126.725, 553.38, 658.92, 1667.75 
5.550, 126.725, 658.92, 789.52, 2099.79 
5.550, 126.725, 789.52, 1047.35, 2417.96 
5.550, 126.725, 1047.35, 1762.71, 3676.64 
5.550, 126.725, 1762.71, 3021.61, 6056.97 
5.550, 126.725, 3021.61, 4043.39, 10128.80 
5.550, 126.725, 4043.39, 4999.89, 13193.08 
