0.008, 0.215, 1.54, 8.83, 9.59 
0.008, 0.215, 8.83, 15.22, 56.60 
0.008, 0.215, 15.22, 21.87, 55.45 
0.008, 0.215, 21.87, 30.39, 82.06 
0.008, 0.215, 30.39, 40.59, 104.38 
0.008, 0.215, 40.59, 51.04, 125.62 
0.008, 0.215, 51.04, 64.73, 164.93 
0.008, 0.215, 64.73, 87.20, 197.47 
0.008, 0.215, 87.20, 150.41, 273.11 
0.008, 0.215, 150.41, 213.98, 552.93 
0.008, 0.215, 213.98, 296.66, 771.60 
0.008, 0.215, 296.66, 393.25, 992.00 
0.008, 0.215, 393.25, 489.03, 1332.82 
0.008, 0.215, 489.03, 602.24, 1375.67 
0.008, 0.215, 602.24, 747.97, 1790.76 
0.008, 0.215, 747.97, 1000.37, 2135.77 
0.008, 0.215, 1000.37, 1741.32, 3445.57 
0.008, 0.215, 1741.32, 2806.13, 5770.59 
0.008, 0.215, 2806.13, 3942.71, 8539.90 
0.008, 0.215, 3942.71, 4999.91, 12181.40 
0.215, 0.273, 1.56, 10.65, 18.69 
0.215, 0.273, 10.65, 18.69, 28.57 
0.215, 0.273, 18.69, 26.71, 46.83 
0.215, 0.273, 26.71, 35.06, 69.20 
0.215, 0.273, 35.06, 44.28, 86.73 
0.215, 0.273, 44.28, 54.95, 104.60 
0.215, 0.273, 54.95, 68.44, 141.31 
0.215, 0.273, 68.44, 92.32, 172.37 
0.215, 0.273, 92.32, 159.68, 231.04 
0.215, 0.273, 159.68, 235.02, 418.98 
0.215, 0.273, 235.02, 318.49, 605.89 
0.215, 0.273, 318.49, 408.25, 842.50 
0.215, 0.273, 408.25, 505.06, 1006.07 
0.215, 0.273, 505.06, 615.78, 1176.18 
0.215, 0.273, 615.78, 755.87, 1468.46 
0.215, 0.273, 755.87, 999.84, 1874.08 
0.215, 0.273, 999.84, 1798.16, 2815.47 
0.215, 0.273, 1798.16, 3009.46, 4812.32 
0.215, 0.273, 3009.46, 3988.82, 10907.68 
0.215, 0.273, 3988.82, 4999.94, 9746.03 
0.273, 0.327, 1.58, 11.56, 9.92 
0.273, 0.327, 11.56, 19.75, 26.09 
0.273, 0.327, 19.75, 28.37, 44.39 
0.273, 0.327, 28.37, 37.87, 63.39 
0.273, 0.327, 37.87, 48.79, 81.22 
0.273, 0.327, 48.79, 62.34, 109.56 
0.273, 0.327, 62.34, 80.13, 145.84 
0.273, 0.327, 80.13, 112.52, 191.88 
0.273, 0.327, 112.52, 177.53, 238.12 
0.273, 0.327, 177.53, 255.74, 429.20 
0.273, 0.327, 255.74, 343.03, 550.25 
0.273, 0.327, 343.03, 438.98, 783.24 
0.273, 0.327, 438.98, 547.06, 921.53 
0.273, 0.327, 547.06, 672.94, 1234.42 
0.273, 0.327, 672.94, 831.90, 1538.99 
0.273, 0.327, 831.90, 1087.58, 1865.25 
0.273, 0.327, 1087.58, 1748.11, 2532.98 
0.273, 0.327, 1748.11, 2777.32, 4130.82 
0.273, 0.327, 2777.32, 3923.21, 9251.09 
0.273, 0.327, 3923.21, 4999.82, 9046.03 
0.327, 0.381, 1.61, 12.33, 8.48 
0.327, 0.381, 12.33, 20.94, 27.38 
0.327, 0.381, 20.94, 30.38, 39.86 
0.327, 0.381, 30.38, 40.89, 61.88 
0.327, 0.381, 40.89, 53.06, 78.32 
0.327, 0.381, 53.06, 67.92, 103.03 
0.327, 0.381, 67.92, 88.38, 135.44 
0.327, 0.381, 88.38, 120.57, 188.36 
0.327, 0.381, 120.57, 176.63, 260.90 
0.327, 0.381, 176.63, 253.10, 389.49 
0.327, 0.381, 253.10, 345.76, 565.55 
0.327, 0.381, 345.76, 452.45, 688.56 
0.327, 0.381, 452.45, 575.16, 916.19 
0.327, 0.381, 575.16, 717.90, 1224.54 
0.327, 0.381, 717.90, 893.80, 1438.63 
0.327, 0.381, 893.80, 1156.08, 1797.45 
0.327, 0.381, 1156.08, 1672.22, 2339.84 
0.327, 0.381, 1672.22, 2517.61, 3391.91 
0.327, 0.381, 2517.61, 3731.60, 5094.03 
0.327, 0.381, 3731.60, 4999.98, 7527.22 
0.381, 0.436, 1.57, 14.17, 7.86 
0.381, 0.436, 14.17, 24.08, 29.65 
0.381, 0.436, 24.08, 35.17, 72.24 
0.381, 0.436, 35.17, 47.48, 70.24 
0.381, 0.436, 47.48, 62.00, 95.67 
0.381, 0.436, 62.00, 79.49, 125.13 
0.381, 0.436, 79.49, 102.65, 163.83 
0.381, 0.436, 102.65, 138.59, 211.31 
0.381, 0.436, 138.59, 192.53, 312.07 
0.381, 0.436, 192.53, 269.31, 397.94 
0.381, 0.436, 269.31, 370.60, 555.45 
0.381, 0.436, 370.60, 487.29, 718.06 
0.381, 0.436, 487.29, 630.11, 951.87 
0.381, 0.436, 630.11, 796.52, 1276.01 
0.381, 0.436, 796.52, 1003.43, 1554.51 
0.381, 0.436, 1003.43, 1296.32, 1847.16 
0.381, 0.436, 1296.32, 1762.02, 2362.62 
0.381, 0.436, 1762.02, 2485.38, 3460.56 
0.381, 0.436, 2485.38, 3617.93, 5023.55 
0.381, 0.436, 3617.93, 4999.92, 7238.15 
0.436, 0.488, 1.57, 16.33, 20.83 
0.436, 0.488, 16.33, 27.85, 33.90 
0.436, 0.488, 27.85, 40.51, 57.04 
0.436, 0.488, 40.51, 55.05, 81.87 
0.436, 0.488, 55.05, 71.89, 99.16 
0.436, 0.488, 71.89, 91.96, 135.36 
0.436, 0.488, 91.96, 118.15, 181.62 
0.436, 0.488, 118.15, 155.47, 230.53 
0.436, 0.488, 155.47, 208.12, 301.68 
0.436, 0.488, 208.12, 287.53, 413.91 
0.436, 0.488, 287.53, 397.02, 592.32 
0.436, 0.488, 397.02, 535.65, 778.04 
0.436, 0.488, 535.65, 702.28, 967.24 
0.436, 0.488, 702.28, 892.75, 1257.36 
0.436, 0.488, 892.75, 1126.23, 1640.70 
0.436, 0.488, 1126.23, 1426.40, 1956.98 
0.436, 0.488, 1426.40, 1844.24, 2693.71 
0.436, 0.488, 1844.24, 2503.17, 3675.66 
0.436, 0.488, 2503.17, 3542.65, 4539.34 
0.436, 0.488, 3542.65, 4999.90, 6830.73 
0.488, 0.541, 1.66, 19.65, 10.26 
0.488, 0.541, 19.65, 33.24, 41.28 
0.488, 0.541, 33.24, 48.37, 56.11 
0.488, 0.541, 48.37, 65.37, 95.44 
0.488, 0.541, 65.37, 84.98, 111.11 
0.488, 0.541, 84.98, 109.41, 166.01 
0.488, 0.541, 109.41, 139.72, 207.20 
0.488, 0.541, 139.72, 181.85, 262.59 
0.488, 0.541, 181.85, 243.78, 306.58 
0.488, 0.541, 243.78, 331.09, 466.27 
0.488, 0.541, 331.09, 452.33, 867.85 
0.488, 0.541, 452.33, 609.01, 790.19 
0.488, 0.541, 609.01, 795.31, 1114.48 
0.488, 0.541, 795.31, 1006.63, 1465.20 
0.488, 0.541, 1006.63, 1261.15, 1940.93 
0.488, 0.541, 1261.15, 1576.15, 2242.38 
0.488, 0.541, 1576.15, 2002.21, 2769.44 
0.488, 0.541, 2002.21, 2609.47, 3553.62 
0.488, 0.541, 2609.47, 3530.97, 4816.83 
0.488, 0.541, 3530.97, 4999.97, 6903.03 
0.541, 0.599, 1.60, 22.65, 8.42 
0.541, 0.599, 22.65, 38.78, 48.52 
0.541, 0.599, 38.78, 56.02, 70.90 
0.541, 0.599, 56.02, 76.42, 89.80 
0.541, 0.599, 76.42, 99.10, 126.36 
0.541, 0.599, 99.10, 125.50, 184.77 
0.541, 0.599, 125.50, 158.33, 245.95 
0.541, 0.599, 158.33, 201.37, 310.65 
0.541, 0.599, 201.37, 262.43, 374.71 
0.541, 0.599, 262.43, 349.48, 496.94 
0.541, 0.599, 349.48, 485.90, 655.53 
0.541, 0.599, 485.90, 665.28, 859.71 
0.541, 0.599, 665.28, 870.64, 1161.11 
0.541, 0.599, 870.64, 1100.35, 1611.96 
0.541, 0.599, 1100.35, 1366.34, 2165.85 
0.541, 0.599, 1366.34, 1703.76, 2420.45 
0.541, 0.599, 1703.76, 2123.63, 2944.34 
0.541, 0.599, 2123.63, 2690.83, 3304.32 
0.541, 0.599, 2690.83, 3551.74, 5125.27 
0.541, 0.599, 3551.74, 4999.92, 7121.96 
0.599, 0.677, 1.75, 26.39, 14.17 
0.599, 0.677, 26.39, 44.36, 54.16 
0.599, 0.677, 44.36, 64.98, 87.59 
0.599, 0.677, 64.98, 89.45, 115.64 
0.599, 0.677, 89.45, 116.16, 164.87 
0.599, 0.677, 116.16, 148.19, 205.38 
0.599, 0.677, 148.19, 187.28, 266.11 
0.599, 0.677, 187.28, 236.94, 342.43 
0.599, 0.677, 236.94, 305.53, 433.81 
0.599, 0.677, 305.53, 404.48, 593.68 
0.599, 0.677, 404.48, 560.41, 764.50 
0.599, 0.677, 560.41, 763.22, 1055.12 
0.599, 0.677, 763.22, 992.64, 1337.41 
0.599, 0.677, 992.64, 1245.41, 1838.30 
0.599, 0.677, 1245.41, 1541.00, 2168.92 
0.599, 0.677, 1541.00, 1886.53, 2824.84 
0.599, 0.677, 1886.53, 2318.13, 3586.59 
0.599, 0.677, 2318.13, 2882.23, 4034.37 
0.599, 0.677, 2882.23, 3685.23, 5358.05 
0.599, 0.677, 3685.23, 4999.78, 6531.73 
0.677, 1.721, 1.66, 18.69, 8.43 
0.677, 1.721, 18.69, 33.84, 43.02 
0.677, 1.721, 33.84, 51.55, 69.73 
0.677, 1.721, 51.55, 74.96, 105.93 
0.677, 1.721, 74.96, 103.89, 141.44 
0.677, 1.721, 103.89, 136.27, 206.61 
0.677, 1.721, 136.27, 175.93, 262.34 
0.677, 1.721, 175.93, 222.74, 345.34 
0.677, 1.721, 222.74, 283.70, 459.47 
0.677, 1.721, 283.70, 365.83, 521.23 
0.677, 1.721, 365.83, 484.20, 731.88 
0.677, 1.721, 484.20, 670.07, 741.99 
0.677, 1.721, 670.07, 906.56, 1291.15 
0.677, 1.721, 906.56, 1173.53, 1731.80 
0.677, 1.721, 1173.53, 1492.80, 2130.33 
0.677, 1.721, 1492.80, 1874.59, 2441.30 
0.677, 1.721, 1874.59, 2340.21, 2700.34 
0.677, 1.721, 2340.21, 2929.32, 4071.01 
0.677, 1.721, 2929.32, 3725.33, 5160.13 
0.677, 1.721, 3725.33, 4999.93, 6833.17 
1.721, 2.262, 1.55, 9.35, 4.72 
1.721, 2.262, 9.35, 15.47, 18.26 
1.721, 2.262, 15.47, 22.57, 32.51 
1.721, 2.262, 22.57, 31.89, 65.30 
1.721, 2.262, 31.89, 42.82, 66.94 
1.721, 2.262, 42.82, 56.82, 106.45 
1.721, 2.262, 56.82, 75.74, 102.69 
1.721, 2.262, 75.74, 104.19, 143.91 
1.721, 2.262, 104.19, 145.44, 203.23 
1.721, 2.262, 145.44, 202.69, 264.16 
1.721, 2.262, 202.69, 283.63, 340.70 
1.721, 2.262, 283.63, 379.90, 510.86 
1.721, 2.262, 379.90, 500.43, 659.87 
1.721, 2.262, 500.43, 673.10, 912.29 
1.721, 2.262, 673.10, 901.76, 1236.45 
1.721, 2.262, 901.76, 1229.48, 1714.69 
1.721, 2.262, 1229.48, 1697.54, 2195.27 
1.721, 2.262, 1697.54, 2466.88, 3229.56 
1.721, 2.262, 2466.88, 3568.11, 4175.40 
1.721, 2.262, 3568.11, 4999.82, 6664.38 
2.262, 2.625, 1.48, 11.52, 5.99 
2.262, 2.625, 11.52, 19.09, 23.48 
2.262, 2.625, 19.09, 28.00, 37.50 
2.262, 2.625, 28.00, 38.77, 52.30 
2.262, 2.625, 38.77, 51.38, 99.27 
2.262, 2.625, 51.38, 66.82, 109.10 
2.262, 2.625, 66.82, 87.27, 126.94 
2.262, 2.625, 87.27, 115.91, 156.80 
2.262, 2.625, 115.91, 158.99, 215.42 
2.262, 2.625, 158.99, 227.41, 293.44 
2.262, 2.625, 227.41, 315.99, 419.98 
2.262, 2.625, 315.99, 418.87, 560.74 
2.262, 2.625, 418.87, 540.67, 753.58 
2.262, 2.625, 540.67, 699.58, 1000.41 
2.262, 2.625, 699.58, 904.46, 1282.61 
2.262, 2.625, 904.46, 1186.17, 1705.46 
2.262, 2.625, 1186.17, 1640.94, 1846.74 
2.262, 2.625, 1640.94, 2418.03, 3250.70 
2.262, 2.625, 2418.03, 3596.20, 4753.90 
2.262, 2.625, 3596.20, 4999.95, 6992.48 
2.625, 2.937, 1.32, 12.56, 4.89 
2.625, 2.937, 12.56, 20.89, 40.05 
2.625, 2.937, 20.89, 30.60, 41.15 
2.625, 2.937, 30.60, 41.91, 61.19 
2.625, 2.937, 41.91, 55.09, 78.62 
2.625, 2.937, 55.09, 71.25, 112.08 
2.625, 2.937, 71.25, 92.01, 145.58 
2.625, 2.937, 92.01, 122.89, 192.76 
2.625, 2.937, 122.89, 173.33, 239.32 
2.625, 2.937, 173.33, 251.02, 319.38 
2.625, 2.937, 251.02, 346.16, 490.59 
2.625, 2.937, 346.16, 452.02, 681.67 
2.625, 2.937, 452.02, 575.66, 803.28 
2.625, 2.937, 575.66, 727.07, 1182.94 
2.625, 2.937, 727.07, 919.73, 1477.47 
2.625, 2.937, 919.73, 1194.08, 1926.69 
2.625, 2.937, 1194.08, 1642.93, 2232.70 
2.625, 2.937, 1642.93, 2446.30, 3320.12 
2.625, 2.937, 2446.30, 3650.69, 4977.49 
2.625, 2.937, 3650.69, 4999.98, 7533.38 
2.937, 3.241, 1.56, 13.04, 6.06 
2.937, 3.241, 13.04, 21.52, 32.08 
2.937, 3.241, 21.52, 31.46, 46.03 
2.937, 3.241, 31.46, 42.48, 64.93 
2.937, 3.241, 42.48, 55.23, 84.20 
2.937, 3.241, 55.23, 71.07, 101.39 
2.937, 3.241, 71.07, 91.87, 159.35 
2.937, 3.241, 91.87, 122.70, 181.78 
2.937, 3.241, 122.70, 176.13, 266.70 
2.937, 3.241, 176.13, 257.90, 399.04 
2.937, 3.241, 257.90, 352.93, 547.92 
2.937, 3.241, 352.93, 457.50, 756.21 
2.937, 3.241, 457.50, 581.02, 884.36 
2.937, 3.241, 581.02, 730.37, 1314.23 
2.937, 3.241, 730.37, 921.13, 1688.63 
2.937, 3.241, 921.13, 1191.54, 1972.70 
2.937, 3.241, 1191.54, 1654.93, 2667.42 
2.937, 3.241, 1654.93, 2508.82, 3568.89 
2.937, 3.241, 2508.82, 3742.51, 5114.02 
2.937, 3.241, 3742.51, 4999.84, 7949.03 
3.241, 3.549, 1.55, 13.26, 9.35 
3.241, 3.549, 13.26, 21.99, 25.82 
3.241, 3.549, 21.99, 31.68, 52.58 
3.241, 3.549, 31.68, 42.41, 67.97 
3.241, 3.549, 42.41, 54.64, 94.53 
3.241, 3.549, 54.64, 69.72, 120.02 
3.241, 3.549, 69.72, 89.96, 162.84 
3.241, 3.549, 89.96, 121.55, 195.54 
3.241, 3.549, 121.55, 177.67, 266.49 
3.241, 3.549, 177.67, 260.29, 413.06 
3.241, 3.549, 260.29, 354.85, 507.61 
3.241, 3.549, 354.85, 455.92, 799.32 
3.241, 3.549, 455.92, 573.85, 1084.68 
3.241, 3.549, 573.85, 713.83, 1238.98 
3.241, 3.549, 713.83, 891.59, 1538.35 
3.241, 3.549, 891.59, 1153.35, 1915.27 
3.241, 3.549, 1153.35, 1597.86, 2046.17 
3.241, 3.549, 1597.86, 2467.73, 3571.27 
3.241, 3.549, 2467.73, 3707.54, 5064.46 
3.241, 3.549, 3707.54, 4999.93, 8547.86 
3.549, 3.895, 1.16, 13.22, 10.11 
3.549, 3.895, 13.22, 21.92, 30.58 
3.549, 3.895, 21.92, 31.43, 53.49 
3.549, 3.895, 31.43, 41.85, 71.01 
3.549, 3.895, 41.85, 53.74, 101.70 
3.549, 3.895, 53.74, 68.11, 128.04 
3.549, 3.895, 68.11, 87.81, 164.37 
3.549, 3.895, 87.81, 119.67, 203.83 
3.549, 3.895, 119.67, 176.80, 296.72 
3.549, 3.895, 176.80, 261.86, 450.17 
3.549, 3.895, 261.86, 353.80, 615.56 
3.549, 3.895, 353.80, 453.69, 807.20 
3.549, 3.895, 453.69, 567.24, 1094.50 
3.549, 3.895, 567.24, 698.78, 1402.00 
3.549, 3.895, 698.78, 866.14, 1584.53 
3.549, 3.895, 866.14, 1128.32, 2081.02 
3.549, 3.895, 1128.32, 1601.83, 2764.81 
3.549, 3.895, 1601.83, 2559.84, 3719.91 
3.549, 3.895, 2559.84, 3784.46, 6425.96 
3.549, 3.895, 3784.46, 4999.99, 9372.63 
3.895, 4.299, 1.36, 13.45, 11.12 
3.895, 4.299, 13.45, 22.29, 37.16 
3.895, 4.299, 22.29, 31.76, 55.49 
3.895, 4.299, 31.76, 42.02, 82.58 
3.895, 4.299, 42.02, 54.03, 106.67 
3.895, 4.299, 54.03, 68.07, 139.82 
3.895, 4.299, 68.07, 87.84, 182.65 
3.895, 4.299, 87.84, 123.79, 223.54 
3.895, 4.299, 123.79, 186.04, 315.43 
3.895, 4.299, 186.04, 271.96, 480.13 
3.895, 4.299, 271.96, 363.89, 705.52 
3.895, 4.299, 363.89, 463.30, 930.19 
3.895, 4.299, 463.30, 575.54, 1185.92 
3.895, 4.299, 575.54, 703.41, 1475.18 
3.895, 4.299, 703.41, 868.52, 1755.31 
3.895, 4.299, 868.52, 1143.22, 2313.92 
3.895, 4.299, 1143.22, 1651.41, 2786.24 
3.895, 4.299, 1651.41, 2692.88, 4204.21 
3.895, 4.299, 2692.88, 3840.29, 7052.69 
3.895, 4.299, 3840.29, 4999.95, 12546.05 
4.299, 4.816, 1.29, 12.90, 25.40 
4.299, 4.816, 12.90, 21.27, 33.58 
4.299, 4.816, 21.27, 30.15, 56.89 
4.299, 4.816, 30.15, 39.62, 69.56 
4.299, 4.816, 39.62, 49.92, 110.74 
4.299, 4.816, 49.92, 62.80, 130.19 
4.299, 4.816, 62.80, 80.62, 168.35 
4.299, 4.816, 80.62, 111.85, 218.13 
4.299, 4.816, 111.85, 173.58, 335.93 
4.299, 4.816, 173.58, 261.04, 486.76 
4.299, 4.816, 261.04, 353.70, 922.90 
4.299, 4.816, 353.70, 451.57, 906.17 
4.299, 4.816, 451.57, 559.51, 1208.69 
4.299, 4.816, 559.51, 681.90, 1451.82 
4.299, 4.816, 681.90, 838.76, 1859.22 
4.299, 4.816, 838.76, 1107.50, 2310.84 
4.299, 4.816, 1107.50, 1660.15, 3122.48 
4.299, 4.816, 1660.15, 2801.00, 4835.46 
4.299, 4.816, 2801.00, 3929.82, 11047.51 
4.299, 4.816, 3929.82, 4999.96, 10557.99 
4.816, 5.597, 1.15, 12.90, 15.39 
4.816, 5.597, 12.90, 21.59, 34.65 
4.816, 5.597, 21.59, 30.54, 62.59 
4.816, 5.597, 30.54, 39.82, 90.19 
4.816, 5.597, 39.82, 49.82, 113.58 
4.816, 5.597, 49.82, 61.92, 146.42 
4.816, 5.597, 61.92, 78.46, 187.14 
4.816, 5.597, 78.46, 113.15, 228.44 
4.816, 5.597, 113.15, 183.27, 350.46 
4.816, 5.597, 183.27, 274.55, 586.68 
4.816, 5.597, 274.55, 367.61, 778.49 
4.816, 5.597, 367.61, 463.49, 1125.94 
4.816, 5.597, 463.49, 565.67, 1190.05 
4.816, 5.597, 565.67, 680.82, 1684.91 
4.816, 5.597, 680.82, 826.77, 2040.37 
4.816, 5.597, 826.77, 1075.00, 2534.28 
4.816, 5.597, 1075.00, 1640.85, 3559.76 
4.816, 5.597, 1640.85, 2864.84, 5097.95 
4.816, 5.597, 2864.84, 3960.21, 8702.32 
4.816, 5.597, 3960.21, 4999.94, 11629.73 
5.597, 27.983, 1.10, 12.13, 17.13 
5.597, 27.983, 12.13, 20.61, 46.04 
5.597, 27.983, 20.61, 29.17, 68.45 
5.597, 27.983, 29.17, 37.89, 96.26 
5.597, 27.983, 37.89, 47.29, 120.20 
5.597, 27.983, 47.29, 58.00, 155.86 
5.597, 27.983, 58.00, 72.65, 191.50 
5.597, 27.983, 72.65, 106.18, 254.70 
5.597, 27.983, 106.18, 184.76, 364.47 
5.597, 27.983, 184.76, 277.56, 587.55 
5.597, 27.983, 277.56, 365.06, 917.79 
5.597, 27.983, 365.06, 453.29, 1084.57 
5.597, 27.983, 453.29, 544.80, 1473.09 
5.597, 27.983, 544.80, 646.52, 1704.62 
5.597, 27.983, 646.52, 769.19, 2159.18 
5.597, 27.983, 769.19, 986.31, 2563.70 
5.597, 27.983, 986.31, 1655.35, 3092.60 
5.597, 27.983, 1655.35, 3056.72, 5802.75 
5.597, 27.983, 3056.72, 4064.71, 9355.41 
5.597, 27.983, 4064.71, 4999.89, 13945.57 
