Ice-Ice collection (creating the crystals from pt arrays not db) for the flat orientation. 
Characteristic values taken from the peak of a fitted 
gamma distribution from 300 aggregates. 
0.010, 1.00, 9.12 
0.010, 2.00, 18.14 
0.010, 3.00, 27.30 
0.010, 4.00, 36.20 
0.010, 5.00, 46.02 
0.010, 6.00, 55.79 
0.010, 7.00, 64.08 
0.010, 8.00, 73.15 
0.010, 9.00, 82.14 
0.010, 10.00, 91.02 
0.010, 20.00, 182.61 
0.010, 30.00, 275.94 
0.010, 40.00, 372.65 
0.010, 50.00, 452.00 
0.010, 60.00, 539.40 
0.010, 70.00, 637.97 
0.010, 80.00, 734.14 
0.010, 90.00, 820.35 
0.010, 100.00, 901.54 
0.010, 200.00, 1802.43 
0.010, 300.00, 2748.69 
0.010, 400.00, 3649.18 
0.010, 500.00, 4568.45 
0.010, 600.00, 5428.45 
0.010, 700.00, 6326.96 
0.010, 800.00, 7258.06 
0.010, 900.00, 8302.77 
0.010, 1000.00, 9295.41 
0.016, 1.00, 7.84 
0.016, 2.00, 15.67 
0.016, 3.00, 23.20 
0.016, 4.00, 30.98 
0.016, 5.00, 38.33 
0.016, 6.00, 46.13 
0.016, 7.00, 54.75 
0.016, 8.00, 62.16 
0.016, 9.00, 70.26 
0.016, 10.00, 78.05 
0.016, 20.00, 156.85 
0.016, 30.00, 234.99 
0.016, 40.00, 309.39 
0.016, 50.00, 391.81 
0.016, 60.00, 470.37 
0.016, 70.00, 551.68 
0.016, 80.00, 632.23 
0.016, 90.00, 705.69 
0.016, 100.00, 775.74 
0.016, 200.00, 1556.26 
0.016, 300.00, 2350.89 
0.016, 400.00, 3105.52 
0.016, 500.00, 3865.88 
0.016, 600.00, 4673.09 
0.016, 700.00, 5477.21 
0.016, 800.00, 6212.90 
0.016, 900.00, 7124.95 
0.016, 1000.00, 7680.83 
0.026, 1.00, 6.70 
0.026, 2.00, 13.30 
0.026, 3.00, 19.73 
0.026, 4.00, 26.48 
0.026, 5.00, 33.55 
0.026, 6.00, 39.48 
0.026, 7.00, 46.56 
0.026, 8.00, 53.18 
0.026, 9.00, 59.60 
0.026, 10.00, 66.62 
0.026, 20.00, 132.71 
0.026, 30.00, 199.66 
0.026, 40.00, 267.10 
0.026, 50.00, 337.47 
0.026, 60.00, 396.83 
0.026, 70.00, 469.17 
0.026, 80.00, 530.26 
0.026, 90.00, 596.26 
0.026, 100.00, 671.11 
0.026, 200.00, 1329.73 
0.026, 300.00, 2003.47 
0.026, 400.00, 2663.01 
0.026, 500.00, 3301.09 
0.026, 600.00, 3963.39 
0.026, 700.00, 4627.28 
0.026, 800.00, 5346.50 
0.026, 900.00, 6037.18 
0.026, 1000.00, 6676.08 
0.043, 1.00, 5.64 
0.043, 2.00, 11.36 
0.043, 3.00, 16.91 
0.043, 4.00, 22.49 
0.043, 5.00, 28.69 
0.043, 6.00, 34.23 
0.043, 7.00, 40.33 
0.043, 8.00, 45.76 
0.043, 9.00, 51.22 
0.043, 10.00, 57.11 
0.043, 20.00, 113.55 
0.043, 30.00, 170.67 
0.043, 40.00, 228.22 
0.043, 50.00, 281.39 
0.043, 60.00, 344.84 
0.043, 70.00, 394.92 
0.043, 80.00, 454.50 
0.043, 90.00, 509.75 
0.043, 100.00, 573.48 
0.043, 200.00, 1145.05 
0.043, 300.00, 1703.52 
0.043, 400.00, 2247.33 
0.043, 500.00, 2845.62 
0.043, 600.00, 3425.99 
0.043, 700.00, 3950.03 
0.043, 800.00, 4550.73 
0.043, 900.00, 5141.71 
0.043, 1000.00, 5751.72 
0.070, 1.00, 4.87 
0.070, 2.00, 9.87 
0.070, 3.00, 14.55 
0.070, 4.00, 19.41 
0.070, 5.00, 24.35 
0.070, 6.00, 29.50 
0.070, 7.00, 34.20 
0.070, 8.00, 39.12 
0.070, 9.00, 44.05 
0.070, 10.00, 47.99 
0.070, 20.00, 98.18 
0.070, 30.00, 144.29 
0.070, 40.00, 192.32 
0.070, 50.00, 241.06 
0.070, 60.00, 290.61 
0.070, 70.00, 343.56 
0.070, 80.00, 389.71 
0.070, 90.00, 437.63 
0.070, 100.00, 485.48 
0.070, 200.00, 963.57 
0.070, 300.00, 1452.60 
0.070, 400.00, 1944.58 
0.070, 500.00, 2423.20 
0.070, 600.00, 2935.54 
0.070, 700.00, 3403.59 
0.070, 800.00, 3900.48 
0.070, 900.00, 4361.92 
0.070, 1000.00, 4895.69 
0.113, 1.00, 4.16 
0.113, 2.00, 8.34 
0.113, 3.00, 12.68 
0.113, 4.00, 16.72 
0.113, 5.00, 20.78 
0.113, 6.00, 25.40 
0.113, 7.00, 29.45 
0.113, 8.00, 33.47 
0.113, 9.00, 37.43 
0.113, 10.00, 42.37 
0.113, 20.00, 83.57 
0.113, 30.00, 126.25 
0.113, 40.00, 165.50 
0.113, 50.00, 211.52 
0.113, 60.00, 253.32 
0.113, 70.00, 293.25 
0.113, 80.00, 335.16 
0.113, 90.00, 382.20 
0.113, 100.00, 428.75 
0.113, 200.00, 837.10 
0.113, 300.00, 1268.13 
0.113, 400.00, 1676.59 
0.113, 500.00, 2117.01 
0.113, 600.00, 2509.60 
0.113, 700.00, 2946.38 
0.113, 800.00, 3346.68 
0.113, 900.00, 3720.29 
0.113, 1000.00, 4186.39 
0.183, 1.00, 3.66 
0.183, 2.00, 7.40 
0.183, 3.00, 10.89 
0.183, 4.00, 14.67 
0.183, 5.00, 18.32 
0.183, 6.00, 21.91 
0.183, 7.00, 25.70 
0.183, 8.00, 29.20 
0.183, 9.00, 33.12 
0.183, 10.00, 36.70 
0.183, 20.00, 72.56 
0.183, 30.00, 109.81 
0.183, 40.00, 146.47 
0.183, 50.00, 183.37 
0.183, 60.00, 218.85 
0.183, 70.00, 255.73 
0.183, 80.00, 290.52 
0.183, 90.00, 326.97 
0.183, 100.00, 364.92 
0.183, 200.00, 733.75 
0.183, 300.00, 1100.93 
0.183, 400.00, 1457.47 
0.183, 500.00, 1824.31 
0.183, 600.00, 2187.64 
0.183, 700.00, 2537.59 
0.183, 800.00, 2905.07 
0.183, 900.00, 3277.60 
0.183, 1000.00, 3660.77 
0.298, 1.00, 3.24 
0.298, 2.00, 6.43 
0.298, 3.00, 9.71 
0.298, 4.00, 13.00 
0.298, 5.00, 16.16 
0.298, 6.00, 19.51 
0.298, 7.00, 22.81 
0.298, 8.00, 26.11 
0.298, 9.00, 29.24 
0.298, 10.00, 32.39 
0.298, 20.00, 65.08 
0.298, 30.00, 96.50 
0.298, 40.00, 129.22 
0.298, 50.00, 161.08 
0.298, 60.00, 193.06 
0.298, 70.00, 227.63 
0.298, 80.00, 259.95 
0.298, 90.00, 291.62 
0.298, 100.00, 321.59 
0.298, 200.00, 647.27 
0.298, 300.00, 967.04 
0.298, 400.00, 1279.63 
0.298, 500.00, 1620.07 
0.298, 600.00, 1954.92 
0.298, 700.00, 2247.58 
0.298, 800.00, 2600.92 
0.298, 900.00, 2897.64 
0.298, 1000.00, 3267.35 
0.483, 1.00, 2.96 
0.483, 2.00, 5.91 
0.483, 3.00, 8.84 
0.483, 4.00, 11.89 
0.483, 5.00, 14.89 
0.483, 6.00, 17.72 
0.483, 7.00, 20.77 
0.483, 8.00, 23.62 
0.483, 9.00, 26.52 
0.483, 10.00, 29.61 
0.483, 20.00, 59.29 
0.483, 30.00, 89.11 
0.483, 40.00, 118.59 
0.483, 50.00, 147.29 
0.483, 60.00, 177.74 
0.483, 70.00, 206.46 
0.483, 80.00, 237.01 
0.483, 90.00, 266.55 
0.483, 100.00, 296.92 
0.483, 200.00, 587.49 
0.483, 300.00, 880.93 
0.483, 400.00, 1188.96 
0.483, 500.00, 1477.46 
0.483, 600.00, 1763.33 
0.483, 700.00, 2061.76 
0.483, 800.00, 2379.80 
0.483, 900.00, 2657.96 
0.483, 1000.00, 2970.02 
0.785, 1.00, 2.82 
0.785, 2.00, 5.63 
0.785, 3.00, 8.45 
0.785, 4.00, 11.32 
0.785, 5.00, 14.11 
0.785, 6.00, 16.92 
0.785, 7.00, 19.71 
0.785, 8.00, 22.53 
0.785, 9.00, 25.50 
0.785, 10.00, 27.99 
0.785, 20.00, 56.17 
0.785, 30.00, 84.32 
0.785, 40.00, 112.52 
0.785, 50.00, 140.73 
0.785, 60.00, 169.81 
0.785, 70.00, 198.27 
0.785, 80.00, 225.56 
0.785, 90.00, 254.78 
0.785, 100.00, 282.05 
0.785, 200.00, 564.28 
0.785, 300.00, 847.66 
0.785, 400.00, 1122.43 
0.785, 500.00, 1402.74 
0.785, 600.00, 1693.42 
0.785, 700.00, 1971.43 
0.785, 800.00, 2255.39 
0.785, 900.00, 2530.73 
0.785, 1000.00, 2818.22 
1.274, 1.00, 3.04 
1.274, 2.00, 5.99 
1.274, 3.00, 8.93 
1.274, 4.00, 11.94 
1.274, 5.00, 15.08 
1.274, 6.00, 17.86 
1.274, 7.00, 20.96 
1.274, 8.00, 24.11 
1.274, 9.00, 27.22 
1.274, 10.00, 30.01 
1.274, 20.00, 60.59 
1.274, 30.00, 90.39 
1.274, 40.00, 120.30 
1.274, 50.00, 150.10 
1.274, 60.00, 180.50 
1.274, 70.00, 213.45 
1.274, 80.00, 240.53 
1.274, 90.00, 272.93 
1.274, 100.00, 300.45 
1.274, 200.00, 598.61 
1.274, 300.00, 905.24 
1.274, 400.00, 1212.79 
1.274, 500.00, 1502.75 
1.274, 600.00, 1793.43 
1.274, 700.00, 2116.32 
1.274, 800.00, 2415.76 
1.274, 900.00, 2672.09 
1.274, 1000.00, 2999.42 
2.069, 1.00, 3.46 
2.069, 2.00, 6.89 
2.069, 3.00, 10.41 
2.069, 4.00, 13.71 
2.069, 5.00, 17.30 
2.069, 6.00, 20.61 
2.069, 7.00, 24.13 
2.069, 8.00, 27.10 
2.069, 9.00, 30.28 
2.069, 10.00, 34.98 
2.069, 20.00, 69.02 
2.069, 30.00, 100.76 
2.069, 40.00, 135.52 
2.069, 50.00, 173.72 
2.069, 60.00, 208.88 
2.069, 70.00, 241.81 
2.069, 80.00, 274.73 
2.069, 90.00, 311.54 
2.069, 100.00, 345.39 
2.069, 200.00, 697.25 
2.069, 300.00, 1034.40 
2.069, 400.00, 1390.46 
2.069, 500.00, 1699.61 
2.069, 600.00, 2083.21 
2.069, 700.00, 2419.31 
2.069, 800.00, 2786.55 
2.069, 900.00, 3129.59 
2.069, 1000.00, 3427.78 
3.360, 1.00, 4.28 
3.360, 2.00, 8.65 
3.360, 3.00, 13.14 
3.360, 4.00, 17.23 
3.360, 5.00, 21.45 
3.360, 6.00, 26.10 
3.360, 7.00, 30.49 
3.360, 8.00, 34.82 
3.360, 9.00, 39.19 
3.360, 10.00, 43.49 
3.360, 20.00, 86.25 
3.360, 30.00, 127.75 
3.360, 40.00, 170.59 
3.360, 50.00, 216.05 
3.360, 60.00, 259.88 
3.360, 70.00, 303.40 
3.360, 80.00, 352.89 
3.360, 90.00, 384.65 
3.360, 100.00, 439.09 
3.360, 200.00, 871.30 
3.360, 300.00, 1305.77 
3.360, 400.00, 1733.49 
3.360, 500.00, 2187.55 
3.360, 600.00, 2630.91 
3.360, 700.00, 3040.70 
3.360, 800.00, 3541.08 
3.360, 900.00, 3906.46 
3.360, 1000.00, 4420.98 
5.456, 1.00, 5.79 
5.456, 2.00, 11.32 
5.456, 3.00, 17.23 
5.456, 4.00, 23.07 
5.456, 5.00, 28.69 
5.456, 6.00, 34.56 
5.456, 7.00, 40.13 
5.456, 8.00, 45.55 
5.456, 9.00, 51.37 
5.456, 10.00, 58.10 
5.456, 20.00, 114.03 
5.456, 30.00, 172.83 
5.456, 40.00, 230.29 
5.456, 50.00, 287.05 
5.456, 60.00, 347.48 
5.456, 70.00, 403.67 
5.456, 80.00, 463.50 
5.456, 90.00, 527.60 
5.456, 100.00, 574.27 
5.456, 200.00, 1170.74 
5.456, 300.00, 1731.24 
5.456, 400.00, 2295.85 
5.456, 500.00, 2862.69 
5.456, 600.00, 3455.54 
5.456, 700.00, 4109.41 
5.456, 800.00, 4678.43 
5.456, 900.00, 5295.43 
5.456, 1000.00, 5690.64 
8.859, 1.00, 7.66 
8.859, 2.00, 15.23 
8.859, 3.00, 23.42 
8.859, 4.00, 31.21 
8.859, 5.00, 39.65 
8.859, 6.00, 46.59 
8.859, 7.00, 54.73 
8.859, 8.00, 62.16 
8.859, 9.00, 70.94 
8.859, 10.00, 78.54 
8.859, 20.00, 154.08 
8.859, 30.00, 236.45 
8.859, 40.00, 317.25 
8.859, 50.00, 391.23 
8.859, 60.00, 464.01 
8.859, 70.00, 540.35 
8.859, 80.00, 627.01 
8.859, 90.00, 700.36 
8.859, 100.00, 781.97 
8.859, 200.00, 1571.50 
8.859, 300.00, 2357.11 
8.859, 400.00, 3129.11 
8.859, 500.00, 3867.36 
8.859, 600.00, 4707.52 
8.859, 700.00, 5497.62 
8.859, 800.00, 6300.06 
8.859, 900.00, 7056.63 
8.859, 1000.00, 7783.09 
14.384, 1.00, 10.62 
14.384, 2.00, 21.08 
14.384, 3.00, 32.26 
14.384, 4.00, 43.02 
14.384, 5.00, 52.89 
14.384, 6.00, 64.09 
14.384, 7.00, 73.92 
14.384, 8.00, 85.02 
14.384, 9.00, 95.09 
14.384, 10.00, 106.42 
14.384, 20.00, 215.48 
14.384, 30.00, 317.79 
14.384, 40.00, 426.64 
14.384, 50.00, 532.01 
14.384, 60.00, 639.28 
14.384, 70.00, 747.24 
14.384, 80.00, 839.86 
14.384, 90.00, 948.05 
14.384, 100.00, 1051.73 
14.384, 200.00, 2129.95 
14.384, 300.00, 3156.67 
14.384, 400.00, 4344.36 
14.384, 500.00, 5344.66 
14.384, 600.00, 6342.90 
14.384, 700.00, 7414.16 
14.384, 800.00, 8521.95 
14.384, 900.00, 9518.01 
14.384, 1000.00, 10583.62 
23.357, 1.00, 14.39 
23.357, 2.00, 29.49 
23.357, 3.00, 43.47 
23.357, 4.00, 58.40 
23.357, 5.00, 73.48 
23.357, 6.00, 87.56 
23.357, 7.00, 100.49 
23.357, 8.00, 116.17 
23.357, 9.00, 131.39 
23.357, 10.00, 144.72 
23.357, 20.00, 286.90 
23.357, 30.00, 435.43 
23.357, 40.00, 581.84 
23.357, 50.00, 730.65 
23.357, 60.00, 855.74 
23.357, 70.00, 1031.04 
23.357, 80.00, 1162.19 
23.357, 90.00, 1318.81 
23.357, 100.00, 1449.33 
23.357, 200.00, 2966.14 
23.357, 300.00, 4345.41 
23.357, 400.00, 5782.03 
23.357, 500.00, 7280.29 
23.357, 600.00, 8670.31 
23.357, 700.00, 10111.82 
23.357, 800.00, 11506.42 
23.357, 900.00, 13298.18 
23.357, 1000.00, 14246.58 
37.927, 1.00, 19.84 
37.927, 2.00, 39.83 
37.927, 3.00, 59.38 
37.927, 4.00, 79.77 
37.927, 5.00, 99.74 
37.927, 6.00, 118.63 
37.927, 7.00, 140.91 
37.927, 8.00, 160.59 
37.927, 9.00, 179.63 
37.927, 10.00, 200.14 
37.927, 20.00, 399.64 
37.927, 30.00, 600.52 
37.927, 40.00, 796.39 
37.927, 50.00, 990.92 
37.927, 60.00, 1221.15 
37.927, 70.00, 1433.99 
37.927, 80.00, 1594.84 
37.927, 90.00, 1778.48 
37.927, 100.00, 1975.88 
37.927, 200.00, 3968.27 
37.927, 300.00, 6071.26 
37.927, 400.00, 7995.69 
37.927, 500.00, 9915.55 
37.927, 600.00, 11979.80 
37.927, 700.00, 14082.98 
37.927, 800.00, 15615.45 
37.927, 900.00, 17859.01 
37.927, 1000.00, 19971.40 
61.585, 1.00, 27.33 
61.585, 2.00, 54.54 
61.585, 3.00, 81.30 
61.585, 4.00, 109.82 
61.585, 5.00, 136.57 
61.585, 6.00, 165.78 
61.585, 7.00, 188.79 
61.585, 8.00, 220.31 
61.585, 9.00, 244.86 
61.585, 10.00, 268.62 
61.585, 20.00, 539.75 
61.585, 30.00, 828.14 
61.585, 40.00, 1108.17 
61.585, 50.00, 1367.42 
61.585, 60.00, 1661.82 
61.585, 70.00, 1901.14 
61.585, 80.00, 2203.29 
61.585, 90.00, 2461.65 
61.585, 100.00, 2738.69 
61.585, 200.00, 5507.05 
61.585, 300.00, 8184.87 
61.585, 400.00, 10961.65 
61.585, 500.00, 13639.73 
61.585, 600.00, 16613.05 
61.585, 700.00, 19194.04 
61.585, 800.00, 22400.28 
61.585, 900.00, 24353.15 
61.585, 1000.00, 26841.66 
100.000, 1.00, 37.91 
100.000, 2.00, 74.12 
100.000, 3.00, 113.84 
100.000, 4.00, 149.35 
100.000, 5.00, 186.51 
100.000, 6.00, 226.61 
100.000, 7.00, 264.66 
100.000, 8.00, 303.97 
100.000, 9.00, 337.85 
100.000, 10.00, 371.94 
100.000, 20.00, 756.07 
100.000, 30.00, 1116.17 
100.000, 40.00, 1506.52 
100.000, 50.00, 1892.41 
100.000, 60.00, 2273.22 
100.000, 70.00, 2645.51 
100.000, 80.00, 3023.51 
100.000, 90.00, 3360.54 
100.000, 100.00, 3758.12 
100.000, 200.00, 7588.57 
100.000, 300.00, 11249.72 
100.000, 400.00, 14732.06 
100.000, 500.00, 18761.53 
100.000, 600.00, 22450.89 
100.000, 700.00, 25952.64 
100.000, 800.00, 29945.14 
100.000, 900.00, 34117.98 
100.000, 1000.00, 37166.44 
