Agg-Agg collection from the database for the random orientation. 
Characteristic values taken from the peak of a fitted 
gamma distribution from 300 aggregates.  10 even count agg aspect 
ratio bins are produced from values 0.01 to the closest value to 1.0 
and the closest value to 1.0 to 100.0 
0.008, 0.208, 1.94, 12.56, 4.98 
0.008, 0.208, 12.56, 21.67, 13.18 
0.008, 0.208, 21.67, 31.17, 14.50 
0.008, 0.208, 31.17, 41.18, 29.29 
0.008, 0.208, 41.18, 51.57, 26.24 
0.008, 0.208, 51.57, 62.48, 43.88 
0.008, 0.208, 62.48, 74.77, 40.40 
0.008, 0.208, 74.77, 94.74, 46.95 
0.008, 0.208, 94.74, 165.29, 67.70 
0.008, 0.208, 165.29, 254.51, 110.55 
0.008, 0.208, 254.51, 351.28, 172.78 
0.008, 0.208, 351.28, 454.52, 219.20 
0.008, 0.208, 454.52, 566.14, 300.70 
0.008, 0.208, 566.14, 702.53, 327.66 
0.008, 0.208, 702.53, 923.98, 443.69 
0.008, 0.208, 923.98, 1771.26, 656.77 
0.008, 0.208, 1771.26, 2470.77, 1679.15 
0.008, 0.208, 2470.77, 3199.77, 1616.07 
0.008, 0.208, 3199.77, 4068.02, 2195.14 
0.008, 0.208, 4068.02, 4999.91, 2693.78 
0.208, 0.261, 1.98, 12.64, 6.52 
0.208, 0.261, 12.64, 22.06, 14.47 
0.208, 0.261, 22.06, 31.25, 22.73 
0.208, 0.261, 31.25, 40.79, 27.41 
0.208, 0.261, 40.79, 50.90, 30.22 
0.208, 0.261, 50.90, 62.66, 44.18 
0.208, 0.261, 62.66, 76.62, 55.49 
0.208, 0.261, 76.62, 99.05, 70.73 
0.208, 0.261, 99.05, 156.40, 95.43 
0.208, 0.261, 156.40, 233.08, 152.06 
0.208, 0.261, 233.08, 328.36, 248.25 
0.208, 0.261, 328.36, 432.47, 277.21 
0.208, 0.261, 432.47, 549.23, 373.29 
0.208, 0.261, 549.23, 692.39, 461.39 
0.208, 0.261, 692.39, 910.29, 582.62 
0.208, 0.261, 910.29, 1612.23, 1049.91 
0.208, 0.261, 1612.23, 2422.20, 1472.66 
0.208, 0.261, 2422.20, 3210.00, 2242.09 
0.208, 0.261, 3210.00, 4027.36, 2754.16 
0.208, 0.261, 4027.36, 4999.94, 3684.19 
0.261, 0.311, 1.94, 13.01, 7.19 
0.261, 0.311, 13.01, 22.51, 15.63 
0.261, 0.311, 22.51, 31.97, 24.55 
0.261, 0.311, 31.97, 42.38, 29.64 
0.261, 0.311, 42.38, 54.18, 37.53 
0.261, 0.311, 54.18, 67.43, 47.48 
0.261, 0.311, 67.43, 84.54, 64.73 
0.261, 0.311, 84.54, 114.09, 85.61 
0.261, 0.311, 114.09, 169.93, 114.65 
0.261, 0.311, 169.93, 248.23, 159.21 
0.261, 0.311, 248.23, 345.82, 173.29 
0.261, 0.311, 345.82, 455.73, 345.41 
0.261, 0.311, 455.73, 577.46, 433.36 
0.261, 0.311, 577.46, 728.23, 558.76 
0.261, 0.311, 728.23, 939.66, 651.20 
0.261, 0.311, 939.66, 1461.85, 992.00 
0.261, 0.311, 1461.85, 2241.05, 1484.25 
0.261, 0.311, 2241.05, 3116.33, 2465.34 
0.261, 0.311, 3116.33, 4020.92, 3132.30 
0.261, 0.311, 4020.92, 4999.82, 3635.60 
0.311, 0.362, 1.92, 13.21, 7.49 
0.311, 0.362, 13.21, 22.55, 14.99 
0.311, 0.362, 22.55, 32.05, 23.26 
0.311, 0.362, 32.05, 42.63, 33.64 
0.311, 0.362, 42.63, 54.78, 43.08 
0.311, 0.362, 54.78, 69.70, 49.97 
0.311, 0.362, 69.70, 89.05, 72.55 
0.311, 0.362, 89.05, 119.24, 87.07 
0.311, 0.362, 119.24, 170.07, 132.92 
0.311, 0.362, 170.07, 248.19, 173.63 
0.311, 0.362, 248.19, 348.59, 241.35 
0.311, 0.362, 348.59, 465.63, 370.64 
0.311, 0.362, 465.63, 598.77, 504.85 
0.311, 0.362, 598.77, 756.12, 603.55 
0.311, 0.362, 756.12, 956.90, 790.16 
0.311, 0.362, 956.90, 1320.28, 927.50 
0.311, 0.362, 1320.28, 1991.22, 1473.15 
0.311, 0.362, 1991.22, 2870.45, 2100.00 
0.311, 0.362, 2870.45, 3894.61, 3302.29 
0.311, 0.362, 3894.61, 4999.98, 4152.69 
0.362, 0.415, 1.94, 14.66, 8.22 
0.362, 0.415, 14.66, 24.73, 19.43 
0.362, 0.415, 24.73, 35.61, 28.50 
0.362, 0.415, 35.61, 47.79, 40.74 
0.362, 0.415, 47.79, 61.79, 50.48 
0.362, 0.415, 61.79, 78.71, 69.24 
0.362, 0.415, 78.71, 100.37, 81.27 
0.362, 0.415, 100.37, 133.68, 111.07 
0.362, 0.415, 133.68, 186.55, 150.11 
0.362, 0.415, 186.55, 264.66, 200.04 
0.362, 0.415, 264.66, 369.43, 303.28 
0.362, 0.415, 369.43, 490.55, 389.18 
0.362, 0.415, 490.55, 634.59, 529.94 
0.362, 0.415, 634.59, 803.30, 705.49 
0.362, 0.415, 803.30, 1024.42, 830.00 
0.362, 0.415, 1024.42, 1365.06, 1137.58 
0.362, 0.415, 1365.06, 1901.50, 1551.34 
0.362, 0.415, 1901.50, 2687.40, 2311.71 
0.362, 0.415, 2687.40, 3749.43, 2960.33 
0.362, 0.415, 3749.43, 4999.94, 3980.63 
0.415, 0.469, 1.94, 16.51, 11.52 
0.415, 0.469, 16.51, 27.49, 20.91 
0.415, 0.469, 27.49, 39.63, 33.19 
0.415, 0.469, 39.63, 53.04, 46.06 
0.415, 0.469, 53.04, 69.12, 56.59 
0.415, 0.469, 69.12, 88.22, 78.78 
0.415, 0.469, 88.22, 112.58, 93.75 
0.415, 0.469, 112.58, 147.75, 124.41 
0.415, 0.469, 147.75, 200.90, 159.40 
0.415, 0.469, 200.90, 280.12, 251.01 
0.415, 0.469, 280.12, 392.37, 329.27 
0.415, 0.469, 392.37, 532.03, 448.08 
0.415, 0.469, 532.03, 695.58, 613.58 
0.415, 0.469, 695.58, 887.58, 743.74 
0.415, 0.469, 887.58, 1120.35, 997.33 
0.415, 0.469, 1120.35, 1437.05, 1276.60 
0.415, 0.469, 1437.05, 1903.30, 1599.24 
0.415, 0.469, 1903.30, 2599.97, 2252.06 
0.415, 0.469, 2599.97, 3632.46, 2780.17 
0.415, 0.469, 3632.46, 4999.92, 4245.99 
0.469, 0.521, 1.97, 19.42, 12.79 
0.469, 0.521, 19.42, 32.09, 26.24 
0.469, 0.521, 32.09, 46.16, 38.39 
0.469, 0.521, 46.16, 61.71, 51.94 
0.469, 0.521, 61.71, 79.97, 71.81 
0.469, 0.521, 79.97, 101.83, 91.65 
0.469, 0.521, 101.83, 130.24, 108.44 
0.469, 0.521, 130.24, 168.44, 142.10 
0.469, 0.521, 168.44, 227.34, 191.58 
0.469, 0.521, 227.34, 314.04, 269.86 
0.469, 0.521, 314.04, 433.23, 368.37 
0.469, 0.521, 433.23, 585.36, 518.82 
0.469, 0.521, 585.36, 768.08, 657.59 
0.469, 0.521, 768.08, 976.39, 906.06 
0.469, 0.521, 976.39, 1226.93, 1071.10 
0.469, 0.521, 1226.93, 1547.59, 1370.61 
0.469, 0.521, 1547.59, 1973.06, 1702.72 
0.469, 0.521, 1973.06, 2600.65, 2305.22 
0.469, 0.521, 2600.65, 3554.02, 3001.56 
0.469, 0.521, 3554.02, 4999.96, 3976.05 
0.521, 0.578, 2.01, 22.67, 15.65 
0.521, 0.578, 22.67, 37.84, 30.01 
0.521, 0.578, 37.84, 54.13, 44.93 
0.521, 0.578, 54.13, 73.04, 64.09 
0.521, 0.578, 73.04, 94.26, 77.80 
0.521, 0.578, 94.26, 119.38, 112.12 
0.521, 0.578, 119.38, 150.87, 136.69 
0.521, 0.578, 150.87, 193.94, 171.94 
0.521, 0.578, 193.94, 254.99, 235.86 
0.521, 0.578, 254.99, 342.04, 305.88 
0.521, 0.578, 342.04, 475.26, 319.35 
0.521, 0.578, 475.26, 652.29, 598.02 
0.521, 0.578, 652.29, 851.48, 770.27 
0.521, 0.578, 851.48, 1082.42, 988.60 
0.521, 0.578, 1082.42, 1348.29, 1168.73 
0.521, 0.578, 1348.29, 1682.92, 1606.14 
0.521, 0.578, 1682.92, 2115.88, 1974.12 
0.521, 0.578, 2115.88, 2697.89, 2434.92 
0.521, 0.578, 2697.89, 3578.79, 3056.35 
0.521, 0.578, 3578.79, 4999.97, 4385.64 
0.578, 0.649, 2.00, 26.08, 16.07 
0.578, 0.649, 26.08, 43.19, 33.78 
0.578, 0.649, 43.19, 62.57, 52.07 
0.578, 0.649, 62.57, 85.81, 77.32 
0.578, 0.649, 85.81, 111.41, 103.02 
0.578, 0.649, 111.41, 141.39, 124.63 
0.578, 0.649, 141.39, 180.07, 155.78 
0.578, 0.649, 180.07, 229.29, 216.73 
0.578, 0.649, 229.29, 296.54, 257.52 
0.578, 0.649, 296.54, 396.28, 358.44 
0.578, 0.649, 396.28, 546.61, 467.41 
0.578, 0.649, 546.61, 745.86, 670.00 
0.578, 0.649, 745.86, 968.99, 869.78 
0.578, 0.649, 968.99, 1218.40, 1117.69 
0.578, 0.649, 1218.40, 1513.91, 1373.44 
0.578, 0.649, 1513.91, 1865.32, 1688.83 
0.578, 0.649, 1865.32, 2292.85, 2084.24 
0.578, 0.649, 2292.85, 2857.54, 2580.30 
0.578, 0.649, 2857.54, 3671.82, 3171.61 
0.578, 0.649, 3671.82, 4999.78, 4268.79 
0.649, 0.971, 2.24, 31.97, 20.78 
0.649, 0.971, 31.97, 52.45, 44.13 
0.649, 0.971, 52.45, 76.71, 65.05 
0.649, 0.971, 76.71, 103.48, 92.22 
0.649, 0.971, 103.48, 132.04, 123.02 
0.649, 0.971, 132.04, 167.51, 152.91 
0.649, 0.971, 167.51, 208.93, 193.80 
0.649, 0.971, 208.93, 260.36, 235.60 
0.649, 0.971, 260.36, 332.85, 312.49 
0.649, 0.971, 332.85, 439.26, 386.82 
0.649, 0.971, 439.26, 609.45, 526.30 
0.649, 0.971, 609.45, 834.23, 719.57 
0.649, 0.971, 834.23, 1068.57, 996.08 
0.649, 0.971, 1068.57, 1315.61, 1233.52 
0.649, 0.971, 1315.61, 1632.43, 1512.93 
0.649, 0.971, 1632.43, 1982.89, 1864.38 
0.649, 0.971, 1982.89, 2417.99, 2286.10 
0.649, 0.971, 2417.99, 2968.76, 2696.77 
0.649, 0.971, 2968.76, 3730.49, 2712.09 
0.649, 0.971, 3730.49, 4999.93, 4452.33 
1.049, 2.112, 1.86, 12.11, 7.78 
1.049, 2.112, 12.11, 20.49, 14.60 
1.049, 2.112, 20.49, 29.91, 23.70 
1.049, 2.112, 29.91, 41.01, 32.33 
1.049, 2.112, 41.01, 54.41, 45.70 
1.049, 2.112, 54.41, 72.26, 58.99 
1.049, 2.112, 72.26, 97.97, 81.31 
1.049, 2.112, 97.97, 131.56, 111.96 
1.049, 2.112, 131.56, 177.68, 139.37 
1.049, 2.112, 177.68, 236.20, 201.36 
1.049, 2.112, 236.20, 305.16, 266.88 
1.049, 2.112, 305.16, 391.49, 338.95 
1.049, 2.112, 391.49, 503.30, 421.24 
1.049, 2.112, 503.30, 673.39, 591.74 
1.049, 2.112, 673.39, 939.41, 780.09 
1.049, 2.112, 939.41, 1388.75, 1124.55 
1.049, 2.112, 1388.75, 2075.43, 1637.24 
1.049, 2.112, 2075.43, 2969.05, 2425.23 
1.049, 2.112, 2969.05, 3905.42, 3421.51 
1.049, 2.112, 3905.42, 5000.00, 4355.01 
2.112, 2.512, 1.96, 12.27, 7.60 
2.112, 2.512, 12.27, 20.36, 14.53 
2.112, 2.512, 20.36, 29.84, 23.63 
2.112, 2.512, 29.84, 40.90, 33.39 
2.112, 2.512, 40.90, 53.85, 44.79 
2.112, 2.512, 53.85, 69.76, 53.88 
2.112, 2.512, 69.76, 90.04, 74.81 
2.112, 2.512, 90.04, 117.00, 87.09 
2.112, 2.512, 117.00, 157.96, 123.92 
2.112, 2.512, 157.96, 223.71, 172.96 
2.112, 2.512, 223.71, 312.49, 254.47 
2.112, 2.512, 312.49, 419.38, 336.68 
2.112, 2.512, 419.38, 548.98, 432.58 
2.112, 2.512, 548.98, 722.65, 606.30 
2.112, 2.512, 722.65, 954.50, 730.85 
2.112, 2.512, 954.50, 1280.10, 997.27 
2.112, 2.512, 1280.10, 1813.22, 1360.64 
2.112, 2.512, 1813.22, 2659.43, 2041.23 
2.112, 2.512, 2659.43, 3701.58, 3127.34 
2.112, 2.512, 3701.58, 4999.95, 3928.75 
2.512, 2.845, 2.02, 12.83, 7.01 
2.512, 2.845, 12.83, 21.64, 14.41 
2.512, 2.845, 21.64, 31.69, 23.38 
2.512, 2.845, 31.69, 43.21, 30.16 
2.512, 2.845, 43.21, 56.37, 47.45 
2.512, 2.845, 56.37, 72.63, 53.18 
2.512, 2.845, 72.63, 93.39, 72.54 
2.512, 2.845, 93.39, 122.80, 92.56 
2.512, 2.845, 122.80, 171.81, 118.80 
2.512, 2.845, 171.81, 249.48, 163.77 
2.512, 2.845, 249.48, 347.64, 280.08 
2.512, 2.845, 347.64, 458.63, 365.44 
2.512, 2.845, 458.63, 591.80, 488.39 
2.512, 2.845, 591.80, 757.67, 575.50 
2.512, 2.845, 757.67, 969.83, 791.99 
2.512, 2.845, 969.83, 1280.74, 1045.69 
2.512, 2.845, 1280.74, 1791.33, 1309.63 
2.512, 2.845, 1791.33, 2605.60, 1950.44 
2.512, 2.845, 2605.60, 3709.94, 2974.16 
2.512, 2.845, 3709.94, 4999.87, 3782.44 
2.845, 3.158, 2.01, 13.60, 8.34 
2.845, 3.158, 13.60, 22.55, 15.27 
2.845, 3.158, 22.55, 32.80, 24.86 
2.845, 3.158, 32.80, 44.18, 33.62 
2.845, 3.158, 44.18, 57.30, 39.31 
2.845, 3.158, 57.30, 73.15, 59.94 
2.845, 3.158, 73.15, 93.64, 74.20 
2.845, 3.158, 93.64, 123.51, 88.66 
2.845, 3.158, 123.51, 175.98, 117.65 
2.845, 3.158, 175.98, 259.40, 187.22 
2.845, 3.158, 259.40, 357.96, 285.70 
2.845, 3.158, 357.96, 467.16, 370.71 
2.845, 3.158, 467.16, 596.43, 454.63 
2.845, 3.158, 596.43, 753.85, 584.06 
2.845, 3.158, 753.85, 958.74, 704.61 
2.845, 3.158, 958.74, 1256.94, 926.73 
2.845, 3.158, 1256.94, 1758.20, 1349.84 
2.845, 3.158, 1758.20, 2621.04, 1991.51 
2.845, 3.158, 2621.04, 3736.72, 2556.17 
2.845, 3.158, 3736.72, 4999.98, 3775.31 
3.158, 3.475, 2.03, 13.72, 8.47 
3.158, 3.475, 13.72, 22.69, 15.65 
3.158, 3.475, 22.69, 32.69, 23.04 
3.158, 3.475, 32.69, 43.85, 32.24 
3.158, 3.475, 43.85, 56.43, 42.97 
3.158, 3.475, 56.43, 71.57, 53.16 
3.158, 3.475, 71.57, 90.77, 64.15 
3.158, 3.475, 90.77, 120.97, 88.96 
3.158, 3.475, 120.97, 177.14, 128.52 
3.158, 3.475, 177.14, 262.59, 172.47 
3.158, 3.475, 262.59, 361.39, 269.15 
3.158, 3.475, 361.39, 467.09, 362.61 
3.158, 3.475, 467.09, 590.88, 447.74 
3.158, 3.475, 590.88, 741.21, 587.52 
3.158, 3.475, 741.21, 936.72, 661.84 
3.158, 3.475, 936.72, 1226.24, 838.23 
3.158, 3.475, 1226.24, 1725.28, 1238.17 
3.158, 3.475, 1725.28, 2593.48, 1881.04 
3.158, 3.475, 2593.48, 3730.24, 2788.73 
3.158, 3.475, 3730.24, 4999.83, 3768.82 
3.475, 3.827, 2.06, 13.61, 7.22 
3.475, 3.827, 13.61, 22.65, 15.56 
3.475, 3.827, 22.65, 32.43, 23.63 
3.475, 3.827, 32.43, 42.96, 33.77 
3.475, 3.827, 42.96, 54.89, 43.01 
3.475, 3.827, 54.89, 69.21, 51.19 
3.475, 3.827, 69.21, 87.81, 63.05 
3.475, 3.827, 87.81, 117.96, 77.34 
3.475, 3.827, 117.96, 174.99, 108.76 
3.475, 3.827, 174.99, 262.26, 189.89 
3.475, 3.827, 262.26, 357.83, 254.97 
3.475, 3.827, 357.83, 462.08, 327.87 
3.475, 3.827, 462.08, 582.07, 403.19 
3.475, 3.827, 582.07, 721.19, 519.37 
3.475, 3.827, 721.19, 904.99, 647.35 
3.475, 3.827, 904.99, 1193.59, 906.58 
3.475, 3.827, 1193.59, 1705.78, 893.45 
3.475, 3.827, 1705.78, 2623.14, 1721.55 
3.475, 3.827, 2623.14, 3748.97, 2790.47 
3.475, 3.827, 3748.97, 4999.99, 3779.63 
3.827, 4.238, 1.91, 13.78, 6.89 
3.827, 4.238, 13.78, 22.89, 15.14 
3.827, 4.238, 22.89, 32.57, 23.50 
3.827, 4.238, 32.57, 43.11, 28.19 
3.827, 4.238, 43.11, 55.10, 30.80 
3.827, 4.238, 55.10, 68.93, 52.32 
3.827, 4.238, 68.93, 87.50, 59.39 
3.827, 4.238, 87.50, 121.26, 79.60 
3.827, 4.238, 121.26, 184.15, 122.42 
3.827, 4.238, 184.15, 272.67, 172.65 
3.827, 4.238, 272.67, 367.62, 248.97 
3.827, 4.238, 367.62, 470.56, 346.21 
3.827, 4.238, 470.56, 587.04, 399.23 
3.827, 4.238, 587.04, 722.76, 543.27 
3.827, 4.238, 722.76, 901.25, 626.19 
3.827, 4.238, 901.25, 1199.96, 803.09 
3.827, 4.238, 1199.96, 1751.57, 1091.56 
3.827, 4.238, 1751.57, 2733.39, 1699.78 
3.827, 4.238, 2733.39, 3819.71, 3051.81 
3.827, 4.238, 3819.71, 4999.95, 3702.54 
4.238, 4.759, 1.50, 13.34, 5.62 
4.238, 4.759, 13.34, 21.94, 15.08 
4.238, 4.759, 21.94, 31.08, 19.21 
4.238, 4.759, 31.08, 40.69, 26.26 
4.238, 4.759, 40.69, 51.43, 35.47 
4.238, 4.759, 51.43, 64.49, 38.52 
4.238, 4.759, 64.49, 81.80, 61.45 
4.238, 4.759, 81.80, 111.73, 75.90 
4.238, 4.759, 111.73, 174.24, 114.24 
4.238, 4.759, 174.24, 264.18, 188.78 
4.238, 4.759, 264.18, 358.20, 262.75 
4.238, 4.759, 358.20, 458.73, 300.52 
4.238, 4.759, 458.73, 570.33, 315.58 
4.238, 4.759, 570.33, 697.95, 375.11 
4.238, 4.759, 697.95, 866.47, 580.92 
4.238, 4.759, 866.47, 1169.68, 636.52 
4.238, 4.759, 1169.68, 1760.64, 1088.33 
4.238, 4.759, 1760.64, 2810.52, 1565.13 
4.238, 4.759, 2810.52, 3901.52, 2672.12 
4.238, 4.759, 3901.52, 4999.96, 3475.83 
4.759, 5.550, 1.72, 13.26, 5.99 
4.759, 5.550, 13.26, 22.08, 9.44 
4.759, 5.550, 22.08, 31.20, 20.40 
4.759, 5.550, 31.20, 40.57, 25.77 
4.759, 5.550, 40.57, 50.77, 35.49 
4.759, 5.550, 50.77, 62.72, 44.67 
4.759, 5.550, 62.72, 78.47, 41.95 
4.759, 5.550, 78.47, 109.50, 50.71 
4.759, 5.550, 109.50, 179.47, 117.03 
4.759, 5.550, 179.47, 271.60, 157.51 
4.759, 5.550, 271.60, 366.80, 185.69 
4.759, 5.550, 366.80, 465.63, 308.22 
4.759, 5.550, 465.63, 571.49, 281.08 
4.759, 5.550, 571.49, 691.70, 482.17 
4.759, 5.550, 691.70, 846.36, 462.08 
4.759, 5.550, 846.36, 1127.04, 564.54 
4.759, 5.550, 1127.04, 1730.04, 1067.01 
4.759, 5.550, 1730.04, 2860.66, 1205.73 
4.759, 5.550, 2860.66, 3936.95, 2562.30 
4.759, 5.550, 3936.95, 4999.94, 3420.80 
5.550, 126.725, 1.53, 12.72, 5.79 
5.550, 126.725, 12.72, 21.31, 9.10 
5.550, 126.725, 21.31, 30.06, 19.87 
5.550, 126.725, 30.06, 38.94, 25.94 
5.550, 126.725, 38.94, 48.45, 25.49 
5.550, 126.725, 48.45, 59.27, 42.28 
5.550, 126.725, 59.27, 73.67, 38.32 
5.550, 126.725, 73.67, 103.86, 45.77 
5.550, 126.725, 103.86, 184.39, 102.30 
5.550, 126.725, 184.39, 279.37, 160.08 
5.550, 126.725, 279.37, 369.30, 172.10 
5.550, 126.725, 369.30, 458.88, 325.32 
5.550, 126.725, 458.88, 553.38, 261.83 
5.550, 126.725, 553.38, 658.92, 476.09 
5.550, 126.725, 658.92, 789.52, 547.06 
5.550, 126.725, 789.52, 1047.35, 652.96 
5.550, 126.725, 1047.35, 1762.71, 1001.49 
5.550, 126.725, 1762.71, 3021.61, 1188.46 
5.550, 126.725, 3021.61, 4043.39, 2057.85 
5.550, 126.725, 4043.39, 4999.89, 2613.25 
