0.008, 0.215, 1.54, 8.83, 5.20 
0.008, 0.215, 8.83, 15.22, 12.50 
0.008, 0.215, 15.22, 21.87, 11.98 
0.008, 0.215, 21.87, 30.39, 23.03 
0.008, 0.215, 30.39, 40.59, 32.02 
0.008, 0.215, 40.59, 51.04, 29.19 
0.008, 0.215, 51.04, 64.73, 34.11 
0.008, 0.215, 64.73, 87.20, 46.60 
0.008, 0.215, 87.20, 150.41, 88.88 
0.008, 0.215, 150.41, 213.98, 112.84 
0.008, 0.215, 213.98, 296.66, 238.25 
0.008, 0.215, 296.66, 393.25, 225.69 
0.008, 0.215, 393.25, 489.03, 361.38 
0.008, 0.215, 489.03, 602.24, 329.84 
0.008, 0.215, 602.24, 747.97, 488.36 
0.008, 0.215, 747.97, 1000.37, 634.52 
0.008, 0.215, 1000.37, 1741.32, 656.87 
0.008, 0.215, 1741.32, 2806.13, 1207.83 
0.008, 0.215, 2806.13, 3942.71, 2011.21 
0.008, 0.215, 3942.71, 4999.91, 4270.13 
0.215, 0.273, 1.56, 10.65, 6.16 
0.215, 0.273, 10.65, 18.69, 12.90 
0.215, 0.273, 18.69, 26.71, 17.67 
0.215, 0.273, 26.71, 35.06, 25.31 
0.215, 0.273, 35.06, 44.28, 23.11 
0.215, 0.273, 44.28, 54.95, 38.49 
0.215, 0.273, 54.95, 68.44, 48.31 
0.215, 0.273, 68.44, 92.32, 62.30 
0.215, 0.273, 92.32, 159.68, 121.11 
0.215, 0.273, 159.68, 235.02, 183.06 
0.215, 0.273, 235.02, 318.49, 229.87 
0.215, 0.273, 318.49, 408.25, 295.38 
0.215, 0.273, 408.25, 505.06, 396.31 
0.215, 0.273, 505.06, 615.78, 425.12 
0.215, 0.273, 615.78, 755.87, 562.44 
0.215, 0.273, 755.87, 999.84, 571.83 
0.215, 0.273, 999.84, 1798.16, 693.41 
0.215, 0.273, 1798.16, 3009.46, 2171.56 
0.215, 0.273, 3009.46, 3988.82, 2647.57 
0.215, 0.273, 3988.82, 4999.94, 3974.27 
0.273, 0.327, 1.58, 11.56, 7.36 
0.273, 0.327, 11.56, 19.75, 13.37 
0.273, 0.327, 19.75, 28.37, 22.00 
0.273, 0.327, 28.37, 37.87, 28.59 
0.273, 0.327, 37.87, 48.79, 38.51 
0.273, 0.327, 48.79, 62.34, 50.93 
0.273, 0.327, 62.34, 80.13, 65.28 
0.273, 0.327, 80.13, 112.52, 76.99 
0.273, 0.327, 112.52, 177.53, 131.43 
0.273, 0.327, 177.53, 255.74, 192.23 
0.273, 0.327, 255.74, 343.03, 261.14 
0.273, 0.327, 343.03, 438.98, 357.16 
0.273, 0.327, 438.98, 547.06, 435.01 
0.273, 0.327, 547.06, 672.94, 500.28 
0.273, 0.327, 672.94, 831.90, 653.55 
0.273, 0.327, 831.90, 1087.58, 843.97 
0.273, 0.327, 1087.58, 1748.11, 1116.28 
0.273, 0.327, 1748.11, 2777.32, 2000.88 
0.273, 0.327, 2777.32, 3923.21, 3183.98 
0.273, 0.327, 3923.21, 4999.82, 3586.72 
0.327, 0.381, 1.61, 12.33, 7.34 
0.327, 0.381, 12.33, 20.94, 16.19 
0.327, 0.381, 20.94, 30.38, 22.66 
0.327, 0.381, 30.38, 40.89, 31.78 
0.327, 0.381, 40.89, 53.06, 40.43 
0.327, 0.381, 53.06, 67.92, 53.68 
0.327, 0.381, 67.92, 88.38, 71.24 
0.327, 0.381, 88.38, 120.57, 94.01 
0.327, 0.381, 120.57, 176.63, 134.68 
0.327, 0.381, 176.63, 253.10, 191.15 
0.327, 0.381, 253.10, 345.76, 265.57 
0.327, 0.381, 345.76, 452.45, 353.68 
0.327, 0.381, 452.45, 575.16, 501.42 
0.327, 0.381, 575.16, 717.90, 593.04 
0.327, 0.381, 717.90, 893.80, 772.27 
0.327, 0.381, 893.80, 1156.08, 880.88 
0.327, 0.381, 1156.08, 1672.22, 1362.75 
0.327, 0.381, 1672.22, 2517.61, 1899.84 
0.327, 0.381, 2517.61, 3731.60, 2697.57 
0.327, 0.381, 3731.60, 4999.98, 3995.37 
0.381, 0.436, 1.57, 14.17, 8.46 
0.381, 0.436, 14.17, 24.08, 18.59 
0.381, 0.436, 24.08, 35.17, 29.26 
0.381, 0.436, 35.17, 47.48, 41.03 
0.381, 0.436, 47.48, 62.00, 52.97 
0.381, 0.436, 62.00, 79.49, 64.96 
0.381, 0.436, 79.49, 102.65, 91.11 
0.381, 0.436, 102.65, 138.59, 114.63 
0.381, 0.436, 138.59, 192.53, 167.24 
0.381, 0.436, 192.53, 269.31, 225.01 
0.381, 0.436, 269.31, 370.60, 290.36 
0.381, 0.436, 370.60, 487.29, 391.99 
0.381, 0.436, 487.29, 630.11, 513.73 
0.381, 0.436, 630.11, 796.52, 691.05 
0.381, 0.436, 796.52, 1003.43, 910.60 
0.381, 0.436, 1003.43, 1296.32, 1146.99 
0.381, 0.436, 1296.32, 1762.02, 1410.72 
0.381, 0.436, 1762.02, 2485.38, 1983.22 
0.381, 0.436, 2485.38, 3617.93, 2701.75 
0.381, 0.436, 3617.93, 4999.92, 3864.54 
0.436, 0.488, 1.57, 16.33, 9.75 
0.436, 0.488, 16.33, 27.85, 21.09 
0.436, 0.488, 27.85, 40.51, 31.95 
0.436, 0.488, 40.51, 55.05, 47.65 
0.436, 0.488, 55.05, 71.89, 62.32 
0.436, 0.488, 71.89, 91.96, 76.56 
0.436, 0.488, 91.96, 118.15, 108.99 
0.436, 0.488, 118.15, 155.47, 132.73 
0.436, 0.488, 155.47, 208.12, 171.87 
0.436, 0.488, 208.12, 287.53, 240.35 
0.436, 0.488, 287.53, 397.02, 337.71 
0.436, 0.488, 397.02, 535.65, 445.07 
0.436, 0.488, 535.65, 702.28, 573.20 
0.436, 0.488, 702.28, 892.75, 763.34 
0.436, 0.488, 892.75, 1126.23, 958.41 
0.436, 0.488, 1126.23, 1426.40, 1302.66 
0.436, 0.488, 1426.40, 1844.24, 1599.12 
0.436, 0.488, 1844.24, 2503.17, 2182.91 
0.436, 0.488, 2503.17, 3542.65, 2774.39 
0.436, 0.488, 3542.65, 4999.90, 3920.15 
0.488, 0.541, 1.66, 19.65, 12.44 
0.488, 0.541, 19.65, 33.24, 25.91 
0.488, 0.541, 33.24, 48.37, 39.70 
0.488, 0.541, 48.37, 65.37, 55.39 
0.488, 0.541, 65.37, 84.98, 75.67 
0.488, 0.541, 84.98, 109.41, 98.80 
0.488, 0.541, 109.41, 139.72, 119.38 
0.488, 0.541, 139.72, 181.85, 161.01 
0.488, 0.541, 181.85, 243.78, 209.19 
0.488, 0.541, 243.78, 331.09, 283.37 
0.488, 0.541, 331.09, 452.33, 415.23 
0.488, 0.541, 452.33, 609.01, 521.99 
0.488, 0.541, 609.01, 795.31, 715.01 
0.488, 0.541, 795.31, 1006.63, 913.68 
0.488, 0.541, 1006.63, 1261.15, 1193.05 
0.488, 0.541, 1261.15, 1576.15, 1471.35 
0.488, 0.541, 1576.15, 2002.21, 1752.40 
0.488, 0.541, 2002.21, 2609.47, 2347.48 
0.488, 0.541, 2609.47, 3530.97, 3088.24 
0.488, 0.541, 3530.97, 4999.97, 4246.59 
0.541, 0.599, 1.60, 22.65, 15.20 
0.541, 0.599, 22.65, 38.78, 30.64 
0.541, 0.599, 38.78, 56.02, 47.74 
0.541, 0.599, 56.02, 76.42, 67.00 
0.541, 0.599, 76.42, 99.10, 88.93 
0.541, 0.599, 99.10, 125.50, 117.60 
0.541, 0.599, 125.50, 158.33, 146.11 
0.541, 0.599, 158.33, 201.37, 179.98 
0.541, 0.599, 201.37, 262.43, 237.81 
0.541, 0.599, 262.43, 349.48, 316.07 
0.541, 0.599, 349.48, 485.90, 428.91 
0.541, 0.599, 485.90, 665.28, 559.73 
0.541, 0.599, 665.28, 870.64, 773.22 
0.541, 0.599, 870.64, 1100.35, 980.45 
0.541, 0.599, 1100.35, 1366.34, 1282.39 
0.541, 0.599, 1366.34, 1703.76, 1515.41 
0.541, 0.599, 1703.76, 2123.63, 2021.88 
0.541, 0.599, 2123.63, 2690.83, 2485.95 
0.541, 0.599, 2690.83, 3551.74, 3173.51 
0.541, 0.599, 3551.74, 4999.92, 4499.37 
0.599, 0.677, 1.75, 26.39, 18.92 
0.599, 0.677, 26.39, 44.36, 35.43 
0.599, 0.677, 44.36, 64.98, 58.11 
0.599, 0.677, 64.98, 89.45, 79.20 
0.599, 0.677, 89.45, 116.16, 98.83 
0.599, 0.677, 116.16, 148.19, 135.28 
0.599, 0.677, 148.19, 187.28, 169.16 
0.599, 0.677, 187.28, 236.94, 222.21 
0.599, 0.677, 236.94, 305.53, 279.07 
0.599, 0.677, 305.53, 404.48, 357.89 
0.599, 0.677, 404.48, 560.41, 507.19 
0.599, 0.677, 560.41, 763.22, 657.67 
0.599, 0.677, 763.22, 992.64, 902.97 
0.599, 0.677, 992.64, 1245.41, 1176.91 
0.599, 0.677, 1245.41, 1541.00, 1455.75 
0.599, 0.677, 1541.00, 1886.53, 1708.76 
0.599, 0.677, 1886.53, 2318.13, 2178.05 
0.599, 0.677, 2318.13, 2882.23, 2725.20 
0.599, 0.677, 2882.23, 3685.23, 3455.67 
0.599, 0.677, 3685.23, 4999.78, 4324.91 
0.677, 1.721, 1.66, 18.69, 14.68 
0.677, 1.721, 18.69, 33.84, 30.90 
0.677, 1.721, 33.84, 51.55, 48.01 
0.677, 1.721, 51.55, 74.96, 72.90 
0.677, 1.721, 74.96, 103.89, 98.36 
0.677, 1.721, 103.89, 136.27, 132.49 
0.677, 1.721, 136.27, 175.93, 165.16 
0.677, 1.721, 175.93, 222.74, 210.57 
0.677, 1.721, 222.74, 283.70, 284.17 
0.677, 1.721, 283.70, 365.83, 358.43 
0.677, 1.721, 365.83, 484.20, 451.96 
0.677, 1.721, 484.20, 670.07, 574.40 
0.677, 1.721, 670.07, 906.56, 841.82 
0.677, 1.721, 906.56, 1173.53, 1139.05 
0.677, 1.721, 1173.53, 1492.80, 1403.69 
0.677, 1.721, 1492.80, 1874.59, 1757.39 
0.677, 1.721, 1874.59, 2340.21, 2201.84 
0.677, 1.721, 2340.21, 2929.32, 2704.06 
0.677, 1.721, 2929.32, 3725.33, 3252.51 
0.677, 1.721, 3725.33, 4999.93, 4375.27 
1.721, 2.262, 1.55, 9.35, 6.14 
1.721, 2.262, 9.35, 15.47, 13.76 
1.721, 2.262, 15.47, 22.57, 19.99 
1.721, 2.262, 22.57, 31.89, 29.76 
1.721, 2.262, 31.89, 42.82, 37.25 
1.721, 2.262, 42.82, 56.82, 52.54 
1.721, 2.262, 56.82, 75.74, 63.35 
1.721, 2.262, 75.74, 104.19, 77.96 
1.721, 2.262, 104.19, 145.44, 118.95 
1.721, 2.262, 145.44, 202.69, 175.50 
1.721, 2.262, 202.69, 283.63, 247.20 
1.721, 2.262, 283.63, 379.90, 305.11 
1.721, 2.262, 379.90, 500.43, 416.30 
1.721, 2.262, 500.43, 673.10, 583.75 
1.721, 2.262, 673.10, 901.76, 762.48 
1.721, 2.262, 901.76, 1229.48, 988.72 
1.721, 2.262, 1229.48, 1697.54, 1397.39 
1.721, 2.262, 1697.54, 2466.88, 2000.25 
1.721, 2.262, 2466.88, 3568.11, 2978.03 
1.721, 2.262, 3568.11, 4999.82, 3946.44 
2.262, 2.625, 1.48, 11.52, 6.72 
2.262, 2.625, 11.52, 19.09, 13.73 
2.262, 2.625, 19.09, 28.00, 21.36 
2.262, 2.625, 28.00, 38.77, 32.71 
2.262, 2.625, 38.77, 51.38, 41.40 
2.262, 2.625, 51.38, 66.82, 49.16 
2.262, 2.625, 66.82, 87.27, 70.37 
2.262, 2.625, 87.27, 115.91, 88.27 
2.262, 2.625, 115.91, 158.99, 114.32 
2.262, 2.625, 158.99, 227.41, 184.45 
2.262, 2.625, 227.41, 315.99, 257.41 
2.262, 2.625, 315.99, 418.87, 337.90 
2.262, 2.625, 418.87, 540.67, 458.61 
2.262, 2.625, 540.67, 699.58, 531.36 
2.262, 2.625, 699.58, 904.46, 677.60 
2.262, 2.625, 904.46, 1186.17, 883.61 
2.262, 2.625, 1186.17, 1640.94, 1218.92 
2.262, 2.625, 1640.94, 2418.03, 1873.17 
2.262, 2.625, 2418.03, 3596.20, 2679.99 
2.262, 2.625, 3596.20, 4999.95, 3831.94 
2.625, 2.937, 1.32, 12.56, 8.31 
2.625, 2.937, 12.56, 20.89, 14.84 
2.625, 2.937, 20.89, 30.60, 23.55 
2.625, 2.937, 30.60, 41.91, 32.48 
2.625, 2.937, 41.91, 55.09, 41.69 
2.625, 2.937, 55.09, 71.25, 58.91 
2.625, 2.937, 71.25, 92.01, 76.07 
2.625, 2.937, 92.01, 122.89, 90.69 
2.625, 2.937, 122.89, 173.33, 130.37 
2.625, 2.937, 173.33, 251.02, 200.07 
2.625, 2.937, 251.02, 346.16, 272.59 
2.625, 2.937, 346.16, 452.02, 360.84 
2.625, 2.937, 452.02, 575.66, 420.28 
2.625, 2.937, 575.66, 727.07, 570.93 
2.625, 2.937, 727.07, 919.73, 764.11 
2.625, 2.937, 919.73, 1194.08, 868.04 
2.625, 2.937, 1194.08, 1642.93, 1217.05 
2.625, 2.937, 1642.93, 2446.30, 1711.84 
2.625, 2.937, 2446.30, 3650.69, 2791.83 
2.625, 2.937, 3650.69, 4999.98, 4054.65 
2.937, 3.241, 1.56, 13.04, 7.62 
2.937, 3.241, 13.04, 21.52, 15.86 
2.937, 3.241, 21.52, 31.46, 20.88 
2.937, 3.241, 31.46, 42.48, 32.61 
2.937, 3.241, 42.48, 55.23, 41.27 
2.937, 3.241, 55.23, 71.07, 56.92 
2.937, 3.241, 71.07, 91.87, 66.63 
2.937, 3.241, 91.87, 122.70, 87.67 
2.937, 3.241, 122.70, 176.13, 129.94 
2.937, 3.241, 176.13, 257.90, 202.26 
2.937, 3.241, 257.90, 352.93, 276.66 
2.937, 3.241, 352.93, 457.50, 332.46 
2.937, 3.241, 457.50, 581.02, 459.62 
2.937, 3.241, 581.02, 730.37, 524.65 
2.937, 3.241, 730.37, 921.13, 715.71 
2.937, 3.241, 921.13, 1191.54, 932.65 
2.937, 3.241, 1191.54, 1654.93, 1158.06 
2.937, 3.241, 1654.93, 2508.82, 1631.07 
2.937, 3.241, 2508.82, 3742.51, 2589.71 
2.937, 3.241, 3742.51, 4999.84, 3992.73 
3.241, 3.549, 1.55, 13.26, 7.89 
3.241, 3.549, 13.26, 21.99, 14.90 
3.241, 3.549, 21.99, 31.68, 23.51 
3.241, 3.549, 31.68, 42.41, 31.38 
3.241, 3.549, 42.41, 54.64, 38.71 
3.241, 3.549, 54.64, 69.72, 53.52 
3.241, 3.549, 69.72, 89.96, 65.63 
3.241, 3.549, 89.96, 121.55, 82.60 
3.241, 3.549, 121.55, 177.67, 124.99 
3.241, 3.549, 177.67, 260.29, 187.55 
3.241, 3.549, 260.29, 354.85, 264.09 
3.241, 3.549, 354.85, 455.92, 249.69 
3.241, 3.549, 455.92, 573.85, 446.43 
3.241, 3.549, 573.85, 713.83, 572.02 
3.241, 3.549, 713.83, 891.59, 643.92 
3.241, 3.549, 891.59, 1153.35, 773.86 
3.241, 3.549, 1153.35, 1597.86, 929.00 
3.241, 3.549, 1597.86, 2467.73, 1617.90 
3.241, 3.549, 2467.73, 3707.54, 2651.03 
3.241, 3.549, 3707.54, 4999.93, 3405.35 
3.549, 3.895, 1.16, 13.22, 7.35 
3.549, 3.895, 13.22, 21.92, 13.11 
3.549, 3.895, 21.92, 31.43, 23.81 
3.549, 3.895, 31.43, 41.85, 28.63 
3.549, 3.895, 41.85, 53.74, 38.70 
3.549, 3.895, 53.74, 68.11, 47.58 
3.549, 3.895, 68.11, 87.81, 59.89 
3.549, 3.895, 87.81, 119.67, 62.73 
3.549, 3.895, 119.67, 176.80, 111.52 
3.549, 3.895, 176.80, 261.86, 131.94 
3.549, 3.895, 261.86, 353.80, 276.43 
3.549, 3.895, 353.80, 453.69, 311.88 
3.549, 3.895, 453.69, 567.24, 408.60 
3.549, 3.895, 567.24, 698.78, 494.30 
3.549, 3.895, 698.78, 866.14, 472.09 
3.549, 3.895, 866.14, 1128.32, 748.60 
3.549, 3.895, 1128.32, 1601.83, 1013.54 
3.549, 3.895, 1601.83, 2559.84, 1723.42 
3.549, 3.895, 2559.84, 3784.46, 2689.72 
3.549, 3.895, 3784.46, 4999.99, 2865.69 
3.895, 4.299, 1.36, 13.45, 8.22 
3.895, 4.299, 13.45, 22.29, 13.49 
3.895, 4.299, 22.29, 31.76, 21.32 
3.895, 4.299, 31.76, 42.02, 28.18 
3.895, 4.299, 42.02, 54.03, 36.14 
3.895, 4.299, 54.03, 68.07, 48.92 
3.895, 4.299, 68.07, 87.84, 65.13 
3.895, 4.299, 87.84, 123.79, 67.79 
3.895, 4.299, 123.79, 186.04, 116.63 
3.895, 4.299, 186.04, 271.96, 196.44 
3.895, 4.299, 271.96, 363.89, 276.22 
3.895, 4.299, 363.89, 463.30, 270.41 
3.895, 4.299, 463.30, 575.54, 379.76 
3.895, 4.299, 575.54, 703.41, 488.67 
3.895, 4.299, 703.41, 868.52, 483.92 
3.895, 4.299, 868.52, 1143.22, 756.33 
3.895, 4.299, 1143.22, 1651.41, 1236.27 
3.895, 4.299, 1651.41, 2692.88, 1699.04 
3.895, 4.299, 2692.88, 3840.29, 3032.32 
3.895, 4.299, 3840.29, 4999.95, 3357.79 
4.299, 4.816, 1.29, 12.90, 5.53 
4.299, 4.816, 12.90, 21.27, 13.20 
4.299, 4.816, 21.27, 30.15, 18.94 
4.299, 4.816, 30.15, 39.62, 26.55 
4.299, 4.816, 39.62, 49.92, 38.38 
4.299, 4.816, 49.92, 62.80, 45.41 
4.299, 4.816, 62.80, 80.62, 55.12 
4.299, 4.816, 80.62, 111.85, 75.24 
4.299, 4.816, 111.85, 173.58, 105.74 
4.299, 4.816, 173.58, 261.04, 118.14 
4.299, 4.816, 261.04, 353.70, 254.38 
4.299, 4.816, 353.70, 451.57, 315.05 
4.299, 4.816, 451.57, 559.51, 377.71 
4.299, 4.816, 559.51, 681.90, 487.15 
4.299, 4.816, 681.90, 838.76, 579.87 
4.299, 4.816, 838.76, 1107.50, 721.98 
4.299, 4.816, 1107.50, 1660.15, 819.47 
4.299, 4.816, 1660.15, 2801.00, 1685.55 
4.299, 4.816, 2801.00, 3929.82, 2584.72 
4.299, 4.816, 3929.82, 4999.96, 3346.15 
4.816, 5.597, 1.15, 12.90, 5.93 
4.816, 5.597, 12.90, 21.59, 12.57 
4.816, 5.597, 21.59, 30.54, 18.77 
4.816, 5.597, 30.54, 39.82, 27.86 
4.816, 5.597, 39.82, 49.82, 32.81 
4.816, 5.597, 49.82, 61.92, 33.86 
4.816, 5.597, 61.92, 78.46, 51.57 
4.816, 5.597, 78.46, 113.15, 54.61 
4.816, 5.597, 113.15, 183.27, 104.32 
4.816, 5.597, 183.27, 274.55, 136.70 
4.816, 5.597, 274.55, 367.61, 251.82 
4.816, 5.597, 367.61, 463.49, 243.38 
4.816, 5.597, 463.49, 565.67, 409.77 
4.816, 5.597, 565.67, 680.82, 372.36 
4.816, 5.597, 680.82, 826.77, 591.33 
4.816, 5.597, 826.77, 1075.00, 750.86 
4.816, 5.597, 1075.00, 1640.85, 783.22 
4.816, 5.597, 1640.85, 2864.84, 1079.71 
4.816, 5.597, 2864.84, 3960.21, 2931.94 
4.816, 5.597, 3960.21, 4999.94, 3696.00 
5.597, 27.983, 1.10, 12.13, 5.46 
5.597, 27.983, 12.13, 20.61, 11.81 
5.597, 27.983, 20.61, 29.17, 13.09 
5.597, 27.983, 29.17, 37.89, 17.97 
5.597, 27.983, 37.89, 47.29, 31.35 
5.597, 27.983, 47.29, 58.00, 28.84 
5.597, 27.983, 58.00, 72.65, 36.53 
5.597, 27.983, 72.65, 106.18, 49.08 
5.597, 27.983, 106.18, 184.76, 121.06 
5.597, 27.983, 184.76, 277.56, 172.23 
5.597, 27.983, 277.56, 365.06, 251.37 
5.597, 27.983, 365.06, 453.29, 318.75 
5.597, 27.983, 453.29, 544.80, 267.37 
5.597, 27.983, 544.80, 646.52, 328.16 
5.597, 27.983, 646.52, 769.19, 382.81 
5.597, 27.983, 769.19, 986.31, 657.42 
5.597, 27.983, 986.31, 1655.35, 859.25 
5.597, 27.983, 1655.35, 3056.72, 1625.62 
5.597, 27.983, 3056.72, 4064.71, 1955.37 
5.597, 27.983, 4064.71, 4999.89, 3403.92 
