Ice-Ice collection (creating the crystals from pt arrays not db) for the flat orientation. 
Characteristic values taken from the peak of a fitted 
gamma distribution from 300 aggregates. 
0.010, 1.00, 3.21 
0.010, 2.00, 5.44 
0.010, 3.00, 8.25 
0.010, 4.00, 12.78 
0.010, 5.00, 13.53 
0.010, 6.00, 18.57 
0.010, 7.00, 22.34 
0.010, 8.00, 21.14 
0.010, 9.00, 24.17 
0.010, 10.00, 30.79 
0.010, 20.00, 63.00 
0.010, 30.00, 83.18 
0.010, 40.00, 105.91 
0.010, 50.00, 153.74 
0.010, 60.00, 164.11 
0.010, 70.00, 214.07 
0.010, 80.00, 251.78 
0.010, 90.00, 281.31 
0.010, 100.00, 272.95 
0.010, 200.00, 646.06 
0.010, 300.00, 935.36 
0.010, 400.00, 1284.50 
0.010, 500.00, 1585.89 
0.010, 600.00, 1918.52 
0.010, 700.00, 2198.79 
0.010, 800.00, 2476.93 
0.010, 900.00, 2868.42 
0.010, 1000.00, 2730.05 
0.016, 1.00, 2.40 
0.016, 2.00, 4.88 
0.016, 3.00, 7.92 
0.016, 4.00, 10.70 
0.016, 5.00, 13.47 
0.016, 6.00, 14.23 
0.016, 7.00, 16.38 
0.016, 8.00, 21.83 
0.016, 9.00, 22.24 
0.016, 10.00, 22.87 
0.016, 20.00, 47.47 
0.016, 30.00, 83.40 
0.016, 40.00, 106.04 
0.016, 50.00, 120.24 
0.016, 60.00, 139.98 
0.016, 70.00, 161.94 
0.016, 80.00, 184.62 
0.016, 90.00, 208.11 
0.016, 100.00, 248.04 
0.016, 200.00, 460.85 
0.016, 300.00, 713.38 
0.016, 400.00, 1067.88 
0.016, 500.00, 1349.62 
0.016, 600.00, 1627.37 
0.016, 700.00, 1933.95 
0.016, 800.00, 2126.78 
0.016, 900.00, 2422.08 
0.016, 1000.00, 2465.11 
0.026, 1.00, 2.00 
0.026, 2.00, 4.56 
0.026, 3.00, 7.05 
0.026, 4.00, 9.39 
0.026, 5.00, 10.25 
0.026, 6.00, 13.96 
0.026, 7.00, 16.20 
0.026, 8.00, 16.23 
0.026, 9.00, 20.66 
0.026, 10.00, 22.87 
0.026, 20.00, 40.12 
0.026, 30.00, 69.45 
0.026, 40.00, 92.99 
0.026, 50.00, 113.12 
0.026, 60.00, 141.32 
0.026, 70.00, 162.65 
0.026, 80.00, 188.23 
0.026, 90.00, 207.49 
0.026, 100.00, 198.64 
0.026, 200.00, 459.55 
0.026, 300.00, 583.71 
0.026, 400.00, 787.20 
0.026, 500.00, 993.25 
0.026, 600.00, 1366.21 
0.026, 700.00, 1599.47 
0.026, 800.00, 1596.33 
0.026, 900.00, 2062.54 
0.026, 1000.00, 2374.66 
0.043, 1.00, 1.99 
0.043, 2.00, 4.08 
0.043, 3.00, 6.16 
0.043, 4.00, 7.99 
0.043, 5.00, 9.93 
0.043, 6.00, 12.20 
0.043, 7.00, 14.38 
0.043, 8.00, 14.25 
0.043, 9.00, 15.78 
0.043, 10.00, 20.21 
0.043, 20.00, 41.07 
0.043, 30.00, 63.00 
0.043, 40.00, 70.33 
0.043, 50.00, 87.09 
0.043, 60.00, 107.35 
0.043, 70.00, 145.08 
0.043, 80.00, 159.14 
0.043, 90.00, 183.71 
0.043, 100.00, 197.91 
0.043, 200.00, 402.79 
0.043, 300.00, 608.30 
0.043, 400.00, 805.89 
0.043, 500.00, 883.21 
0.043, 600.00, 1197.30 
0.043, 700.00, 1401.38 
0.043, 800.00, 1390.09 
0.043, 900.00, 1831.83 
0.043, 1000.00, 1983.16 
0.070, 1.00, 1.57 
0.070, 2.00, 3.47 
0.070, 3.00, 5.35 
0.070, 4.00, 7.09 
0.070, 5.00, 8.96 
0.070, 6.00, 10.57 
0.070, 7.00, 10.93 
0.070, 8.00, 14.38 
0.070, 9.00, 15.80 
0.070, 10.00, 17.80 
0.070, 20.00, 36.15 
0.070, 30.00, 53.60 
0.070, 40.00, 70.35 
0.070, 50.00, 89.04 
0.070, 60.00, 107.16 
0.070, 70.00, 124.30 
0.070, 80.00, 138.66 
0.070, 90.00, 165.97 
0.070, 100.00, 177.08 
0.070, 200.00, 363.10 
0.070, 300.00, 523.85 
0.070, 400.00, 719.42 
0.070, 500.00, 896.99 
0.070, 600.00, 1074.43 
0.070, 700.00, 1230.34 
0.070, 800.00, 1411.84 
0.070, 900.00, 1605.21 
0.070, 1000.00, 1756.30 
0.113, 1.00, 1.57 
0.113, 2.00, 3.23 
0.113, 3.00, 4.77 
0.113, 4.00, 6.47 
0.113, 5.00, 7.85 
0.113, 6.00, 9.35 
0.113, 7.00, 11.28 
0.113, 8.00, 13.04 
0.113, 9.00, 14.01 
0.113, 10.00, 15.86 
0.113, 20.00, 31.85 
0.113, 30.00, 46.64 
0.113, 40.00, 63.15 
0.113, 50.00, 79.03 
0.113, 60.00, 94.34 
0.113, 70.00, 112.87 
0.113, 80.00, 129.19 
0.113, 90.00, 141.82 
0.113, 100.00, 157.13 
0.113, 200.00, 321.21 
0.113, 300.00, 465.00 
0.113, 400.00, 635.81 
0.113, 500.00, 801.25 
0.113, 600.00, 959.40 
0.113, 700.00, 1122.11 
0.113, 800.00, 1313.27 
0.113, 900.00, 1457.11 
0.113, 1000.00, 1601.62 
0.183, 1.00, 1.44 
0.183, 2.00, 2.88 
0.183, 3.00, 4.31 
0.183, 4.00, 5.90 
0.183, 5.00, 7.24 
0.183, 6.00, 8.58 
0.183, 7.00, 10.39 
0.183, 8.00, 11.49 
0.183, 9.00, 13.01 
0.183, 10.00, 15.58 
0.183, 20.00, 29.78 
0.183, 30.00, 43.58 
0.183, 40.00, 58.73 
0.183, 50.00, 73.10 
0.183, 60.00, 87.32 
0.183, 70.00, 104.01 
0.183, 80.00, 114.97 
0.183, 90.00, 129.52 
0.183, 100.00, 146.64 
0.183, 200.00, 296.27 
0.183, 300.00, 433.52 
0.183, 400.00, 225.63 
0.183, 500.00, 743.49 
0.183, 600.00, 867.61 
0.183, 700.00, 396.12 
0.183, 800.00, 1162.57 
0.183, 900.00, 1325.50 
0.183, 1000.00, 1474.31 
0.298, 1.00, 1.49 
0.298, 2.00, 2.89 
0.298, 3.00, 4.40 
0.298, 4.00, 5.93 
0.298, 5.00, 7.10 
0.298, 6.00, 8.92 
0.298, 7.00, 10.29 
0.298, 8.00, 11.77 
0.298, 9.00, 13.14 
0.298, 10.00, 14.79 
0.298, 20.00, 29.73 
0.298, 30.00, 44.40 
0.298, 40.00, 59.35 
0.298, 50.00, 73.86 
0.298, 60.00, 88.64 
0.298, 70.00, 98.83 
0.298, 80.00, 111.22 
0.298, 90.00, 71.67 
0.298, 100.00, 149.61 
0.298, 200.00, 294.58 
0.298, 300.00, 441.92 
0.298, 400.00, 597.19 
0.298, 500.00, 738.32 
0.298, 600.00, 895.64 
0.298, 700.00, 973.73 
0.298, 800.00, 1185.09 
0.298, 900.00, 1334.20 
0.298, 1000.00, 1459.34 
0.483, 1.00, 1.08 
0.483, 2.00, 2.92 
0.483, 3.00, 4.38 
0.483, 4.00, 5.89 
0.483, 5.00, 7.34 
0.483, 6.00, 8.73 
0.483, 7.00, 10.21 
0.483, 8.00, 11.68 
0.483, 9.00, 13.22 
0.483, 10.00, 14.62 
0.483, 20.00, 28.97 
0.483, 30.00, 43.63 
0.483, 40.00, 58.20 
0.483, 50.00, 70.69 
0.483, 60.00, 86.73 
0.483, 70.00, 98.91 
0.483, 80.00, 116.60 
0.483, 90.00, 130.17 
0.483, 100.00, 144.50 
0.483, 200.00, 289.07 
0.483, 300.00, 441.02 
0.483, 400.00, 581.27 
0.483, 500.00, 730.14 
0.483, 600.00, 868.58 
0.483, 700.00, 753.73 
0.483, 800.00, 869.26 
0.483, 900.00, 1305.16 
0.483, 1000.00, 1096.32 
0.785, 1.00, 1.49 
0.785, 2.00, 2.96 
0.785, 3.00, 4.48 
0.785, 4.00, 5.94 
0.785, 5.00, 7.35 
0.785, 6.00, 8.87 
0.785, 7.00, 10.38 
0.785, 8.00, 11.77 
0.785, 9.00, 13.28 
0.785, 10.00, 14.93 
0.785, 20.00, 29.62 
0.785, 30.00, 44.34 
0.785, 40.00, 59.54 
0.785, 50.00, 74.29 
0.785, 60.00, 89.16 
0.785, 70.00, 104.55 
0.785, 80.00, 117.78 
0.785, 90.00, 133.97 
0.785, 100.00, 147.36 
0.785, 200.00, 297.27 
0.785, 300.00, 442.10 
0.785, 400.00, 597.36 
0.785, 500.00, 736.28 
0.785, 600.00, 890.90 
0.785, 700.00, 1039.50 
0.785, 800.00, 1178.65 
0.785, 900.00, 1332.77 
0.785, 1000.00, 1478.80 
1.274, 1.00, 1.44 
1.274, 2.00, 2.93 
1.274, 3.00, 4.38 
1.274, 4.00, 5.78 
1.274, 5.00, 7.28 
1.274, 6.00, 8.70 
1.274, 7.00, 10.16 
1.274, 8.00, 11.54 
1.274, 9.00, 13.11 
1.274, 10.00, 14.55 
1.274, 20.00, 28.69 
1.274, 30.00, 43.24 
1.274, 40.00, 58.32 
1.274, 50.00, 72.39 
1.274, 60.00, 86.72 
1.274, 70.00, 102.31 
1.274, 80.00, 114.62 
1.274, 90.00, 131.69 
1.274, 100.00, 144.67 
1.274, 200.00, 283.66 
1.274, 300.00, 426.78 
1.274, 400.00, 578.08 
1.274, 500.00, 733.67 
1.274, 600.00, 869.40 
1.274, 700.00, 1005.75 
1.274, 800.00, 1152.40 
1.274, 900.00, 1321.29 
1.274, 1000.00, 1449.48 
2.069, 1.00, 1.24 
2.069, 2.00, 2.41 
2.069, 3.00, 3.68 
2.069, 4.00, 4.89 
2.069, 5.00, 6.30 
2.069, 6.00, 7.81 
2.069, 7.00, 9.32 
2.069, 8.00, 9.89 
2.069, 9.00, 11.62 
2.069, 10.00, 12.21 
2.069, 20.00, 26.22 
2.069, 30.00, 39.49 
2.069, 40.00, 49.34 
2.069, 50.00, 61.15 
2.069, 60.00, 74.06 
2.069, 70.00, 85.70 
2.069, 80.00, 97.74 
2.069, 90.00, 111.44 
2.069, 100.00, 132.10 
2.069, 200.00, 252.78 
2.069, 300.00, 395.84 
2.069, 400.00, 490.76 
2.069, 500.00, 629.12 
2.069, 600.00, 739.97 
2.069, 700.00, 882.02 
2.069, 800.00, 976.77 
2.069, 900.00, 1159.42 
2.069, 1000.00, 1244.05 
3.360, 1.00, 1.09 
3.360, 2.00, 2.13 
3.360, 3.00, 3.46 
3.360, 4.00, 4.18 
3.360, 5.00, 5.41 
3.360, 6.00, 6.32 
3.360, 7.00, 7.37 
3.360, 8.00, 8.50 
3.360, 9.00, 9.87 
3.360, 10.00, 10.57 
3.360, 20.00, 21.42 
3.360, 30.00, 32.45 
3.360, 40.00, 43.15 
3.360, 50.00, 53.92 
3.360, 60.00, 62.12 
3.360, 70.00, 73.96 
3.360, 80.00, 82.31 
3.360, 90.00, 96.36 
3.360, 100.00, 103.73 
3.360, 200.00, 207.77 
3.360, 300.00, 309.26 
3.360, 400.00, 422.01 
3.360, 500.00, 592.09 
3.360, 600.00, 644.44 
3.360, 700.00, 737.06 
3.360, 800.00, 826.22 
3.360, 900.00, 948.78 
3.360, 1000.00, 1088.72 
5.456, 1.00, 1.00 
5.456, 2.00, 1.67 
5.456, 3.00, 3.03 
5.456, 4.00, 3.88 
5.456, 5.00, 5.00 
5.456, 6.00, 5.69 
5.456, 7.00, 5.66 
5.456, 8.00, 7.87 
5.456, 9.00, 8.97 
5.456, 10.00, 7.80 
5.456, 20.00, 16.45 
5.456, 30.00, 29.24 
5.456, 40.00, 32.62 
5.456, 50.00, 48.42 
5.456, 60.00, 58.14 
5.456, 70.00, 68.56 
5.456, 80.00, 77.24 
5.456, 90.00, 74.40 
5.456, 100.00, 98.26 
5.456, 200.00, 191.96 
5.456, 300.00, 233.27 
5.456, 400.00, 377.64 
5.456, 500.00, 487.62 
5.456, 600.00, 491.43 
5.456, 700.00, 638.27 
5.456, 800.00, 773.61 
5.456, 900.00, 904.23 
5.456, 1000.00, 831.02 
8.859, 1.00, 0.71 
8.859, 2.00, 1.42 
8.859, 3.00, 1.93 
8.859, 4.00, 2.80 
8.859, 5.00, 3.58 
8.859, 6.00, 4.15 
8.859, 7.00, 6.20 
8.859, 8.00, 5.73 
8.859, 9.00, 7.96 
8.859, 10.00, 9.03 
8.859, 20.00, 14.16 
8.859, 30.00, 21.01 
8.859, 40.00, 27.30 
8.859, 50.00, 34.17 
8.859, 60.00, 41.54 
8.859, 70.00, 63.51 
8.859, 80.00, 54.50 
8.859, 90.00, 63.12 
8.859, 100.00, 68.91 
8.859, 200.00, 140.06 
8.859, 300.00, 204.07 
8.859, 400.00, 285.32 
8.859, 500.00, 342.21 
8.859, 600.00, 419.13 
8.859, 700.00, 623.63 
8.859, 800.00, 569.85 
8.859, 900.00, 609.31 
8.859, 1000.00, 659.43 
14.384, 1.00, 0.62 
14.384, 2.00, 1.20 
14.384, 3.00, 1.85 
14.384, 4.00, 2.40 
14.384, 5.00, 2.99 
14.384, 6.00, 3.45 
14.384, 7.00, 4.24 
14.384, 8.00, 4.86 
14.384, 9.00, 5.36 
14.384, 10.00, 5.81 
14.384, 20.00, 12.14 
14.384, 30.00, 17.98 
14.384, 40.00, 24.64 
14.384, 50.00, 29.61 
14.384, 60.00, 36.44 
14.384, 70.00, 41.90 
14.384, 80.00, 50.08 
14.384, 90.00, 56.14 
14.384, 100.00, 61.16 
14.384, 200.00, 125.77 
14.384, 300.00, 184.36 
14.384, 400.00, 243.63 
14.384, 500.00, 303.68 
14.384, 600.00, 365.73 
14.384, 700.00, 405.97 
14.384, 800.00, 487.02 
14.384, 900.00, 552.93 
14.384, 1000.00, 607.76 
23.357, 1.00, 0.51 
23.357, 2.00, 1.03 
23.357, 3.00, 1.59 
23.357, 4.00, 2.05 
23.357, 5.00, 2.59 
23.357, 6.00, 3.22 
23.357, 7.00, 3.63 
23.357, 8.00, 4.15 
23.357, 9.00, 4.75 
23.357, 10.00, 5.34 
23.357, 20.00, 10.43 
23.357, 30.00, 15.46 
23.357, 40.00, 20.06 
23.357, 50.00, 24.48 
23.357, 60.00, 31.63 
23.357, 70.00, 36.20 
23.357, 80.00, 42.63 
23.357, 90.00, 47.21 
23.357, 100.00, 51.74 
23.357, 200.00, 103.73 
23.357, 300.00, 155.21 
23.357, 400.00, 212.61 
23.357, 500.00, 250.02 
23.357, 600.00, 311.84 
23.357, 700.00, 366.72 
23.357, 800.00, 424.11 
23.357, 900.00, 476.35 
23.357, 1000.00, 535.36 
37.927, 1.00, 0.44 
37.927, 2.00, 0.91 
37.927, 3.00, 1.32 
37.927, 4.00, 1.71 
37.927, 5.00, 2.08 
37.927, 6.00, 2.80 
37.927, 7.00, 3.23 
37.927, 8.00, 3.68 
37.927, 9.00, 3.96 
37.927, 10.00, 4.45 
37.927, 20.00, 8.73 
37.927, 30.00, 14.35 
37.927, 40.00, 18.61 
37.927, 50.00, 22.41 
37.927, 60.00, 26.87 
37.927, 70.00, 30.57 
37.927, 80.00, 35.54 
37.927, 90.00, 40.03 
37.927, 100.00, 44.14 
37.927, 200.00, 89.14 
37.927, 300.00, 134.17 
37.927, 400.00, 182.89 
37.927, 500.00, 227.17 
37.927, 600.00, 266.15 
37.927, 700.00, 310.30 
37.927, 800.00, 362.95 
37.927, 900.00, 405.39 
37.927, 1000.00, 466.44 
61.585, 1.00, 0.38 
61.585, 2.00, 0.79 
61.585, 3.00, 1.16 
61.585, 4.00, 1.46 
61.585, 5.00, 1.92 
61.585, 6.00, 2.35 
61.585, 7.00, 2.69 
61.585, 8.00, 3.03 
61.585, 9.00, 3.55 
61.585, 10.00, 3.90 
61.585, 20.00, 7.75 
61.585, 30.00, 11.50 
61.585, 40.00, 15.74 
61.585, 50.00, 19.36 
61.585, 60.00, 23.96 
61.585, 70.00, 27.57 
61.585, 80.00, 30.11 
61.585, 90.00, 34.36 
61.585, 100.00, 39.59 
61.585, 200.00, 79.78 
61.585, 300.00, 118.31 
61.585, 400.00, 155.44 
61.585, 500.00, 195.32 
61.585, 600.00, 231.71 
61.585, 700.00, 279.35 
61.585, 800.00, 319.75 
61.585, 900.00, 337.89 
61.585, 1000.00, 390.13 
100.000, 1.00, 0.32 
100.000, 2.00, 0.66 
100.000, 3.00, 1.00 
100.000, 4.00, 1.35 
100.000, 5.00, 1.72 
100.000, 6.00, 2.01 
100.000, 7.00, 2.28 
100.000, 8.00, 2.69 
100.000, 9.00, 3.03 
100.000, 10.00, 3.33 
100.000, 20.00, 6.63 
100.000, 30.00, 9.90 
100.000, 40.00, 13.36 
100.000, 50.00, 16.62 
100.000, 60.00, 19.68 
100.000, 70.00, 23.49 
100.000, 80.00, 27.00 
100.000, 90.00, 30.22 
100.000, 100.00, 33.80 
100.000, 200.00, 66.21 
100.000, 300.00, 95.25 
100.000, 400.00, 129.48 
100.000, 500.00, 167.20 
100.000, 600.00, 198.41 
100.000, 700.00, 241.77 
100.000, 800.00, 263.90 
100.000, 900.00, 305.42 
100.000, 1000.00, 321.65 
