	1	2	3	4	5	6	7	8	9	10	20	30	40	50	60	70	80	90	100	200	300	400	500	600	700	800	900	1000
0.01	-0.005024569710697924	-0.005302800291952383	-0.0054486182012429205	-0.0036499850956452366	-0.0033465298011873482	-0.005441989343512637	-0.005407556463897593	-0.00348556661978349	-0.003567452631945891	-0.003522564533461727	-0.003416226516645878	-0.0034929943744077476	-0.0035853776830366254	-0.0036302746342064384	-0.005546369506393188	-0.003469680360970144	-0.0034498571056276292	-0.003383909225542599	-0.0035751772121962945	-0.0036130827905033348	-0.003503254440328358	-0.0036819312714710655	-0.0035595431468909188	-0.0034512379668866482	-0.003481383308702491	-0.0034419338509305225	-0.0034898919120944834	-0.003644706778691842
0.016237767391887217	-0.005811654636812442	-0.008702988845902178	-0.008669488182771282	-0.009214958530762993	-0.008560559558148807	-0.00583290099807152	-0.009169856484692443	-0.008153607184864922	-0.009202768668080098	-0.009294455038863768	-0.009689096173207908	-0.009421822041462831	-0.008924554591659107	-0.008892918286548571	-0.009378376689892142	-0.00969256436565698	-0.00942137467879036	-0.009086720661668511	-0.009117243479384902	-0.008955307461181597	-0.008204346629512093	-0.009183067658870272	-0.009215497093146138	-0.009227184666077443	-0.009158931690622103	-0.005585277808730764	-0.00895058373556725	-0.009467312751224267
0.026366508987303583	-0.015350429929285536	-0.01731017731194134	-0.015740633041728378	-0.017080249178596213	-0.016244227150691452	-0.016140980204498598	-0.016607408009820742	-0.014097917104416064	-0.013975772079925964	-0.01569197249181998	-0.015178187852325591	-0.014812025893590063	-0.013610837162693458	-0.016742452196540816	-0.014564150113845471	-0.014883424650957468	-0.016818828443700893	-0.014805050928582404	-0.016238741703476344	-0.015371873313298966	-0.014183689586730072	-0.015913246261955307	-0.016394400979951748	-0.016890981041563145	-0.01782245882789651	-0.01614936721514376	-0.016188717153475928	-0.015328438535787033
0.04281332398719394	-0.026317394645747116	-0.025085093981278193	-0.024406984011851728	-0.02533333251994461	-0.023266271895304797	-0.02194407999480693	-0.025281436582226393	-0.01457659656786784	-0.02649892166187295	-0.02751870793126495	-0.02330284966754844	-0.025838720464354013	-0.02628961662221271	-0.027057382606575177	-0.027683356061654132	-0.02201326863511235	-0.025704355782704448	-0.024734869135643756	-0.025383974466401987	-0.025365619687003845	-0.015661353680185355	-0.02403369439112384	-0.026216412573280213	-0.024008882495769525	-0.024581978879166477	-0.02637742783204472	-0.02590371169191899	-0.025616927326023473
0.06951927961775606	-0.03972840004935191	-0.04068493326135664	-0.02400817835170909	-0.043195450099826	-0.041203142512532494	-0.035067536173901286	-0.037739389743316414	-0.03685953471931136	-0.033399584084492895	-0.02369476951242955	-0.036188731645584164	-0.03831474206047265	-0.03930823630086065	-0.03923537947021233	-0.042507226817142287	-0.04247623934966009	-0.03567732300861609	-0.036485271290701206	-0.02423011310722242	-0.03802061094959467	-0.037633362236553156	-0.03630798794043598	-0.03702353732591509	-0.02339046974097926	-0.037800603013680226	-0.03792682302539658	-0.03700964863008117	-0.04207988181672558
0.11288378916846889	-0.0579115483138324	-0.055744459547817295	-0.06669978371805263	-0.05982712899788741	-0.060030689994798984	-0.06391226861434175	-0.05830164656657217	-0.05759303678903714	-0.06645821994335709	-0.06325046634531378	-0.05842306709698408	-0.06441135858089819	-0.061511102560818216	-0.06812572823308811	-0.061334580699783335	-0.06617657849635657	-0.0377985738936901	-0.05919737742276431	-0.05866906452765788	-0.055140226362287895	-0.05711157552024285	-0.061846958074616584	-0.06284610781050008	-0.06470524537492103	-0.057729837183618016	-0.05796919439289735	-0.06005555653120403	-0.058071135685423096
0.18329807108324356	-0.08327672867335675	-0.08916767192112135	-0.0973093180209137	-0.08811899704617823	-0.08399779019003684	-0.08594338107808924	-0.08510127303296852	-0.08586520784695725	-0.08912751238373764	-0.08182833289715903	-0.08587502809592688	-0.08478479855945846	-0.08869863451289171	-0.06035699174785322	-0.09475801157017173	-0.08257114955737424	-0.08542577336336836	-0.08325233436096016	-0.08464920863701064	-0.08595801710021252	-0.08871633725444167	-0.08413503850973257	-0.08686474873178492	-0.08264987381892426	-0.08292999089577015	-0.07803745373008682	-0.08707383833484755	-0.0815705581028337
0.29763514416313175	-0.12138392670497192	-0.12461333031551654	-0.1264667064438787	-0.11706486565579191	-0.13252478582843966	-0.12522789815348875	-0.1307410115746757	-0.1301200329343997	-0.12569369526041016	-0.13057493238767037	-0.1316654029589633	-0.11896837838177887	-0.12677246356439373	-0.12244287355667922	-0.12393048818140658	-0.1310275234808451	-0.1297996338129018	-0.12430398134987893	-0.12838020448527784	-0.1282658657193938	-0.12103925210272537	-0.12993802342753183	-0.09409245303817126	-0.12714110413296267	-0.12215843434121249	-0.1259270290134485	-0.12796963668951544	-0.12685153396940008
0.4832930238571752	-0.17375915025590902	-0.1823462349204479	-0.18846161302765396	-0.175790509735189	-0.1817978024768419	-0.17295538090636103	-0.17174240386889134	-0.16749656211848807	-0.1732803283371905	-0.18617702484966336	-0.1747705249623285	-0.17930128883337793	-0.17566675279427427	-0.1762255276968985	-0.17237727143816514	-0.1800447748272452	-0.14364837039571898	-0.1854515645766142	-0.1774959797350055	-0.14462147090375635	-0.18519895041330792	-0.18265722716920238	-0.17456833653790876	-0.17397687404390758	-0.17666500708091423	-0.1453269402845119	-0.1788358095723143	-0.17335691202093378
0.7847599703514611	-0.3088167459763389	-0.2985552029804231	-0.3350365565185577	-0.3271610714936477	-0.3076856836496294	-0.3386813437110909	-0.2378668179164114	-0.3148436622765135	-0.29859625730716466	-0.30371660338746775	-0.24272501240316136	-0.3159461302918366	-0.30804455148191523	-0.3045957096266429	-0.3003972171910588	-0.3336555668496849	-0.3071487057408288	-0.2955899377834649	-0.3154731926347124	-0.2981289706632527	-0.3103944164889209	-0.3176148853390857	-0.30924612964083376	-0.23538775911166496	-0.3138116293333071	-0.3121769992919166	-0.30675566354252537	-0.3254154758227895
1.2742749857031335	-0.37512343067724124	-0.49024366511478584	-0.4918162786112848	-0.3746335370075276	-0.37018379949159785	-0.5501595418245312	-0.5296161493484468	-0.35615012761049625	-0.3745237907726125	-0.49172291760577197	-0.3607590043248371	-0.3530146985879117	-0.37056791715434867	-0.5368979714447717	-0.3683358267595778	-0.35868060105034955	-0.352859816893712	-0.3748560658571871	-0.3656204627368748	-0.5134652086809696	-0.5025991761734953	-0.36728054409959987	-0.36724183628725987	-0.35873455928080955	-0.35725289808055244	-0.35120004065024946	-0.3615466260895249	-0.3688562456757366
2.06913808111479	-0.4727455716854373	-0.47050744795141125	-0.48246997526656554	-0.4704483739037535	-0.49476881455992006	-0.49338430838774167	-0.5026844552286913	-0.47210758567021444	-0.4826567333620954	-0.48411956225894925	-0.46638032097182436	-0.48800387929660516	-0.5085283445624131	-0.4823448657837036	-0.5113790123442516	-0.4932106907998142	-0.49192194893802776	-0.5187952510626881	-0.48772032127628456	-0.482803789128659	-0.48272566335373596	-0.4911277092489659	-0.48760958865820875	-0.4641805569341017	-0.4965193572085968	-0.5145793710933402	-0.4674617546626378	-0.49736948595081315
3.359818286283781	-0.5990643990728004	-0.6144562467841127	-0.5923181683658493	-0.6900563229604862	-0.6398133402363019	-0.6934536395854789	-0.6118543459816441	-0.6003142601737892	-0.5862300482797336	-0.6177013903292563	-0.6143803823593764	-0.5809099438681882	-0.5963492419960595	-0.5983309331586758	-0.6804039083856749	-0.5781875269664809	-0.6069902728880313	-0.6373694384123177	-0.6726714085353621	-0.6656645834870024	-0.6348333101253997	-0.6468390214740218	-0.6637726959718099	-0.6421911925924071	-0.6077328937830637	-0.6560092552926289	-0.6346850241832944	-0.6668256534057877
5.455594781168514	-0.7532481221909795	-0.8861270102370418	-0.8193146683945045	-0.8058477616487281	-0.7552131085443028	-0.8224808711001723	-0.8070447355073753	-0.7315014882204223	-0.7862446046235994	-0.7042713473608178	-0.763695831164249	-0.7566617144302606	-0.8776241152354369	-0.8681088002995854	-0.8232068713693674	-0.853606357163597	-0.8128425991936588	-0.8191815512540597	-0.7832997066943719	-0.8136902123339208	-0.8690748403250113	-0.7940960322975278	-0.7787060136163031	-0.7896594135934143	-0.6963030532180166	-0.8058100963527923	-0.8389757361160206	-0.8079300609749758
8.858667904100823	-0.8551719722792841	-1.0574925447005779	-0.8823741007608876	-1.1075787952083083	-0.9572003596633296	-0.9274763888389872	-0.9397924544951297	-1.1258184435712346	-0.9383485860081247	-1.0120629879373593	-0.9563361446194789	-0.9442046448723889	-0.8479144600389315	-0.9575363013318694	-0.8697438570638623	-0.9125128067860433	-0.9138676323240094	-0.8667317654257247	-0.8748291744838452	-1.103254027603119	-0.9438046247090983	-0.9925143944391812	-0.8996634918476025	-0.9720266052033351	-0.9441853450535165	-0.8898853958276973	-0.995714407993991	-0.9347007498258479
14.38449888287663	-1.0948420864700101	-1.589880956367403	-1.1368439288452072	-1.3091940182672985	-1.3913426376580098	-1.5619312781969183	-1.3206239111322469	-1.2331599443443975	-1.3066985282522579	-4.900616929993626	-1.1074735902185848	-1.4008924236439548	-1.1270375314001986	-1.0893384677571745	-1.2847467656646598	-1.5430209062101543	-1.3101679602529743	-1.1957767031299897	-1.1010524345676407	-1.1769447494500582	-1.2572597919470692	-1.1072078553705698	-1.360931869273383	-1.0945410360108583	-1.1959703435939772	-0.971778334873576	-1.1692071823182002	-1.3948792306610254
23.357214690901213	-1.594322539201113	-1.615335288916648	-1.6360455625872774	-1.3092271908233233	-1.2387935556509557	-1.7346569739287618	-1.179216843775385	-1.8908901099281197	-1.5324648597158035	-1.6109375735013227	-1.7767794169196325	-1.5567086100192533	-1.8790253360011633	-9.784271898083672	-8.783760462945569	-1.2012484675671846	-1.208600440584365	-1.750820963878951	-1.382512108205419	-1.5743430569583268	-1.860683283046309	-1.3076536874590836	-1.5780843725258897	-1.6856814370596744	-1.5751792068808212	-1.7086416145045877	-1.2386997008390246	-7.293291503557024
37.92690190732246	-1.5445865315883474	-10.356739758537366	-1.5907451373397556	-1.889307899540145	-1.3086359335242026	-2.0906275783679105	-11.758666664108382	-12.901185953380063	-1.5013691978717052	-1.8879559233018268	-10.036685169899325	-12.879717865042362	-1.797225793577864	-11.422396486142077	-1.426021925166303	-1.9812604654824586	-2.1124637858930644	-1.9371234561061739	-1.9045167725208207	-1.399394645240978	-1.9871807819289398	-1.2090025457361087	-1.3293999353784542	-10.292257338447046	-1.9288682692453643	-16.36877817840923	-1.752449032429002	-2.1196669280781864
61.584821106602604	-1.5465423588807488	-2.5717219079651272	-1.205593363554649	-1.9340832142610669	-17.120924413271894	-1.8336613856820154	-1.8979348252463968	-1.8326314022401213	-17.442846274473947	-1.3277479400867245	-20.674086739488544	-11.838933121459316	-11.026609325171846	-1.805940880074143	-12.539515959311148	-2.2885138790385673	-1.4246626129340978	-1.5766024775761274	-1.6964683344667986	-1.7089288858208693	-1.5392029631286803	-1.6027987985668055	-1.8613056653652293	-2.0223451053560204	-12.061801868683359	-1.7286054285799928	-2.6107393411245887	-2.312126902272457
100.0	-14.364585815659673	-25.737218232114863	-3.777366181341897	-15.018607201873824	-15.100054347412437	-10.485680275691015	-1.620518731409149	-24.847927705214122	-15.572431287344257	-1.8357298181566506	-1.3899312679989109	-1.7786714999057507	-17.945910304986043	-1.8639607886306973	-19.78723052315781	-20.357206230068027	-25.66215443385461	-22.796421760748622	-3.2236823644308785	-30.6814712919613	-19.31475485149293	-1.8697920012228373	-22.33063244194011	-1.4232105717394976	-19.440873840242034	-10.476971544937465	-2.0150863528173097	-1.6099136616448755
