	1	2	3	4	5	6	7	8	9	10	20	30	40	50	60	70	80	90	100	200	300	400	500	600	700	800	900	1000
0.01	0.13220886051794023	0.27479549374447565	0.3822118698159033	0.5089420168915635	0.6609446790796306	0.839778710004303	0.9099636929184369	1.0514385915853164	1.2419097834263622	1.3173648436264056	2.631118099899822	3.903795970190069	5.265970301658131	6.657512316173646	7.7650639473865635	9.729832137146287	10.47524765876131	12.42214502652526	13.877345232147492	25.82196599696589	40.83961573475523	54.73834985946203	64.5961556274044	84.24145946435442	91.79001015484032	107.20659164727391	115.4152125616771	133.38457551778157
0.016237767391887217	0.18324279873825663	0.36775791991044243	0.5570677271170672	0.7163726963831039	0.9119904187648573	1.1132387260716672	1.294885082549568	1.5125395438996971	1.6432536447271289	1.9058865384547767	3.646239290899845	5.490466458211002	7.236156889227456	9.790579536121985	11.001295932474642	13.031473902765933	14.811891796790974	16.740813990622396	18.23323155889853	36.768806926724075	54.86473197061807	71.3996964530632	93.42448689688217	110.18677154729224	126.23925783220818	145.71500012255513	165.34475449545033	185.48612741931942
0.026366508987303583	0.2601952359587193	0.5208283204548643	0.8024746550115067	1.0740190718316027	1.3476131503587592	1.5416768738754678	1.8159981728661299	2.1705485374601676	2.401633667112442	2.6755653637349006	5.1389196504002665	7.831152292641417	10.476835281423208	13.167503377005572	15.604419523190106	18.16213386749905	20.783861788234812	23.915157697363508	26.701443609425894	52.744431966301846	79.17914922979793	104.84171303330126	129.23667397738637	159.98624995860615	180.39138320541156	203.67724438424762	232.26107726398365	281.15542411549745
0.04281332398719394	0.35890297172007835	0.7255933532275839	1.0714070849398607	1.437979425603299	1.7932061461103335	2.191262383816791	2.509743195082903	2.912085094367775	3.2467914038488774	3.6318538557394358	7.193557141065975	10.478885526106493	14.37952988883077	18.20072334225837	21.47915562984206	24.816800810886523	28.95927555409186	32.14091955668307	36.36865488820405	71.82102708551959	109.12407815124769	142.86174605472263	177.54036772585238	223.25335245347432	253.01697020979213	286.344302881386	295.9554176633356	356.36171820761024
0.06951927961775606	0.497596559321859	0.9124825469213619	1.4805739813897818	1.9813040591575115	2.6861916153852174	3.0786270001020277	3.4204716191129503	4.224034948859764	4.44075214665683	4.912408243712077	9.80478309607172	15.696138208483164	19.653418461687984	24.739010167333504	29.074594276086806	34.57424221936044	39.13713756904539	45.55578403634276	48.47103343477409	97.02011314600118	148.76605136168098	195.44305347789788	240.61715977473344	300.1254717226085	349.7213327620959	386.6418281888426	432.6465696273206	492.536924104478
0.11288378916846889	0.6925684840622264	1.3839261327545673	2.2244637205512534	2.734853564511444	3.452039010337532	4.244551570341818	4.814099770030686	5.483373348898402	6.161999094859949	6.855466710453047	14.010323439815286	20.373713003248046	27.120572429698523	34.80411135494448	43.815357066760455	48.39977314299209	54.22580250217736	62.620076674965496	73.7185755375591	136.78929152589217	207.69055930508665	271.6268982794254	335.8248879278372	409.19244307484837	482.827580417631	544.651538727245	628.4190915091233	732.2207284661863
0.18329807108324356	0.9303434528025945	1.8653435442914974	2.8633585293932837	3.751050858574129	4.760040934877749	5.48254968985491	6.594264982923294	7.381941571287284	8.281214316142613	10.125987300185251	18.535963912639907	28.182964250109567	37.464620722364664	50.11597950546287	59.74708003336195	66.29927444453874	72.80161034497203	82.54182871538495	93.6941617740646	189.37167279677436	274.9587467222427	376.58589533456905	499.7548954698401	565.4030944638487	659.1819481900683	742.6568252857742	836.7979739109314	924.4424257247496
0.29763514416313175	1.1869487411987514	2.3644630426252955	3.7645247996145033	4.806686565821972	5.818780163859433	6.794769708465188	8.266335484778951	10.084960324209039	11.253756335315796	11.901600895114143	23.747901477838212	36.064865742120176	47.28652477725429	58.44984324969568	69.62109879165251	83.9078975987505	91.1334440265782	104.59551938830873	119.08408133772305	250.79673287947514	357.67689341438785	463.1583311753545	591.0215928634151	741.2549718343625	822.0210818167984	937.3100439309302	1068.4846317308593	1162.8888606395042
0.4832930238571752	1.3084447010956364	2.7083486909058285	4.0715901264501415	5.415895514546863	6.582367604199828	8.114569339317342	9.521051152917881	10.858330577952232	12.225873605692385	13.11216479771333	27.086112312904937	39.33120751653363	54.22793290248164	65.47218122131639	81.19013588242132	91.72011959972724	108.46016275433696	122.82380025387229	136.39896416292964	272.20508754104947	406.1587969271119	542.3461521298594	653.0438136033384	812.1672132625708	953.3389747960036	1084.1864361286366	1229.709448120197	1314.716714014999
0.7847599703514611	1.4824005557720583	2.968739327081521	4.4564975083082725	5.930078577164018	7.421015207532877	8.86452038245504	10.337180963375875	11.888339612264547	13.31549492714112	14.848331759032288	29.57367669779653	44.63178364099993	59.080362031297796	74.55644249474543	88.62475570540917	103.53796909124465	118.7449271655473	133.640496225657	148.366998113122	296.2637616903643	443.00442885511336	591.4177075295536	743.5438509558555	885.5582547957843	1036.464725517475	1186.88315222186	1332.3049322841189	1478.472481751013
1.2742749857031335	1.1938668058082424	3.03239943118913	4.479900131521486	5.979913668426498	7.503726371377212	9.006813291453412	10.44081459434067	12.14804543486187	13.56003405076747	15.024657549065596	29.865417586633576	45.72527596429758	59.153192627693095	75.15319643205365	90.39319340160301	105.77979099080953	119.86622039466901	134.74890183475063	153.67030620535414	299.66634145744183	447.4966629949976	599.878567499158	755.3602210006254	891.1906315333667	1055.5452795085557	1199.3075952677336	1355.8483737969282	1504.5383577382313
2.06913808111479	1.4835257065142327	2.9608340123856305	4.4213476710753135	6.084988020065859	7.225165177002551	8.838201587692915	10.214584531248143	11.727258189748612	13.926784781298885	14.660388814365852	30.474462418791376	43.626707775988066	58.61466432083429	75.98802066815611	87.60915252384078	102.10214420365533	116.51110346433113	138.5587565822682	145.14071325381374	307.50973998962013	437.3865283913599	582.3249071367783	764.4323251810854	924.0928408120221	1076.117405811924	1210.9817759445352	1395.2360546612117	1504.4632171610924
3.359818286283781	1.3205695515544593	2.824201333949066	4.2910700761794525	5.3669032769961005	6.752800471200608	8.023119534996404	9.8884838104875	10.858694782476254	12.994476892891736	14.309934214487047	26.475733953533677	42.9280319254793	53.01653490924563	71.10554052627614	85.82877852910711	93.54514454879453	115.31310481824087	129.98975941533945	134.58926981499073	265.55264635138235	429.1147839727968	537.0130968173438	701.3904980656248	810.3958721802736	992.102758073787	1068.732489457846	1292.6176356214723	1334.056105675238
5.455594781168514	1.2070942717866522	2.4547866340258615	3.6970985782655137	4.8416057410417555	6.057325474728943	7.38227371469199	8.658311171108142	9.819820999539312	10.973833800949421	11.426833947511234	23.11845375193851	34.91315260963469	48.721772716420034	61.31707477660555	74.30760487804349	85.74452261120966	98.59933365954315	109.71451726992693	115.4194012273294	245.87815110711347	369.89729945569457	492.80513885289616	573.826866095354	690.772665542863	870.4602819372658	987.721097833172	1036.25629615546	1235.9275825689815
8.858667904100823	0.9045500102416455	1.9184914355741314	2.9568355218862346	3.931017291070175	4.848169591347461	5.803842895628317	6.431271238825534	7.662690151417113	8.214187678552767	10.416243802019572	19.24658380446919	27.47431707658367	39.05547998121652	48.7768962803311	54.540130452343085	68.47467388553781	77.46003565625175	87.66738491507951	98.74999827631689	193.1808707189859	271.5097702530833	391.0783948893412	461.44232356131215	575.4598666655351	676.1111654622563	790.1129709546613	872.9341789283495	914.1358381179625
14.38449888287663	0.7803983725745811	1.6285394204957178	2.3363240880073035	3.1115512159903767	3.829893152911362	4.600207565451065	5.44175514640019	6.154497501848194	7.00369103172805	7.662540108095886	15.45103239251908	23.05451022404874	31.186906940580954	38.89796339696309	46.73667233113953	53.709839803640506	62.20043809306341	68.68677876856461	77.78354811037255	154.97005623147757	233.44118793900327	312.56915585724835	379.3298847632108	466.1806680741373	547.0914196775786	620.5104439337205	697.8587495495156	767.4818687319721
23.357214690901213	0.6095781279104715	1.3251467534021746	1.9779611861263977	2.625115349841253	2.977417042763984	3.643535245802828	4.595184308900336	5.094298179476324	5.473229033182101	6.087495307550068	12.208376742747117	18.244499275496654	24.176743519382683	31.034723975739393	38.19075502225875	46.30854319746584	52.89791914335403	54.99626100706235	60.99856220256824	131.75952798026634	194.81768142277718	262.7084662080493	329.7934697665994	365.185138287726	428.6028523228595	479.210287893861	548.2391640705642	607.6613686136295
37.92690190732246	0.5185856564306567	1.037807421774885	1.5572052606003246	2.0675894709222273	2.5930051998280326	3.11112979706971	3.6251401831447434	4.150988565619198	5.060390928226368	5.184465888820016	10.352678783353173	15.501669100747971	20.708737148242164	25.743659633968367	30.59001525024516	36.141849973166764	41.33334567587401	46.5692428900877	43.26002645923531	103.63534162214185	154.0389026203229	224.6694966258964	259.46534431106653	311.1173148786354	362.1454269444553	405.15724285536464	466.170245147796	517.5070552393936
61.584821106602604	0.43942107362865557	0.8745804564176085	1.3148990007905943	1.4664544375600668	1.834192688539938	2.634487206184958	3.0671072365661773	3.518318970477066	3.9311604978618093	3.6665423618291353	7.3246513540443114	13.22531132943916	17.605226207990786	22.028654373441054	26.292014722837507	30.810301701872934	35.213424127824105	39.5259135790372	44.04657022256306	88.32269325347515	132.35357643525248	175.28344049709978	201.4358934865706	263.0461924383915	305.5826619620643	352.1374411861984	396.66034180771425	438.381275941527
100.0	0.3739165509245792	0.7467091824822013	1.0956091560196355	1.3738790710947077	1.8742949313011459	2.2493947124691425	2.6130307890491244	2.4872170753036498	3.366787788815144	3.7473994309012513	7.482923201287993	11.238588780710742	14.940920689847417	15.623116959769188	22.423389239805466	24.053743941714846	29.973325777717264	33.561541841867125	31.15973916059841	74.662983785919	111.72362645793793	150.00433776708502	187.23859557728622	187.1437360826456	261.29854811701813	299.4495213802733	280.6566188982977	373.5034972711143
