	1	2	3	4	5	6	7	8	9	10	20	30	40	50	60	70	80	90	100	200	300	400	500	600	700	800	900	1000
0.01	5.697094156977297	11.376218356112256	17.087110070406798	22.757780958979563	28.439362472693816	34.181716240061064	39.88381999111748	45.54046625030629	51.189122906524005	56.920448654593336	113.90309874121886	170.64543026961346	227.4778879460875	284.5128737493013	341.50847573635843	398.4197847727579	455.13165069884434	512.7859792415691	569.7807878629264	1138.2052150872578	1708.4953142494214	2275.881704509282	2848.3997044588073	3417.62115262525	3984.238501206162	4551.358072534081	5120.13234002192	5690.294858710077
0.016237767391887217	4.840475615532282	9.688145315070791	14.518368478449775	19.36021414887482	24.20850438238407	29.068326727303944	33.87141031104729	38.71618051860909	43.53889084175944	48.46080026019401	96.90848626026768	145.20743662415603	193.61967738653613	242.18054524174275	290.4279003091677	339.36730430350104	387.23703731837793	435.68186952027673	483.7233876587003	967.6948983342193	1453.259773671894	1937.8944647371882	2422.967761547227	2907.5421704501614	3391.4560097901035	3874.041909805641	4361.361427596778	4851.932363404308
0.026366508987303583	4.122064617389972	8.233376718126095	12.369756858508113	16.472870085934506	20.641070503501336	24.759610425641426	28.84618445919514	32.97894311873532	37.07612979803316	41.18949763860273	82.47353429224854	123.68524638677795	165.00975395446164	205.8270467488269	247.30008150736785	288.7584605835757	329.28331065374994	371.0313833388054	411.78685453171346	824.128323646512	1235.2338072082655	1646.2981059838498	2058.2163413631697	2470.5488126626296	2884.926862322701	3292.660219017247	3712.5444144621533	4120.181513554725
0.04281332398719394	3.50736487685524	7.02205155334935	10.53303174620023	14.009175262599802	17.562616655644273	21.07226318870685	24.56256778974593	28.023192057923588	31.5693557807791	35.025028424861155	70.12655948573016	105.18466503505458	140.37777387681456	175.28632515291847	210.30905273199608	245.18008681723114	280.7135066507144	315.7723532861326	350.4392335399459	700.461803653114	1051.1509433387916	1403.5044645149371	1752.3131410182448	2101.1804480440533	2455.6600396389927	2813.448956877035	3157.4963249839093	3512.890360408094
0.06951927961775606	2.9854276577143617	5.965626334682799	8.948872007099633	11.92197285708845	14.915496959652323	17.900547219804874	20.90422261037942	23.861530177857333	26.823182452857342	29.80723777562032	59.623592625266	89.54757479293659	119.39496834318207	149.19474678891996	178.8743311493484	208.7460521358495	239.21865817095056	268.1492969671769	298.35270284375616	596.9045233709589	895.3898233678749	1195.1171298655922	1492.6792936688287	1787.852343204897	2088.963203332047	2387.94936456197	2685.728867475647	2986.8024452459044
0.11288378916846889	2.5392673519116635	5.088992873701055	7.617031509973766	10.140764157240087	12.68759862131287	15.211266160727755	17.75942423289948	20.311360374813727	22.87714883224871	25.392950937097346	50.79835586857167	76.09671932196682	101.46563373377853	126.91605097153978	152.15804813574425	177.59231532840528	203.2696635284412	228.72579746042982	253.74250315450243	508.0403215084518	762.3626890292566	1015.5651412690155	1269.652973148061	1523.295963510964	1775.289488713172	2031.287424492606	2285.4668579538343	2538.8206830377735
0.18329807108324356	2.158560595196113	4.323623026038512	6.469653099485172	8.659450423624266	10.806212264848423	12.940532374364507	15.098498542303803	17.31241686876649	19.44293525568232	21.60449661681265	43.21830462767189	64.90738784042045	86.47543150270573	107.99340853510374	129.77020151229556	151.51611643795994	173.232175465701	194.11211880264958	215.91649022407537	432.18918549920073	648.4065896233766	866.4189631974536	1079.2164035397764	1297.3305623850467	1511.3983038788099	1728.6567769567282	1948.9593986707769	2169.1008346267813
0.29763514416313175	2.2935021067159984	4.572026610049872	6.930894353618363	9.2607451609371	12.5673478947735	14.876776218024501	15.93564476981083	18.15497572965075	20.90694144573442	22.936740183271603	46.22010235653315	75.09398853518815	100.03265911084455	114.4149513980522	137.6337265756071	160.00716322676465	184.08176267006405	208.34406937364486	228.38088107017666	461.81260804974073	732.5728832103937	924.2826590817662	1218.6065378399007	1381.747387772957	1602.1537073014742	1850.573983177815	2086.4823761880216	2300.8538361354576
0.4832930238571752	2.8016503045956442	5.709178196427712	8.11088071479503	10.903914336501984	13.997610448965755	16.526951772092357	19.984826153739046	22.021232011965726	25.442372595370905	28.078278384585666	55.390619478875706	83.84343399107208	108.45963379334768	138.9651355599069	170.27983684270413	195.68121087339802	224.85948096395632	255.2444773091392	282.50326035529656	562.5377411536858	840.5659112518726	1136.2202701263982	1430.5491400370825	1682.79612281548	1955.1203212722648	2213.8760621526235	2556.6157919360653	2777.391606694998
0.7847599703514611	2.171642243296303	5.4799715076763	8.186867684303976	10.953142896874798	14.043340370933677	16.311848346986004	19.453199167471077	22.17434272483944	25.300594710840848	27.264136807702258	56.545616807388406	82.72509555900938	112.58428252838493	140.61808511519115	165.14316811828	191.75819889828594	225.5807515579246	248.2168905486402	279.632886743638	550.750746111561	832.4218666018475	1130.5215612481086	1395.5585440241634	1682.8449471999083	1917.1620480716142	2208.460024561395	2527.298004209498	2869.7820796263427
1.2742749857031335	2.591800954273109	4.958755603480869	7.575851240146377	10.763305246992571	13.040583854089943	15.271526232826748	18.161098092072184	21.085636710496942	23.843861403065304	26.164279851649002	53.290928320535386	76.66192978634282	101.86665165910992	132.2923409796147	152.46996349398228	174.84800377692994	199.68167068059608	231.88391603657413	252.37592222452824	524.209289296004	766.6504309365955	1033.5793535176779	1267.8566075606182	1543.8365912858096	1796.775313320327	2053.481619263015	2291.7651429181733	2611.633999284812
2.06913808111479	2.4864926673371404	4.963922413265069	7.934808709041618	10.445729474524509	12.438307457198222	15.158895265121608	18.523608778820343	21.293122621821677	22.391826088755654	24.67192611129146	54.38468516691199	80.38364428856453	103.77151683952533	124.74259662134149	157.64667287410705	186.21861578567487	212.80732891498008	221.88969986652793	248.90327215295565	514.6037228872506	793.9136207019966	1043.401659224293	1244.2967106826038	1604.8994480840763	1805.9574448946307	2182.5848342833865	2409.4529088894988	2577.4470945412418
3.359818286283781	3.6069818335312362	6.760521206334557	10.148678379251827	14.225185874054382	17.82102147242266	21.31822090489673	24.746774574475523	27.089778512892856	29.995297054420316	33.43194089221488	72.34696404591932	100.07632768480337	143.26986870549777	170.3785521181229	207.11230241348667	238.7694394158549	270.6816974498465	299.97873859769203	344.2528524827194	684.2135936739802	1013.3940538894017	1347.9584669192066	1675.5728219368666	2142.182211946245	2310.9612976694384	2705.4295589602543	3011.14431498362	3389.7455086145346
5.455594781168514	4.609217569042188	9.906028180869153	14.549924787260672	19.54288079163531	24.109848662003706	27.446610903283997	32.460870019331935	38.80416843813457	41.945107966565544	46.448190370348094	94.16174322766312	147.17386686804943	202.0615444127871	230.60940978486184	281.2434405215368	324.6669817181505	394.707433494807	409.9091034454575	460.8089080413019	938.654006494616	1420.9468749541286	1950.4220606671413	2454.672918685452	2961.188360295615	3462.7087930246844	3687.001388424597	4420.1523592566045	4881.674277409662
8.858667904100823	6.833692420757175	12.578680919958018	19.58090248895813	27.000093115865308	31.95079255368247	41.10830813551903	46.81237115518923	51.70550579800638	56.8684001791397	68.99855163808948	127.79973280434169	198.31637015686022	271.9004235778745	345.5345226521006	387.5259970365888	472.64571071314424	545.1785683047661	602.8954581212931	665.7189610150297	1321.910325329515	1934.4273897353646	2532.9686731783027	3413.4680015109166	3882.140964038127	4799.413759471674	5149.768520197089	5768.571448042641	6358.845174021435
14.38449888287663	9.435410462437225	18.632619728185837	27.247844228310125	34.852385656855155	44.41098659003311	54.229419290728735	65.72219723463188	76.40559167334553	82.60579973183911	88.1345312791546	177.52465548501152	281.4052829118533	362.32173800120654	469.43538457638726	556.5594540202354	656.2803283207928	740.8712805401927	853.2762207666522	876.2244514808992	1823.4965094132585	2829.4091135027165	3841.925518718294	4715.97707663992	5575.750375540965	6561.218732315953	7485.537880577755	7846.92500254189	9291.605251810399
23.357214690901213	13.23942064981028	24.89592914797694	38.46673166566985	52.18651167836293	64.9378576808158	78.2206385701634	91.87506583321006	97.93004540175946	111.4517450540711	131.62344724947408	266.07204730124386	389.3619436963497	524.0828231353659	652.0121987258372	724.6297876533694	851.6146586210145	1050.8590022151125	1085.2027021759777	1015.5414674112131	2601.65221949853	3886.15454468656	4901.12157035549	6524.997331905501	7809.330460429116	8988.711499266883	10548.848463413648	11197.952753720427	13020.216248576768
37.92690190732246	18.017131526186517	35.73649059810419	51.96924134890249	73.17137908836318	89.28448797210751	108.380859572556	121.01437493330373	135.72209998720538	151.82807715658387	178.7119096935961	357.42359812645094	530.5121656893513	734.1203836090306	864.7160775862405	1065.4314596391414	1280.676667909649	1418.9333040896427	1576.242638833421	1747.9131642683049	3438.610347603083	5392.901580740438	7257.791946064022	9136.224193327558	10244.602401388125	12067.522146311438	13667.229625656093	16611.23936648578	18380.707184439983
61.584821106602604	23.952016450843878	49.984049887874946	73.21542016649377	93.75062529717982	119.53685005493719	141.95000104801196	175.6050919252031	190.78513707594055	209.69519912820533	236.5281112790616	507.6205052943222	756.1325617809193	947.9107162765841	989.9292236070087	1442.4725912713952	1748.4253471561383	1954.507381296527	2120.1982716545485	2355.689686897631	4628.945187265611	7514.421835568519	9516.843830731565	12909.191573586399	14107.472486594746	16479.604147655165	19743.608681708756	22555.413206519494	24779.26732851972
100.0	32.643041964360755	64.85702671963547	97.93661717232057	131.19906588461964	173.4715238184243	192.42384713500303	233.85086283472947	259.5133908056719	292.7387904705016	326.0966426902417	650.3205918521817	1032.1375497995525	1309.5622772077231	1700.4066074169566	2072.0449084539455	2408.1131857299433	2568.4510384802497	3068.422124061244	3443.9974031672928	6896.83913157306	9815.555548767456	13893.11143128222	17404.775916338873	20848.353429425	24539.644603537017	26004.845211050433	31236.06216008628	34792.80579929544
