	1	2	3	4	5	6	7	8	9	10	20	30	40	50	60	70	80	90	100	200	300	400	500	600	700	800	900	1000
0.01	0.14250342207726358	0.2826723963107265	0.41565615333996864	0.5548481979214034	0.7045665646012533	0.8497740617976004	0.9771356420414878	1.1350119394197014	1.2619037878134172	1.4282800130699767	2.842149682773599	4.240713757355072	5.740275611258128	6.97567715225452	8.42226582302291	9.801450478301547	11.327939101674168	12.553608184316973	14.103676034458354	28.295273677978404	41.33959054863542	55.57013595714162	70.58325238490607	85.67804728105769	99.38981099587119	112.409240967527	124.82200734771325	139.63174251700295
0.016237767391887217	0.19884274272101257	0.3921885987445597	0.6021568382401928	0.7811785329033046	0.993246951710698	1.1791029404820628	1.3648252754506085	1.611414596768324	1.7840695738013908	1.9909417640687688	3.93708696963539	5.762742324149451	7.872919603244488	9.954086958002652	11.83019850681983	13.889092097594173	15.609004346010273	18.004822771032813	19.857396338247252	39.61736353503764	59.592282893111694	78.46256623815509	98.47500984932198	118.86409093772382	136.4927963609666	156.38938019062903	176.739769303299	197.25782967029318
0.026366508987303583	0.2784824137455118	0.5527125269685168	0.8340286707214087	1.1036893479607772	1.393574750261276	1.6635843400362076	1.9606528761205073	2.2169967137597206	2.513873678326559	2.8290700780742943	5.641495678595395	8.468845733334508	11.400108975044997	13.96206916615422	16.665364396119575	19.804419914721493	22.407357596344745	25.19305126522423	28.07492558942831	56.380873927220044	83.24918793932346	112.49789309556412	138.34307768156057	167.1151877326622	194.39955156433487	220.10499993265782	251.0430052641971	286.2945285999042
0.04281332398719394	0.38070900051377865	0.7804371743328447	1.1731288453429616	1.5612182039448945	1.9191535292421489	2.3167443118652833	2.7194820907834645	3.1257480579380954	3.4690145071192644	3.8092045166034616	7.640350301452037	11.403602782984882	15.657101943780278	19.244564924361974	23.336970933503352	27.216151288107515	30.871436770368035	34.65227238196273	38.412602371739354	78.16403691557342	117.14975754955017	151.18445919816125	191.49893651884608	231.50910861475023	265.66868425431926	301.89752300198785	338.5117609779983	383.70912449144197
0.06951927961775606	0.5376363317235366	1.0410154891442862	1.6002351407990787	2.123439963294076	2.714581170440214	3.2373766084981996	3.7229331111761894	4.2960873999550895	4.802188545060333	5.264561380171478	10.585837164886792	15.912681745410424	21.52936166856052	27.01592932028266	31.818415922682906	37.55195361116868	42.92449642214823	47.740066862651815	53.1367131448683	104.18482406459373	159.41755695595066	211.05446054872058	263.9816859545522	320.205259084989	370.9771806202374	422.0806758335846	475.0276589673777	525.6008081582073
0.11288378916846889	0.7435682208165637	1.4859239943735987	2.2388547451699043	2.927961487870613	3.65698845368527	4.508584063835394	5.238844918528579	5.962110961800468	6.64416128243477	7.37431152562154	14.732212933759563	22.24298889745966	29.412852742047736	36.44721912544729	44.69914696870685	51.79503436605343	59.20215174929855	65.57677934337111	73.9780046893874	150.22020023829117	221.29040852244287	291.0004683588041	368.5030663370135	436.32052034366166	517.1414561523485	589.098349452724	664.7013236105398	744.431363659118
0.18329807108324356	1.0018884365742304	2.0145837687634427	3.0537604308954496	4.062930268630002	5.201819440394519	5.888366898668902	7.108349325744381	8.046087996234137	9.091050455191015	10.198943628579306	20.01706243209059	30.259526463091138	39.66705934270508	51.75825501228201	60.981197131847026	70.64496992754624	78.88533444323971	90.45054956604085	100.87267989937833	200.7111378967206	300.3559872238204	401.82843566489237	511.274416017421	606.1602485171661	705.2867786919559	798.6457076964441	895.5887476497188	1005.8402384204408
0.29763514416313175	1.2646697251211632	2.533734448884858	3.7990718489158812	5.051046977703038	6.1838961366923675	7.499675262573052	8.814590962410385	10.127728208421319	11.41087421319817	12.679524162765638	24.972522211515177	37.7281597983902	50.09667231627141	62.90642688807432	75.81105962317126	89.2495162656972	99.5724526077946	111.91336207918226	126.96259089613858	254.3093487946729	378.35916137893923	501.00772243478986	627.505593668628	748.2854846653536	877.7071702707264	1015.1089578509125	1119.7654049915616	1254.9246167018991
0.4832930238571752	1.3639729674462333	2.736290559756366	4.151668733483464	5.4880329800387795	6.831182695555194	8.258646511690513	9.603077471851584	11.053294850104615	12.414886341972707	13.606281219618465	27.493226152417325	40.580086793937184	55.01676629294997	68.25901253947595	81.70339579176532	95.43158114932868	109.73365530662925	123.91312602718581	137.77955205481214	277.40262494036637	412.78843342190135	553.3086155301497	677.4859163684332	817.319575912471	964.2595646643879	1108.2890359009925	1238.3899320858081	1359.0031559677
0.7847599703514611	1.4978110124241044	2.9784383930570404	4.495542336171123	5.97458999965602	7.451397689876013	8.957980611739497	10.472328232150387	11.951371331371638	13.442948159145296	14.97685016479129	29.87808734069741	44.929689017298415	59.78185790886699	74.91951902801894	89.57877222616243	104.61302856383088	119.56206558546646	134.4997451998165	149.36886186561017	298.5882332088962	447.24327561111187	596.7686515491986	747.3927229828439	897.9830676842555	1044.9305824000796	1196.2167745387305	1346.0882612233697	1494.783038308705
1.2742749857031335	1.5374696657351432	3.0807710323869553	4.61752197649209	6.154364673184875	7.684778469976918	9.207799803023228	10.73671395461023	12.205613375952963	13.76557747777994	15.31382993357116	30.762319831825558	46.27901434247387	61.27898954858962	76.5153894004528	92.1488815051496	107.45627451135512	122.33581375442319	138.6332875926816	154.62805051530842	306.8279696506191	458.3822382052302	615.93337788848	769.5392173018929	918.4622342163592	1070.8893622035773	1227.2690935482146	1376.6567538549657	1533.9227740122208
2.06913808111479	1.563331932631411	3.1251915599374	4.725106687838739	6.236963246388881	7.698627449535279	9.321735296036199	10.820826950421628	12.38790197542514	14.094126359706818	15.52729696790116	30.92735060098734	46.77966875436726	61.48588525098033	77.09667395672021	92.569242722817	108.45124813778229	123.22938013207221	140.8375725594523	153.84371304443465	310.30895372340717	466.2336779835373	617.4533220837595	768.7687167131862	932.7704580689402	1094.3468030210192	1247.0716209407262	1411.1567630842922	1553.0734999292517
3.359818286283781	1.4232966164628527	2.9054449218253025	4.3367066513164465	5.664919408828841	7.1975850386715425	8.545434081873024	10.085902084334288	11.394315654359525	13.181357481313196	14.506852408513799	28.227857137452254	43.41689408315998	57.534396817189	71.5428252969088	86.50953561887214	100.49264487942457	116.71644737804263	130.52579413392883	143.93276585546687	281.1471331063235	434.8797989420292	576.7820047170763	725.0683888215373	861.1984784977175	1024.9332616058584	1153.9125438774474	1299.6643974656201	1425.2480275842443
5.455594781168514	1.2258659051754084	2.4566731502904005	3.7397532339913506	4.936350013468855	6.209785088712658	7.6383970979537406	8.793516952014272	9.870677441368276	11.068784049311322	12.366319927559028	24.55436489152929	36.87859329764812	49.14177141818987	62.94701618664157	75.91798733254505	86.08175296695836	99.22125429407409	113.19647858493481	124.36335565303428	251.32555330892646	371.01196834918215	498.3878737075827	619.7066220339477	743.0849109614427	881.6658547733809	1006.7747110985488	1108.9110061505032	1265.421342522798
8.858667904100823	1.0158568315847334	2.0707260801793144	3.089253585691932	4.133540195563845	5.163986474650018	6.2148867378058235	7.231533173864066	8.12298842344962	9.26263553037729	10.466761742375237	20.826285177409087	30.7520127380071	40.80943454606811	51.16859048729356	61.337934535204184	71.98424712084064	82.97912564236267	93.18853501950124	103.8263294196259	206.45262237355954	306.8354906005815	417.6373571591159	517.5852420944518	619.7334613340334	723.5852104606861	830.0369859070008	928.4145907276826	1023.155609757081
14.38449888287663	0.8652272587688915	1.7199436882526085	2.5521585272434626	3.4915693731494533	4.257918243590054	5.072854556744935	6.077593547970896	6.879250067926718	7.756935655031986	8.581267810098755	16.84330123207344	25.850263450214218	33.84946352138497	43.25710099568017	51.552492071158184	59.38232686256728	68.44214129570838	77.50712451690727	85.95721398898601	168.36250131587954	257.0394466907377	344.54616525433477	419.57933337676485	511.3272382981138	608.7846965808361	667.1542301665181	773.1084257801685	866.4289893348591
23.357214690901213	0.7107040592636897	1.4344987897682693	2.116717275762173	2.8600093277987466	3.5733236101328156	4.261380748447964	5.002821318919278	5.7500316558964	6.353833536247886	7.071933213578894	13.998128097501816	21.180506631863366	28.1826054819122	35.43554321236702	42.95384043384279	50.80488293549431	56.56111919195649	63.68900107830814	70.48468195650693	142.27863677521464	214.26348639953616	287.69544219573226	354.769980226741	424.46941954159723	503.04365998016476	558.9210225016641	637.4492267299531	703.8987004981477
37.92690190732246	0.59505872696921	1.1811779057752272	1.781042904442792	2.3735726296979807	2.96058441337284	3.495165267389001	4.099996085972074	4.712003103018998	5.447561965438454	5.951943055298792	11.820545761384004	17.814227156058116	23.576525690891785	28.759295977018713	35.45941986327508	41.47970058282303	47.60144403588125	53.41675737156317	58.35083697316653	118.18503770076646	180.11836878515325	242.14883262233178	299.54353223295635	359.01178336407327	410.6087071899823	470.43963017051436	530.4911048349833	593.2533261845397
61.584821106602604	0.4959505738062084	0.9854461964148649	1.5020539635124575	1.9857764162170064	2.500299956775615	2.995917864305852	3.45255089468323	4.008084570025031	4.464264011766749	4.827432932448331	9.875272957463103	15.040787951926832	19.89615770094872	24.80746903080401	29.947232994203876	34.56192840980141	40.31055406891325	45.111956850643125	50.224341064462955	99.69766357449792	150.22202145496087	197.88004709285042	245.9050033191677	298.17450589950306	345.9016045642756	400.6355971311087	440.9394225501834	494.00871051679326
100.0	0.4180083058831749	0.8356217340423127	1.2579668902150467	1.6573282880572744	2.118200531832946	2.510111480342804	2.9691466775224473	3.3284976434980114	3.7516202920389348	4.249868090074385	8.480575197027006	12.749846099098868	16.948030535752764	20.684797295921545	25.125804932769867	29.314677099795304	33.773791318708014	37.59350440730917	41.96890109458059	82.98873415771551	126.30823008074265	167.19842084638864	210.29381898689064	249.7640264594357	291.4446993561077	337.4495450602666	380.0485973636627	415.719103435931
